0.0
0.0
0.0
0.0
0.0
0.0
0.0
0.0
0.0
0.0
0.0
0.0
0.0
0.0
0.0
0.0
0.0
0.0
0.0
0.0
0.0
0.0
0.0
0.0
0.0
0.0
0.0
0.0
0.0
0.0
0.0
0.0
0.0
0.0
0.0
0.0
0.0
0.0
0.0
0.0
0.0
0.0
0.0
0.0
0.0
0.0
0.0
0.0
0.0
0.0
0.0
0.0
0.0
0.0
0.0
0.0
0.0
0.0
0.0
0.0
0.0
0.0
0.0
0.0
0.0
0.0
0.0
34.948157902803324
34.90001318033349
0.0
0.0
0.0
0.0
0.0
0.0
0.0
0.0
0.0
0.0
0.0
0.0
0.0
0.0
0.0
0.0
0.0
0.0
0.0
0.0
0.0
0.0
0.0
0.0
0.0
0.0
0.0
0.0
0.0
0.0
0.0
0.0
0.0
0.0
0.0
0.0
0.0
0.0
0.0
0.0
0.0
0.0
0.0
0.0
0.0
0.0
0.0
0.0
0.0
0.0
0.0
0.0
0.0
0.0
0.0
0.0
0.0
0.0
0.0
0.0
0.0
0.0
0.0
0.0
0.0
0.0
0.0
0.0
0.0
0.0
0.0
0.0
0.0
0.0
0.0
0.0
0.0
0.0
0.0
0.0
0.0
0.0
0.0
0.0
0.0
0.0
0.0
0.0
0.0
0.0
0.0
0.0
0.0
0.0
0.0
0.0
0.0
0.0
0.0
0.0
0.0
0.0
0.0
0.0
0.0
0.0
0.0
0.0
0.0
0.0
0.0
0.0
0.0
0.0
0.0
0.0
0.0
0.0
0.0
0.0
0.0
0.0
0.0
0.0
0.0
0.0
0.0
0.0
0.0
0.0
0.0
0.0
0.0
0.0
0.0
0.0
0.0
0.0
0.0
0.0
0.0
0.0
33.651090713432886
0.0
0.0
0.0
0.0
0.0
0.0
0.0
0.0
0.0
0.0
0.0
0.0
0.0
0.0
0.0
0.0
0.0
0.0
0.0
0.0
0.0
0.0
0.0
0.0
0.0
0.0
0.0
0.0
0.0
0.0
0.0
0.0
0.0
0.0
0.0
0.0
0.0
0.0
0.0
0.0
0.0
0.0
0.0
0.0
0.0
0.0
0.0
0.0
0.0
0.0
0.0
0.0
0.0
0.0
0.0
0.0
0.0
0.0
0.0
0.0
176.87204486161698
0.0
178.99885770779093
163.64422936979327
152.6345420501462
144.12115319558828
135.57471388152578
0.0
132.25626987845388
134.0307086723272
135.964670289406
138.6207029180819
139.90455008133807
139.96998812372854
0.0
0.0
0.0
0.0
182.12447401647862
180.94477946843108
181.08132549164796
180.11878210175735
177.0981135714084
0.0
0.0
0.0
0.0
180.32291636368194
178.9096175978489
0.0
0.0
0.0
0.0
0.0
0.0
0.0
0.0
0.0
132.93071056607
132.75618634487824
132.47530833764597
131.19199169424948
129.15114314351274
128.58267726106862
128.41672588711512
128.4864016739432
128.26068550527717
127.30058575264322
126.10912001151416
126.0553713783078
127.06824128358336
129.0395485219322
131.0431082453333
132.4261654552963
133.5529477994663
134.17138423183013
134.14544015567702
133.74507976002576
132.61530957194816
0.0
0.0
0.0
0.0
0.0
0.0
0.0
0.0
0.0
0.0
0.0
0.0
0.0
0.0
0.0
115.3414058685033
115.05523561421177
114.59899989587393
113.92037493377289
112.78537960065722
111.67370395701104
110.54764161921484
109.57899509685197
108.74370533624534
106.87315891238012
104.3504728210942
101.93798096689252
99.7755493929426
98.38306899707013
97.94091984882952
97.98832494493753
98.25899187306545
98.80264994335035
99.67827051107287
100.82360526173106
102.03563818542342
103.05018295430659
103.44759242223572
103.73209455686244
103.91854072334263
104.15737151171055
104.25575473649481
104.09277716647024
103.74629989589685
103.2636669356995
102.62686489508613
101.8670599744536
100.90820090368325
99.4651774948048
98.21668023847107
96.9314742683094
95.2894461381385
93.96776851175275
93.15472525747018
92.56062813505585
92.29045354440987
91.80603836653596
91.62777281283667
91.94977635351903
92.37765019972734
92.7566335735261
92.8459358293124
92.47746572076481
0.0
0.0
0.0
0.0
0.0
0.0
0.0
0.0
102.8479017525008
0.0
0.0
0.0
0.0
0.0
0.0
0.0
0.0
0.0
0.0
0.0
0.0
0.0
0.0
0.0
0.0
0.0
0.0
0.0
0.0
0.0
0.0
0.0
0.0
0.0
0.0
0.0
0.0
0.0
0.0
0.0
0.0
0.0
0.0
0.0
0.0
0.0
0.0
103.75152400290695
103.4080184078204
0.0
0.0
0.0
0.0
86.85433371232901
86.28176019397995
0.0
0.0
0.0
0.0
115.47665447758075
112.06603404971011
111.25027361460351
110.89522646122035
110.82180175496515
111.36556169213031
111.44114935408639
111.03580986896299
110.75881016947318
0.0
0.0
128.0687677289097
127.13446695732054
125.71487103761562
124.46542828118777
123.49844261328738
122.46021797734298
121.22724363553944
119.83963307488582
117.82347721331865
0.0
110.56584091409717
0.0
0.0
0.0
0.0
0.0
0.0
0.0
0.0
0.0
0.0
0.0
0.0
0.0
0.0
0.0
0.0
0.0
117.35569392293
114.53762141351254
111.17573074417197
108.2912390886452
105.55780762509166
103.6830472706533
101.9112146331976
99.18671483067718
96.78689439937962
94.1567284411606
92.43985988296285
91.49272410257097
91.06264020441267
90.85760512082594
91.48606330726061
93.14322759870655
96.47314687011266
0.0
0.0
0.0
0.0
0.0
0.0
0.0
0.0
0.0
0.0
0.0
0.0
0.0
0.0
0.0
0.0
0.0
0.0
0.0
0.0
0.0
0.0
0.0
0.0
0.0
0.0
0.0
0.0
0.0
0.0
0.0
0.0
0.0
0.0
0.0
0.0
0.0
0.0
0.0
0.0
0.0
0.0
0.0
0.0
0.0
0.0
0.0
0.0
0.0
268.60412975492227
0.0
0.0
0.0
0.0
0.0
0.0
0.0
0.0
0.0
0.0
0.0
0.0
0.0
0.0
0.0
0.0
0.0
0.0
0.0
0.0
0.0
0.0
0.0
0.0
0.0
0.0
0.0
0.0
0.0
0.0
0.0
0.0
0.0
0.0
0.0
0.0
0.0
0.0
0.0
0.0
0.0
0.0
0.0
0.0
0.0
0.0
0.0
33.15404747575565
0.0
0.0
0.0
0.0
0.0
0.0
0.0
0.0
0.0
0.0
0.0
0.0
0.0
0.0
0.0
0.0
0.0
0.0
0.0
0.0
0.0
0.0
0.0
0.0
0.0
0.0
0.0
0.0
0.0
0.0
0.0
0.0
0.0
0.0
0.0
0.0
0.0
0.0
0.0
0.0
0.0
0.0
0.0
0.0
0.0
0.0
0.0
0.0
0.0
0.0
