0.0
0.0
0.0
0.0
0.0
0.0
0.0
0.0
0.0
0.0
0.0
0.0
0.0
0.0
0.0
0.0
0.0
0.0
0.0
0.0
0.0
0.0
0.0
0.0
0.0
0.0
0.0
0.0
0.0
0.0
0.0
0.0
0.0
0.0
0.0
0.0
0.0
0.0
0.0
0.0
0.0
0.0
0.0
0.0
0.0
0.0
0.0
0.0
0.0
0.0
0.0
0.0
0.0
0.0
0.0
0.0
0.0
0.0
0.0
0.0
0.0
0.0
0.0
0.0
0.0
0.0
0.0
0.0
0.0
0.0
0.0
0.0
0.0
0.0
0.0
0.0
0.0
0.0
0.0
0.0
0.0
0.0
0.0
0.0
0.0
0.0
0.0
0.0
0.0
0.0
0.0
0.0
0.0
0.0
0.0
0.0
0.0
0.0
0.0
0.0
0.0
0.0
0.0
0.0
0.0
0.0
0.0
0.0
0.0
0.0
0.0
0.0
0.0
0.0
0.0
0.0
0.0
0.0
0.0
0.0
0.0
0.0
0.0
0.0
0.0
0.0
0.0
0.0
0.0
0.0
0.0
0.0
0.0
0.0
0.0
0.0
0.0
0.0
0.0
0.0
0.0
0.0
0.0
0.0
0.0
0.0
0.0
0.0
0.0
0.0
0.0
0.0
0.0
0.0
0.0
0.0
0.0
0.0
0.0
0.0
0.0
0.0
0.0
0.0
0.0
0.0
0.0
0.0
0.0
0.0
0.0
0.0
0.0
0.0
0.0
0.0
0.0
0.0
0.0
0.0
0.0
0.0
0.0
0.0
0.0
0.0
0.0
0.0
0.0
0.0
0.0
0.0
0.0
0.0
0.0
0.0
0.0
0.0
0.0
0.0
0.0
0.0
0.0
0.0
0.0
0.0
0.0
0.0
0.0
0.0
0.0
0.0
0.0
0.0
0.0
0.0
0.0
0.0
0.0
0.0
0.0
0.0
0.0
0.0
0.0
0.0
0.0
0.0
0.0
0.0
0.0
0.0
0.0
0.0
0.0
0.0
0.0
0.0
0.0
0.0
0.0
0.0
0.0
0.0
0.0
0.0
0.0
0.0
0.0
0.0
0.0
0.0
0.0
0.0
0.0
0.0
0.0
0.0
0.0
0.0
0.0
0.0
0.0
0.0
0.0
0.0
0.0
0.0
0.0
0.0
0.0
0.0
0.0
0.0
0.0
0.0
0.0
0.0
0.0
0.0
0.0
0.0
0.0
241.810256958
240.598846436
242.429672241
241.508102417
236.875106812
233.129547119
231.354431152
0.0
0.0
0.0
0.0
0.0
0.0
0.0
0.0
0.0
0.0
0.0
0.0
0.0
254.642608643
248.149047852
244.558135986
239.039474487
234.76663208
229.11831665
223.309387207
218.68170166
210.98916626
0.0
0.0
0.0
0.0
0.0
0.0
0.0
0.0
215.733398438
223.477798462
227.240524292
232.111434937
231.406234741
226.903381348
224.825378418
215.980941772
0.0
0.0
0.0
0.0
278.424987793
278.500518799
281.247772217
284.868377686
286.206512451
291.02230835
297.471496582
306.712921143
310.351806641
310.331268311
306.077789307
289.554443359
0.0
0.0
0.0
0.0
0.0
0.0
0.0
0.0
0.0
0.0
0.0
0.0
0.0
248.050765991
247.793624878
243.26852417
232.953521729
227.944274902
223.941665649
223.101409912
223.224014282
226.950393677
229.449859619
229.9087677
232.33303833
233.380264282
231.91758728
230.902740479
228.561889648
225.70942688
226.932296753
230.216918945
231.932220459
233.771377563
234.536636353
239.674163818
242.545532227
243.037445068
244.262802124
242.673797607
0.0
0.0
0.0
0.0
0.0
0.0
0.0
0.0
0.0
0.0
0.0
0.0
0.0
0.0
0.0
0.0
240.348876953
240.320648193
242.669525146
243.767318726
247.885894775
251.632888794
253.006668091
252.022415161
251.043426514
247.252075195
238.280059814
226.38710022
216.829315186
206.452957153
199.208831787
196.448699951
196.319519043
196.96635437
201.646865845
202.856674194
204.493850708
203.821762085
201.727294922
199.903564453
198.716537476
198.106582642
197.95703125
196.939193726
198.030075073
198.809020996
199.258834839
199.543258667
199.278045654
197.919830322
197.647857666
197.410400391
197.232025146
197.312240601
197.579940796
197.626647949
197.258712769
197.642929077
198.593429565
198.266082764
200.478408813
200.953903198
198.350494385
197.349456787
191.835968018
187.313461304
187.135726929
0.0
0.0
0.0
0.0
0.0
0.0
0.0
0.0
0.0
0.0
205.352935791
204.691009521
202.96005249
199.292831421
196.495346069
196.345565796
193.41633606
192.925140381
192.593597412
185.937561035
184.538711548
181.669036865
182.863433838
183.558853149
0.0
0.0
0.0
0.0
0.0
0.0
0.0
210.516204834
210.001922607
209.676589966
208.373352051
208.497940063
208.198547363
208.629425049
208.857330322
206.887496948
199.379653931
191.339416504
187.305831909
187.795166016
197.429534912
221.70526123
220.191711426
220.38293457
214.716934204
211.610717773
207.128692627
203.825439453
201.848129272
201.726837158
201.825256348
201.709869385
201.410476685
201.964248657
202.747406006
202.568878174
202.184417725
197.490020752
196.356185913
0.0
0.0
0.0
0.0
0.0
0.0
0.0
0.0
0.0
0.0
0.0
0.0
0.0
0.0
0.0
0.0
0.0
0.0
0.0
0.0
0.0
0.0
200.416229248
199.760681152
195.903518677
192.891998291
189.350143433
184.612045288
182.998062134
182.679550171
181.690567017
178.976547241
176.981491089
176.184951782
175.705078125
174.952819824
173.353897095
172.61390686
174.068939209
0.0
0.0
0.0
0.0
0.0
0.0
0.0
0.0
0.0
0.0
0.0
0.0
0.0
0.0
0.0
0.0
0.0
0.0
0.0
0.0
0.0
0.0
0.0
0.0
0.0
0.0
0.0
0.0
0.0
0.0
0.0
0.0
0.0
0.0
0.0
0.0
0.0
0.0
0.0
0.0
0.0
0.0
0.0
0.0
0.0
0.0
0.0
0.0
0.0
0.0
0.0
0.0
0.0
0.0
0.0
0.0
0.0
0.0
0.0
0.0
0.0
0.0
0.0
0.0
0.0
0.0
0.0
0.0
0.0
0.0
0.0
0.0
0.0
0.0
0.0
0.0
0.0
0.0
0.0
0.0
0.0
0.0
0.0
0.0
0.0
0.0
0.0
0.0
0.0
0.0
0.0
0.0
0.0
0.0
0.0
0.0
0.0
0.0
0.0
0.0
0.0
0.0
0.0
0.0
0.0
0.0
0.0
0.0
0.0
0.0
0.0
0.0
0.0
0.0
0.0
0.0
0.0
0.0
0.0
0.0
0.0
0.0
0.0
0.0
0.0
0.0
0.0
0.0
0.0
0.0
0.0
0.0
0.0
0.0
0.0
0.0
0.0
0.0
0.0
0.0
0.0
0.0
0.0
0.0
0.0
0.0
0.0
0.0
0.0
0.0
0.0
0.0
0.0
0.0
0.0
0.0
0.0
0.0
0.0
0.0
0.0
0.0
0.0
0.0
0.0
0.0
0.0
0.0
0.0
0.0
0.0
0.0
0.0
0.0
0.0
0.0
0.0
0.0
0.0
