0.0
0.0
0.0
0.0
0.0
0.0
0.0
0.0
0.0
0.0
0.0
0.0
0.0
0.0
0.0
0.0
0.0
0.0
0.0
0.0
0.0
0.0
0.0
0.0
0.0
0.0
0.0
0.0
0.0
0.0
0.0
0.0
0.0
0.0
0.0
0.0
0.0
0.0
0.0
0.0
0.0
0.0
0.0
0.0
0.0
0.0
0.0
0.0
0.0
0.0
0.0
0.0
0.0
0.0
0.0
0.0
0.0
0.0
0.0
0.0
0.0
0.0
0.0
0.0
0.0
0.0
0.0
0.0
0.0
0.0
0.0
0.0
0.0
0.0
0.0
0.0
0.0
0.0
0.0
0.0
0.0
0.0
0.0
0.0
0.0
0.0
0.0
0.0
0.0
0.0
0.0
0.0
0.0
0.0
0.0
0.0
0.0
0.0
0.0
0.0
0.0
0.0
0.0
0.0
0.0
0.0
0.0
0.0
0.0
0.0
0.0
0.0
0.0
0.0
0.0
0.0
0.0
0.0
0.0
0.0
0.0
0.0
0.0
0.0
0.0
0.0
0.0
0.0
0.0
0.0
0.0
0.0
0.0
0.0
0.0
0.0
0.0
0.0
0.0
0.0
0.0
0.0
0.0
0.0
0.0
0.0
0.0
0.0
0.0
0.0
0.0
0.0
0.0
0.0
0.0
0.0
0.0
0.0
0.0
0.0
0.0
0.0
0.0
0.0
0.0
0.0
0.0
0.0
0.0
0.0
0.0
0.0
0.0
0.0
0.0
0.0
0.0
0.0
0.0
0.0
0.0
0.0
0.0
0.0
0.0
0.0
0.0
0.0
0.0
0.0
0.0
0.0
0.0
0.0
0.0
0.0
0.0
0.0
0.0
0.0
0.0
0.0
0.0
0.0
0.0
0.0
0.0
0.0
0.0
0.0
0.0
0.0
0.0
0.0
0.0
0.0
0.0
0.0
0.0
0.0
0.0
0.0
0.0
0.0
0.0
0.0
0.0
0.0
0.0
0.0
0.0
0.0
0.0
0.0
0.0
0.0
0.0
0.0
0.0
0.0
0.0
0.0
0.0
0.0
0.0
0.0
0.0
0.0
0.0
0.0
0.0
0.0
0.0
0.0
0.0
0.0
0.0
0.0
0.0
0.0
0.0
0.0
0.0
0.0
0.0
0.0
0.0
0.0
0.0
0.0
118.498184204
115.260215759
113.161026001
108.823913574
107.182037354
94.7679443359
0.0
0.0
0.0
0.0
0.0
0.0
0.0
0.0
0.0
0.0
0.0
0.0
0.0
118.959114075
117.324440002
115.885566711
114.64780426
114.040077209
113.821273804
114.021034241
115.270362854
116.339614868
118.234985352
119.347076416
120.395118713
121.133773804
122.083198547
122.576965332
124.668212891
127.582954407
130.529403687
130.019165039
131.882217407
152.141494751
136.658477783
136.534378052
135.122116089
133.58531189
132.160202026
130.861465454
130.052001953
130.531234741
130.444778442
131.566650391
129.992767334
128.907318115
127.053939819
126.150642395
124.718605042
118.269416809
0.0
0.0
0.0
0.0
0.0
0.0
0.0
0.0
0.0
0.0
0.0
0.0
0.0
114.927185059
114.974899292
114.302505493
114.505783081
113.958053589
113.97518158
113.990501404
114.154800415
113.90839386
113.338783264
113.000923157
112.273979187
112.551841736
112.280731201
112.461616516
111.155540466
109.664291382
107.267700195
104.596046448
102.209976196
102.828285217
105.496360779
107.08631134
107.46131897
106.663963318
106.417709351
105.842475891
104.85320282
104.031341553
101.575706482
100.283454895
0.0
0.0
0.0
0.0
0.0
0.0
0.0
0.0
0.0
0.0
0.0
0.0
0.0
0.0
0.0
0.0
0.0
118.480155945
116.973373413
116.387626648
115.892868042
115.397209167
115.037879944
114.505859375
114.152107239
114.320243835
114.556404114
113.87902832
112.280708313
107.264480591
106.070861816
105.130065918
123.235015869
117.666313171
115.148094177
112.544090271
110.880775452
107.879447937
100.734725952
0.0
0.0
0.0
0.0
0.0
0.0
0.0
0.0
0.0
0.0
0.0
0.0
0.0
0.0
121.666038513
117.893936157
114.020759583
109.271530151
107.381034851
106.897651672
107.382514954
105.947463989
105.227416992
105.51386261
105.919509888
105.827407837
106.450004578
106.747810364
107.450485229
108.391395569
109.30254364
110.113967896
110.015815735
109.901519775
109.375831604
109.304588318
109.46321106
109.884841919
110.523674011
111.588691711
112.482498169
113.151954651
113.338043213
112.912971497
112.311683655
111.383178711
110.636482239
109.065734863
108.023002625
107.075386047
98.7725982666
95.713722229
0.0
0.0
0.0
0.0
0.0
119.551063538
116.538345337
104.935958862
104.485786438
103.073471069
102.656959534
101.570419312
101.627975464
100.830131531
100.491539001
99.6655654907
99.6328125
98.943977356
99.2754364014
99.54737854
99.5269622803
99.1676330566
98.7358627319
99.1694335938
98.4529266357
95.9911804199
93.0829086304
91.6529388428
88.3606262207
87.7790908813
0.0
0.0
0.0
0.0
0.0
0.0
0.0
0.0
0.0
0.0
0.0
105.669052124
103.826148987
100.940551758
98.4495010376
96.1773834229
95.9248962402
96.1741027832
0.0
0.0
0.0
0.0
0.0
0.0
0.0
0.0
0.0
0.0
0.0
0.0
0.0
0.0
0.0
110.325004578
110.06061554
108.008560181
106.133827209
0.0
0.0
0.0
0.0
0.0
0.0
0.0
0.0
0.0
0.0
0.0
0.0
0.0
0.0
0.0
0.0
0.0
0.0
0.0
0.0
0.0
0.0
0.0
0.0
0.0
0.0
0.0
0.0
0.0
0.0
0.0
0.0
0.0
0.0
0.0
0.0
0.0
0.0
0.0
0.0
0.0
0.0
0.0
0.0
0.0
0.0
0.0
0.0
0.0
0.0
0.0
0.0
0.0
0.0
0.0
0.0
0.0
0.0
0.0
0.0
0.0
0.0
0.0
0.0
0.0
0.0
0.0
0.0
0.0
0.0
0.0
0.0
0.0
0.0
0.0
0.0
0.0
0.0
0.0
0.0
0.0
0.0
0.0
0.0
0.0
0.0
0.0
0.0
0.0
0.0
0.0
0.0
0.0
0.0
0.0
0.0
0.0
0.0
0.0
0.0
0.0
0.0
0.0
0.0
0.0
0.0
0.0
0.0
0.0
0.0
0.0
0.0
0.0
0.0
0.0
0.0
0.0
0.0
0.0
0.0
0.0
0.0
0.0
0.0
0.0
0.0
0.0
0.0
0.0
0.0
0.0
0.0
0.0
0.0
0.0
0.0
0.0
0.0
0.0
0.0
0.0
0.0
0.0
0.0
0.0
0.0
0.0
0.0
0.0
0.0
0.0
0.0
0.0
