0.0
0.0
0.0
0.0
0.0
0.0
0.0
0.0
0.0
0.0
0.0
0.0
0.0
0.0
0.0
0.0
0.0
0.0
0.0
0.0
0.0
0.0
0.0
0.0
0.0
0.0
0.0
0.0
0.0
0.0
0.0
0.0
0.0
0.0
0.0
0.0
0.0
0.0
0.0
0.0
0.0
0.0
0.0
0.0
0.0
0.0
0.0
0.0
0.0
0.0
0.0
0.0
0.0
0.0
0.0
0.0
0.0
0.0
0.0
0.0
0.0
0.0
0.0
0.0
0.0
0.0
0.0
0.0
0.0
0.0
0.0
0.0
0.0
0.0
0.0
0.0
0.0
0.0
0.0
0.0
0.0
0.0
0.0
0.0
0.0
0.0
0.0
0.0
0.0
0.0
0.0
0.0
0.0
0.0
0.0
0.0
0.0
0.0
0.0
0.0
0.0
0.0
0.0
0.0
0.0
0.0
0.0
0.0
0.0
0.0
0.0
0.0
0.0
0.0
0.0
0.0
0.0
0.0
0.0
0.0
0.0
0.0
0.0
0.0
0.0
0.0
0.0
0.0
0.0
0.0
0.0
0.0
0.0
0.0
0.0
0.0
0.0
0.0
0.0
0.0
0.0
0.0
0.0
0.0
0.0
0.0
0.0
0.0
0.0
0.0
0.0
0.0
0.0
0.0
0.0
0.0
0.0
0.0
0.0
0.0
0.0
0.0
0.0
0.0
0.0
0.0
0.0
0.0
0.0
0.0
0.0
0.0
0.0
0.0
0.0
0.0
0.0
0.0
0.0
0.0
0.0
0.0
0.0
0.0
0.0
0.0
0.0
0.0
0.0
0.0
0.0
0.0
0.0
0.0
0.0
0.0
0.0
0.0
0.0
0.0
0.0
0.0
0.0
0.0
0.0
0.0
0.0
0.0
0.0
0.0
0.0
0.0
0.0
0.0
0.0
0.0
0.0
0.0
0.0
0.0
0.0
0.0
0.0
0.0
0.0
0.0
0.0
0.0
0.0
0.0
0.0
0.0
0.0
0.0
0.0
0.0
0.0
0.0
0.0
0.0
0.0
0.0
0.0
0.0
0.0
0.0
0.0
0.0
0.0
0.0
0.0
0.0
0.0
0.0
0.0
0.0
0.0
0.0
0.0
0.0
0.0
0.0
0.0
0.0
0.0
0.0
0.0
0.0
0.0
0.0
0.0
0.0
0.0
0.0
0.0
0.0
0.0
0.0
0.0
0.0
0.0
0.0
0.0
0.0
0.0
0.0
0.0
0.0
0.0
0.0
0.0
0.0
0.0
0.0
0.0
0.0
0.0
0.0
0.0
214.216125488
211.467453003
208.247131348
205.361221313
202.128982544
185.3724823
0.0
0.0
0.0
0.0
0.0
0.0
0.0
0.0
0.0
0.0
0.0
0.0
191.609115601
187.492507935
185.431091309
180.402038574
176.307434082
173.023956299
167.015899658
0.0
0.0
0.0
0.0
0.0
0.0
0.0
0.0
187.007995605
181.22857666
178.022689819
175.341598511
172.319412231
170.649414063
168.111526489
166.866867065
163.913757324
161.825180054
160.163070679
158.719604492
161.961044312
194.23664856
188.826309204
189.463241577
190.600448608
194.625442505
199.01184082
204.446411133
209.856246948
215.201599121
219.339263916
221.866149902
224.089752197
224.295944214
223.555328369
220.6197052
216.434921265
210.89515686
204.049591064
197.01133728
191.430145264
186.890548706
183.398605347
181.131744385
180.210678101
180.335952759
181.206802368
181.658294678
180.610748291
178.891998291
177.848312378
174.499740601
191.995223999
0.0
0.0
0.0
0.0
0.0
0.0
0.0
0.0
0.0
0.0
0.0
0.0
0.0
0.0
0.0
0.0
0.0
0.0
186.371170044
182.363418579
181.488449097
179.808944702
179.046859741
177.542770386
176.253540039
175.728317261
176.042068481
177.714752197
181.987487793
188.561203003
191.368591309
191.841430664
191.239639282
189.43510437
184.971405029
180.239562988
175.799453735
171.167861938
168.046325684
169.912109375
179.120910645
178.786987305
185.667678833
222.446975708
186.041290283
184.467132568
183.439926147
181.093017578
179.146072388
179.18762207
180.90071106
183.790817261
187.575134277
192.763626099
197.771102905
202.260574341
206.255325317
207.821395874
208.445602417
206.48348999
202.105560303
0.0
0.0
0.0
0.0
0.0
156.970199585
151.275054932
146.527893066
147.672805786
157.635482788
162.651290894
165.390594482
164.694763184
162.540420532
162.245193481
0.0
0.0
0.0
0.0
0.0
0.0
0.0
0.0
0.0
0.0
0.0
0.0
0.0
0.0
0.0
0.0
185.686920166
189.011657715
189.601470947
189.851547241
189.779571533
188.9921875
188.723297119
189.33039856
191.019119263
193.464035034
195.834381104
197.285842896
198.371246338
199.01222229
199.53956604
200.076766968
200.357711792
200.167816162
199.627853394
198.858963013
197.722091675
197.128265381
196.846466064
196.833892822
196.919967651
196.721954346
196.802597046
196.594161987
196.546585083
196.622756958
197.416275024
198.794296265
200.587600708
202.467407227
204.621643066
206.193862915
208.005355835
210.174957275
212.679458618
215.008743286
217.547607422
220.530181885
222.947799683
225.034133911
227.293060303
228.605392456
229.023956299
227.950088501
227.365737915
0.0
0.0
0.0
0.0
0.0
0.0
98.3262176514
101.066352844
102.583450317
104.011543274
205.789367676
206.643341064
204.475830078
203.50769043
202.08140564
200.290878296
198.631973267
197.02381897
195.520492554
197.115097046
0.0
0.0
0.0
0.0
0.0
0.0
0.0
195.216644287
194.343154907
190.929153442
184.934951782
179.095321655
172.640228271
169.109191895
164.863632202
163.247695923
160.267196655
153.840667725
151.387115479
144.44732666
140.737350464
137.667709351
140.854049683
0.0
0.0
0.0
0.0
0.0
0.0
0.0
0.0
0.0
0.0
0.0
0.0
0.0
0.0
0.0
0.0
0.0
0.0
0.0
0.0
0.0
0.0
0.0
0.0
0.0
0.0
0.0
0.0
0.0
0.0
0.0
0.0
0.0
0.0
0.0
0.0
0.0
0.0
0.0
0.0
0.0
0.0
0.0
0.0
0.0
0.0
0.0
0.0
0.0
0.0
0.0
0.0
0.0
0.0
0.0
0.0
0.0
0.0
0.0
0.0
0.0
0.0
0.0
0.0
0.0
0.0
0.0
0.0
0.0
0.0
0.0
0.0
0.0
0.0
0.0
0.0
0.0
0.0
0.0
0.0
0.0
0.0
0.0
0.0
0.0
0.0
0.0
0.0
0.0
0.0
0.0
0.0
0.0
0.0
0.0
0.0
0.0
0.0
0.0
0.0
0.0
0.0
0.0
0.0
0.0
0.0
0.0
0.0
0.0
0.0
0.0
0.0
0.0
0.0
0.0
0.0
0.0
0.0
0.0
0.0
0.0
0.0
0.0
0.0
0.0
0.0
0.0
0.0
0.0
0.0
0.0
0.0
0.0
0.0
0.0
0.0
0.0
0.0
0.0
0.0
0.0
0.0
0.0
0.0
0.0
0.0
0.0
0.0
0.0
0.0
0.0
0.0
0.0
0.0
0.0
0.0
0.0
0.0
0.0
0.0
0.0
0.0
0.0
0.0
0.0
0.0
0.0
0.0
0.0
0.0
0.0
0.0
