0.0
0.0
0.0
0.0
0.0
0.0
0.0
0.0
0.0
0.0
0.0
0.0
0.0
0.0
0.0
0.0
0.0
0.0
0.0
0.0
0.0
0.0
0.0
0.0
0.0
0.0
0.0
0.0
0.0
0.0
0.0
0.0
0.0
0.0
0.0
0.0
0.0
0.0
0.0
0.0
0.0
0.0
0.0
0.0
0.0
0.0
0.0
0.0
0.0
0.0
0.0
0.0
0.0
0.0
0.0
0.0
0.0
0.0
0.0
0.0
0.0
0.0
0.0
0.0
0.0
0.0
0.0
0.0
0.0
0.0
0.0
0.0
0.0
0.0
0.0
0.0
0.0
0.0
0.0
0.0
0.0
0.0
0.0
0.0
0.0
0.0
0.0
0.0
0.0
0.0
0.0
0.0
0.0
0.0
0.0
0.0
0.0
0.0
0.0
0.0
0.0
0.0
0.0
0.0
0.0
0.0
0.0
0.0
0.0
0.0
0.0
0.0
0.0
0.0
0.0
0.0
0.0
0.0
0.0
0.0
0.0
0.0
0.0
0.0
0.0
0.0
0.0
0.0
0.0
0.0
0.0
0.0
0.0
0.0
0.0
0.0
0.0
0.0
0.0
0.0
0.0
0.0
0.0
0.0
0.0
0.0
0.0
0.0
0.0
0.0
0.0
0.0
0.0
0.0
0.0
0.0
0.0
0.0
0.0
0.0
0.0
0.0
0.0
0.0
0.0
0.0
0.0
0.0
0.0
0.0
0.0
0.0
0.0
0.0
0.0
0.0
0.0
0.0
0.0
0.0
0.0
0.0
0.0
0.0
0.0
0.0
0.0
0.0
0.0
0.0
0.0
0.0
0.0
0.0
0.0
0.0
0.0
0.0
0.0
0.0
0.0
0.0
0.0
0.0
0.0
0.0
0.0
0.0
0.0
0.0
0.0
0.0
0.0
0.0
0.0
0.0
0.0
0.0
0.0
0.0
0.0
0.0
0.0
0.0
0.0
0.0
0.0
0.0
0.0
0.0
0.0
0.0
0.0
0.0
0.0
0.0
0.0
0.0
0.0
0.0
0.0
0.0
0.0
0.0
0.0
0.0
0.0
0.0
0.0
0.0
0.0
0.0
0.0
0.0
0.0
0.0
0.0
144.708908081
143.073242188
140.643173218
138.646514893
136.705383301
135.047622681
134.243392944
135.49382019
137.965713501
141.124328613
141.877853394
141.699569702
140.689300537
139.276504517
137.430633545
133.779495239
131.399246216
129.444030762
126.76285553
132.997070313
0.0
0.0
0.0
0.0
0.0
0.0
0.0
0.0
0.0
0.0
0.0
0.0
0.0
0.0
0.0
0.0
0.0
0.0
0.0
0.0
0.0
0.0
167.464614868
173.533065796
178.761505127
182.421951294
186.407791138
187.995254517
189.223388672
189.910202026
190.240600586
189.689804077
185.580368042
179.504562378
172.28086853
169.661376953
161.368774414
0.0
0.0
0.0
0.0
0.0
0.0
163.11114502
159.689575195
153.971878052
151.29119873
147.838470459
146.801116943
146.245666504
146.580749512
148.005355835
148.856445313
148.951675415
148.695495605
147.783401489
146.599838257
145.201217651
143.482772827
141.952529907
140.228530884
138.17074585
136.544372559
135.090179443
133.863098145
133.443908691
132.935043335
132.485015869
132.069778442
131.492767334
130.361999512
129.395019531
128.643463135
127.86895752
128.063522339
128.109710693
128.301422119
128.347854614
128.166595459
127.962135315
126.876243591
0.0
0.0
0.0
0.0
0.0
0.0
0.0
0.0
0.0
0.0
0.0
0.0
0.0
0.0
0.0
0.0
0.0
0.0
0.0
0.0
0.0
0.0
0.0
0.0
0.0
0.0
0.0
0.0
0.0
0.0
0.0
0.0
0.0
0.0
0.0
0.0
0.0
0.0
0.0
0.0
0.0
0.0
0.0
0.0
0.0
0.0
0.0
0.0
0.0
0.0
0.0
0.0
0.0
0.0
0.0
0.0
0.0
0.0
0.0
0.0
0.0
0.0
0.0
0.0
0.0
0.0
0.0
0.0
0.0
0.0
0.0
0.0
0.0
0.0
148.017578125
146.442214966
146.469406128
146.863296509
148.060577393
149.389053345
151.613098145
153.119628906
154.949615479
155.837081909
154.818939209
153.327423096
150.330078125
149.766693115
0.0
0.0
0.0
171.123016357
169.270248413
169.084091187
168.2371521
168.193222046
168.02456665
167.698501587
166.801971436
163.888412476
162.13583374
160.66583252
0.0
0.0
0.0
0.0
0.0
0.0
152.410293579
154.856063843
152.806594849
151.29838562
150.652740479
152.108642578
154.01348877
155.928619385
155.548248291
152.874984741
147.420211792
0.0
0.0
0.0
0.0
0.0
0.0
0.0
0.0
0.0
0.0
0.0
0.0
0.0
0.0
0.0
161.621078491
159.010192871
155.591567993
151.105255127
147.013900757
145.234619141
142.605422974
0.0
0.0
0.0
0.0
0.0
0.0
0.0
0.0
0.0
0.0
0.0
0.0
0.0
0.0
0.0
0.0
144.669906616
141.966110229
138.946762085
136.808166504
134.81552124
132.949188232
131.875930786
130.448303223
129.766052246
128.901672363
128.155227661
127.318359375
126.727401733
126.391044617
126.149902344
127.856620789
129.563659668
133.670578003
135.865081787
153.501296997
0.0
0.0
0.0
0.0
0.0
0.0
0.0
139.737625122
137.467727661
136.951034546
134.542205811
133.491043091
131.603363037
128.897262573
134.265823364
0.0
0.0
0.0
0.0
0.0
124.589790344
128.379165649
131.752807617
130.840438843
125.490730286
122.226478577
121.679443359
120.991325378
120.99131012
116.646347046
117.50328064
0.0
0.0
0.0
0.0
0.0
0.0
0.0
0.0
0.0
127.152336121
126.528511047
125.845527649
124.704139709
123.337966919
123.270118713
124.74609375
126.130683899
129.305984497
131.763839722
134.883163452
137.854782104
142.579940796
149.765655518
0.0
0.0
0.0
0.0
0.0
0.0
0.0
0.0
0.0
0.0
0.0
0.0
0.0
0.0
0.0
0.0
0.0
0.0
0.0
159.204727173
158.001022339
157.26890564
154.925857544
153.193145752
151.734313965
150.24407959
149.086532593
148.453536987
149.919921875
152.105499268
153.135910034
154.020446777
154.145568848
153.541824341
150.53427124
165.231964111
0.0
0.0
0.0
0.0
0.0
0.0
0.0
0.0
0.0
0.0
0.0
0.0
0.0
0.0
153.467956543
148.78225708
143.783447266
139.106704712
135.239837646
132.705856323
130.481002808
128.599853516
127.776046753
126.968902588
125.899253845
124.964157104
123.633964539
122.082527161
118.668823242
116.001480103
112.372505188
0.0
0.0
0.0
0.0
0.0
0.0
0.0
0.0
0.0
0.0
0.0
0.0
0.0
0.0
0.0
0.0
0.0
0.0
0.0
0.0
0.0
0.0
0.0
0.0
0.0
0.0
0.0
0.0
132.933639526
132.043869019
128.424804688
127.522888184
130.257659912
129.070541382
154.589782715
127.289871216
127.214607239
126.57674408
126.482246399
0.0
0.0
0.0
0.0
0.0
0.0
0.0
0.0
0.0
0.0
0.0
0.0
0.0
129.927581787
127.696235657
124.133621216
119.24294281
114.587486267
112.611755371
111.356750488
110.160560608
108.961875916
107.862136841
108.058746338
105.531402588
107.248413086
0.0
0.0
0.0
0.0
0.0
0.0
0.0
0.0
0.0
0.0
0.0
0.0
0.0
0.0
0.0
0.0
0.0
0.0
0.0
0.0
0.0
0.0
0.0
0.0
0.0
0.0
0.0
0.0
0.0
0.0
0.0
0.0
0.0
0.0
0.0
0.0
0.0
0.0
0.0
0.0
0.0
0.0
0.0
0.0
0.0
0.0
0.0
0.0
0.0
0.0
0.0
0.0
0.0
0.0
0.0
0.0
0.0
0.0
0.0
0.0
0.0
0.0
0.0
0.0
0.0
0.0
0.0
0.0
0.0
0.0
0.0
0.0
0.0
0.0
0.0
0.0
0.0
0.0
0.0
0.0
0.0
0.0
0.0
0.0
0.0
0.0
0.0
0.0
0.0
0.0
0.0
0.0
0.0
0.0
0.0
0.0
0.0
0.0
0.0
0.0
0.0
0.0
0.0
0.0
0.0
0.0
0.0
0.0
0.0
0.0
0.0
0.0
0.0
0.0
0.0
0.0
0.0
0.0
0.0
0.0
0.0
0.0
0.0
0.0
0.0
0.0
0.0
0.0
0.0
0.0
0.0
0.0
0.0
0.0
0.0
0.0
0.0
0.0
0.0
0.0
0.0
0.0
0.0
0.0
0.0
0.0
0.0
0.0
0.0
0.0
0.0
0.0
0.0
0.0
0.0
0.0
0.0
0.0
0.0
0.0
0.0
0.0
0.0
0.0
