0.0
0.0
0.0
0.0
0.0
0.0
0.0
0.0
0.0
0.0
0.0
0.0
0.0
0.0
0.0
0.0
0.0
0.0
0.0
0.0
0.0
0.0
0.0
0.0
0.0
0.0
0.0
0.0
0.0
0.0
0.0
0.0
0.0
0.0
0.0
0.0
0.0
0.0
0.0
0.0
0.0
0.0
0.0
0.0
0.0
0.0
0.0
0.0
0.0
0.0
0.0
0.0
0.0
0.0
0.0
0.0
0.0
0.0
0.0
0.0
0.0
0.0
0.0
0.0
0.0
0.0
0.0
0.0
0.0
0.0
0.0
0.0
0.0
0.0
0.0
0.0
0.0
0.0
0.0
0.0
0.0
0.0
0.0
0.0
0.0
0.0
0.0
0.0
0.0
0.0
0.0
0.0
0.0
0.0
0.0
0.0
0.0
0.0
0.0
0.0
0.0
0.0
0.0
0.0
0.0
0.0
0.0
0.0
0.0
0.0
0.0
0.0
0.0
0.0
0.0
0.0
0.0
0.0
0.0
0.0
0.0
0.0
0.0
0.0
0.0
0.0
0.0
0.0
0.0
0.0
0.0
0.0
0.0
0.0
0.0
0.0
0.0
0.0
0.0
0.0
0.0
0.0
0.0
0.0
0.0
0.0
0.0
0.0
0.0
0.0
0.0
0.0
0.0
0.0
0.0
0.0
0.0
0.0
0.0
0.0
0.0
0.0
0.0
0.0
0.0
0.0
0.0
0.0
0.0
0.0
0.0
0.0
0.0
0.0
0.0
0.0
0.0
0.0
0.0
0.0
0.0
0.0
0.0
0.0
0.0
0.0
0.0
0.0
0.0
0.0
0.0
0.0
0.0
0.0
0.0
0.0
0.0
0.0
0.0
0.0
0.0
0.0
0.0
0.0
0.0
0.0
0.0
0.0
0.0
0.0
0.0
0.0
0.0
0.0
0.0
0.0
0.0
0.0
0.0
0.0
0.0
0.0
0.0
0.0
0.0
0.0
0.0
0.0
0.0
0.0
0.0
0.0
0.0
0.0
0.0
0.0
0.0
0.0
0.0
0.0
0.0
0.0
0.0
0.0
0.0
0.0
0.0
0.0
0.0
0.0
0.0
0.0
0.0
0.0
0.0
0.0
0.0
0.0
0.0
0.0
0.0
0.0
0.0
0.0
0.0
0.0
0.0
0.0
0.0
0.0
0.0
0.0
0.0
0.0
0.0
0.0
0.0
0.0
0.0
117.640312195
119.490486145
121.267295837
125.179206848
127.417938232
132.088195801
135.563201904
141.887741089
147.186264038
153.241271973
157.287490845
163.543319702
168.883560181
178.394821167
181.517623901
181.728057861
177.749557495
163.185379028
0.0
0.0
0.0
0.0
0.0
0.0
0.0
165.649154663
163.438812256
159.940155029
157.760665894
155.168807983
153.088638306
151.991973877
149.834640503
146.884063721
144.159957886
138.740432739
131.526321411
126.995330811
125.522880554
124.54598999
123.811523438
121.931343079
120.058433533
118.298065186
117.919891357
118.0210495
118.300300598
118.807098389
119.168869019
119.557853699
120.056228638
120.05557251
120.058082581
119.656219482
118.610710144
116.11479187
112.808479309
108.720252991
96.6880493164
100.105072021
0.0
0.0
0.0
0.0
109.576431274
108.691566467
107.858413696
107.933479309
108.842330933
109.99118042
111.210777283
113.72743988
116.783531189
120.186820984
123.866508484
128.056991577
133.295257568
137.111312866
141.937530518
145.234970093
149.049255371
151.079696655
153.368515015
154.408905029
155.221847534
155.350662231
155.056884766
153.665328979
152.314422607
145.570602417
138.129562378
0.0
0.0
0.0
0.0
0.0
0.0
0.0
0.0
0.0
0.0
0.0
0.0
0.0
0.0
0.0
127.02620697
126.034751892
125.183456421
125.012229919
125.303947449
124.183334351
122.654258728
121.703857422
121.442962646
121.100921631
119.889312744
117.989845276
116.022964478
113.972076416
111.603340149
108.265113831
104.247131348
101.708297729
99.8595428467
98.6932373047
98.4188461304
98.0019607544
97.3188095093
96.3852615356
100.040512085
103.408638
0.0
0.0
0.0
0.0
0.0
0.0
104.560012817
103.238250732
99.6153182983
98.6639862061
96.0642929077
0.0
0.0
0.0
0.0
0.0
0.0
0.0
0.0
0.0
0.0
0.0
110.555648804
107.399269104
105.225845337
102.773284912
101.711990356
101.422103882
101.397010803
100.960899353
99.9625549316
98.5881881714
97.7466506958
97.0364685059
96.7628555298
96.0076828003
95.1730499268
94.6930923462
95.7115325928
0.0
0.0
0.0
0.0
0.0
0.0
0.0
0.0
0.0
0.0
0.0
0.0
0.0
0.0
0.0
0.0
0.0
0.0
107.084732056
106.181488037
105.869033813
106.76007843
108.582748413
110.000953674
110.846473694
111.576049805
111.881896973
114.682319641
115.345222473
118.106414795
112.069450378
109.437774658
0.0
0.0
0.0
0.0
0.0
0.0
0.0
0.0
0.0
0.0
0.0
0.0
0.0
0.0
0.0
0.0
0.0
0.0
0.0
0.0
0.0
0.0
0.0
0.0
0.0
0.0
0.0
0.0
0.0
0.0
0.0
0.0
0.0
0.0
0.0
0.0
0.0
0.0
0.0
0.0
0.0
0.0
0.0
0.0
0.0
0.0
0.0
0.0
0.0
0.0
0.0
0.0
0.0
0.0
0.0
0.0
0.0
0.0
0.0
0.0
0.0
0.0
0.0
0.0
0.0
0.0
0.0
0.0
0.0
0.0
0.0
0.0
0.0
0.0
0.0
0.0
0.0
0.0
0.0
0.0
0.0
0.0
0.0
0.0
0.0
0.0
0.0
0.0
0.0
0.0
0.0
0.0
0.0
0.0
0.0
0.0
0.0
0.0
0.0
0.0
0.0
0.0
0.0
0.0
0.0
0.0
0.0
0.0
0.0
0.0
0.0
0.0
0.0
0.0
0.0
0.0
0.0
0.0
0.0
0.0
0.0
0.0
0.0
0.0
0.0
0.0
0.0
0.0
0.0
0.0
0.0
0.0
0.0
0.0
0.0
0.0
0.0
0.0
0.0
0.0
0.0
0.0
0.0
0.0
0.0
0.0
0.0
0.0
0.0
0.0
0.0
0.0
0.0
0.0
0.0
0.0
0.0
0.0
0.0
0.0
0.0
0.0
0.0
0.0
0.0
0.0
0.0
0.0
0.0
0.0
0.0
0.0
0.0
0.0
