0.0
0.0
0.0
0.0
0.0
0.0
0.0
0.0
0.0
0.0
0.0
0.0
0.0
0.0
0.0
0.0
0.0
0.0
0.0
0.0
0.0
0.0
0.0
0.0
0.0
0.0
0.0
0.0
0.0
0.0
0.0
0.0
0.0
0.0
0.0
0.0
0.0
0.0
0.0
0.0
0.0
0.0
0.0
0.0
0.0
0.0
0.0
0.0
0.0
0.0
0.0
0.0
0.0
0.0
0.0
0.0
0.0
0.0
0.0
0.0
0.0
0.0
0.0
0.0
0.0
0.0
0.0
0.0
0.0
0.0
0.0
0.0
0.0
0.0
0.0
0.0
0.0
0.0
0.0
0.0
0.0
0.0
0.0
0.0
0.0
0.0
0.0
0.0
0.0
0.0
0.0
0.0
0.0
0.0
0.0
0.0
0.0
0.0
0.0
0.0
0.0
0.0
0.0
0.0
0.0
0.0
0.0
0.0
0.0
0.0
0.0
0.0
0.0
0.0
0.0
0.0
0.0
0.0
0.0
0.0
0.0
0.0
0.0
0.0
0.0
0.0
0.0
0.0
0.0
0.0
0.0
0.0
0.0
0.0
0.0
0.0
0.0
0.0
0.0
0.0
0.0
0.0
0.0
0.0
0.0
0.0
0.0
0.0
0.0
0.0
0.0
0.0
0.0
0.0
0.0
0.0
0.0
0.0
0.0
0.0
0.0
0.0
0.0
0.0
0.0
0.0
0.0
0.0
0.0
0.0
0.0
0.0
0.0
0.0
0.0
0.0
0.0
0.0
0.0
0.0
0.0
0.0
0.0
0.0
0.0
0.0
0.0
0.0
0.0
0.0
0.0
0.0
0.0
0.0
0.0
0.0
0.0
0.0
0.0
0.0
0.0
0.0
0.0
0.0
0.0
0.0
0.0
0.0
0.0
0.0
0.0
0.0
0.0
0.0
0.0
0.0
0.0
0.0
0.0
0.0
0.0
0.0
0.0
0.0
0.0
0.0
0.0
0.0
0.0
0.0
0.0
0.0
0.0
0.0
0.0
0.0
0.0
0.0
0.0
0.0
0.0
0.0
0.0
0.0
0.0
0.0
0.0
0.0
0.0
0.0
0.0
0.0
0.0
0.0
0.0
0.0
0.0
0.0
0.0
0.0
0.0
0.0
0.0
0.0
151.140823364
146.604888916
145.923355103
143.716934204
142.348983765
134.584838867
123.765525818
0.0
0.0
0.0
0.0
0.0
0.0
0.0
0.0
0.0
0.0
182.254776001
185.825897217
191.833709717
196.230300903
201.624954224
202.084106445
200.749755859
193.591278076
182.308425903
0.0
0.0
0.0
0.0
0.0
0.0
0.0
245.193405151
243.336425781
240.258926392
232.189086914
213.456054688
189.590820313
176.718521118
170.08241272
173.599197388
0.0
0.0
0.0
143.928268433
135.853179932
126.710151672
117.958114624
113.411499023
111.534446716
110.304100037
108.898391724
108.101699829
107.562515259
107.149749756
107.057800293
107.347892761
108.470016479
109.496421814
111.200149536
114.666061401
115.864067078
118.665168762
118.081428528
120.50730896
114.743484497
0.0
0.0
0.0
0.0
0.0
0.0
0.0
0.0
0.0
0.0
0.0
0.0
0.0
0.0
0.0
121.333213806
123.185783386
123.993148804
124.597923279
122.488876343
119.561050415
118.141845703
118.060157776
119.170539856
119.671676636
119.650764465
119.060157776
117.242218018
114.978187561
112.324661255
110.571739197
108.484352112
0.0
0.0
0.0
0.0
0.0
0.0
0.0
0.0
131.025222778
129.55758667
128.059814453
128.253005981
132.049438477
138.756027222
148.837188721
158.764984131
168.126159668
174.789505005
178.494750977
181.619171143
182.52104187
181.75440979
176.75227356
171.404525757
0.0
0.0
0.0
0.0
145.675003052
144.720672607
146.610397339
142.761474609
139.449645996
135.246780396
129.203399658
0.0
0.0
0.0
0.0
0.0
0.0
0.0
0.0
0.0
0.0
0.0
0.0
0.0
152.470993042
150.741546631
148.284210205
145.548950195
142.842697144
142.166305542
142.372772217
143.509216309
144.666397095
146.538360596
148.465957642
150.515762329
152.325271606
153.552383423
153.4453125
151.606369019
149.875061035
147.429534912
144.000411987
140.119857788
136.717422485
134.375289917
132.721176147
131.406295776
130.565750122
130.563079834
130.429672241
130.469451904
130.254257202
130.15737915
129.788467407
129.646636963
129.587203979
128.934875488
128.087249756
127.21232605
126.805740356
126.602836609
126.7579422
127.053443909
127.250923157
126.584495544
125.683418274
124.658187866
124.127326965
123.968078613
123.997665405
123.912902832
124.600791931
125.723625183
126.398963928
125.635452271
125.273826599
121.426315308
109.392936707
111.23815918
0.0
0.0
0.0
0.0
0.0
0.0
0.0
0.0
0.0
167.355133057
168.512481689
167.568435669
164.200500488
159.204498291
152.089996338
145.008728027
135.778152466
127.823181152
119.995918274
112.409408569
106.102226257
99.7101211548
93.1564407349
86.0985794067
85.3333129883
84.6862945557
0.0
0.0
0.0
0.0
0.0
0.0
0.0
0.0
0.0
0.0
0.0
0.0
0.0
0.0
0.0
0.0
0.0
0.0
0.0
0.0
0.0
0.0
0.0
0.0
0.0
0.0
0.0
0.0
0.0
0.0
0.0
0.0
0.0
0.0
0.0
0.0
0.0
0.0
0.0
0.0
0.0
0.0
0.0
0.0
0.0
0.0
0.0
0.0
0.0
0.0
0.0
0.0
0.0
0.0
0.0
0.0
0.0
0.0
0.0
0.0
0.0
0.0
0.0
0.0
0.0
0.0
0.0
0.0
0.0
0.0
0.0
0.0
0.0
0.0
0.0
0.0
0.0
0.0
0.0
0.0
0.0
0.0
0.0
0.0
0.0
0.0
0.0
0.0
0.0
0.0
0.0
0.0
0.0
0.0
0.0
0.0
0.0
0.0
0.0
0.0
0.0
0.0
0.0
0.0
0.0
0.0
0.0
0.0
0.0
0.0
0.0
0.0
0.0
0.0
0.0
0.0
0.0
0.0
0.0
0.0
0.0
0.0
0.0
0.0
0.0
0.0
0.0
0.0
0.0
0.0
0.0
0.0
0.0
0.0
0.0
0.0
0.0
0.0
0.0
0.0
0.0
0.0
0.0
0.0
0.0
0.0
0.0
0.0
0.0
0.0
0.0
0.0
0.0
0.0
0.0
0.0
0.0
0.0
0.0
0.0
0.0
0.0
0.0
