0.0
0.0
0.0
0.0
0.0
0.0
0.0
0.0
0.0
0.0
0.0
0.0
0.0
0.0
0.0
0.0
0.0
0.0
0.0
0.0
0.0
0.0
0.0
0.0
0.0
0.0
0.0
0.0
0.0
0.0
0.0
0.0
0.0
0.0
0.0
0.0
0.0
0.0
0.0
0.0
0.0
0.0
0.0
0.0
0.0
0.0
0.0
0.0
0.0
0.0
0.0
0.0
0.0
0.0
0.0
0.0
0.0
0.0
0.0
0.0
0.0
0.0
0.0
0.0
0.0
0.0
0.0
0.0
0.0
0.0
0.0
0.0
0.0
0.0
0.0
0.0
0.0
0.0
0.0
0.0
0.0
0.0
0.0
0.0
0.0
0.0
0.0
0.0
0.0
0.0
0.0
0.0
0.0
0.0
0.0
0.0
0.0
0.0
0.0
0.0
0.0
0.0
0.0
0.0
0.0
0.0
0.0
0.0
0.0
0.0
0.0
0.0
0.0
0.0
0.0
0.0
0.0
0.0
0.0
0.0
0.0
0.0
0.0
0.0
0.0
0.0
0.0
0.0
0.0
0.0
0.0
0.0
0.0
0.0
0.0
0.0
0.0
0.0
0.0
0.0
0.0
0.0
0.0
0.0
0.0
0.0
0.0
0.0
0.0
0.0
0.0
0.0
0.0
0.0
0.0
0.0
0.0
0.0
0.0
0.0
0.0
0.0
0.0
0.0
0.0
0.0
0.0
0.0
0.0
0.0
0.0
0.0
0.0
0.0
0.0
0.0
0.0
0.0
0.0
0.0
0.0
0.0
0.0
0.0
0.0
0.0
0.0
0.0
0.0
0.0
0.0
0.0
0.0
0.0
0.0
0.0
0.0
0.0
0.0
0.0
0.0
0.0
0.0
0.0
0.0
0.0
0.0
0.0
0.0
0.0
0.0
0.0
0.0
0.0
0.0
0.0
0.0
0.0
0.0
0.0
0.0
0.0
0.0
0.0
0.0
0.0
0.0
0.0
0.0
0.0
0.0
0.0
0.0
0.0
0.0
0.0
0.0
0.0
0.0
0.0
0.0
0.0
0.0
0.0
0.0
0.0
0.0
0.0
0.0
0.0
0.0
0.0
0.0
0.0
0.0
0.0
0.0
0.0
0.0
0.0
0.0
0.0
0.0
0.0
0.0
0.0
0.0
0.0
0.0
0.0
0.0
0.0
0.0
0.0
0.0
0.0
0.0
0.0
0.0
0.0
0.0
0.0
0.0
0.0
0.0
0.0
0.0
0.0
0.0
0.0
0.0
0.0
0.0
0.0
0.0
0.0
0.0
0.0
0.0
0.0
232.449432373
227.522521973
218.453125
214.153778076
211.755508423
209.527648926
207.905792236
207.335128784
206.774795532
205.235214233
204.808853149
203.983627319
203.546173096
202.778930664
202.486419678
201.98890686
200.968597412
199.927261353
197.969055176
0.0
0.0
0.0
0.0
0.0
0.0
0.0
0.0
0.0
0.0
0.0
0.0
0.0
0.0
0.0
0.0
223.777130127
212.710159302
210.69972229
208.291732788
206.232666016
203.497253418
200.321884155
197.415130615
195.167770386
193.373504639
191.782897949
190.103790283
188.37046814
187.058181763
186.100692749
185.284942627
184.162490845
176.795028687
0.0
0.0
0.0
0.0
0.0
211.041320801
212.31690979
212.871673584
214.356689453
215.311538696
216.30128479
217.298492432
218.050292969
218.693618774
219.351104736
219.834579468
219.933456421
219.432861328
217.668045044
214.717407227
212.770767212
209.384735107
198.757278442
0.0
0.0
0.0
0.0
0.0
0.0
0.0
0.0
0.0
0.0
0.0
0.0
0.0
0.0
0.0
0.0
0.0
0.0
0.0
0.0
0.0
0.0
0.0
0.0
0.0
0.0
224.781509399
223.497344971
222.754867554
221.219741821
222.132705688
0.0
0.0
0.0
0.0
0.0
0.0
0.0
0.0
0.0
0.0
204.587936401
202.420288086
199.745025635
195.33354187
192.940795898
190.407028198
0.0
0.0
0.0
0.0
0.0
0.0
0.0
0.0
0.0
0.0
223.778625488
217.739593506
214.839080811
211.709838867
209.547912598
207.34161377
205.364715576
203.051528931
201.263137817
200.698974609
200.648071289
201.467208862
202.54069519
202.748733521
202.14805603
200.914001465
199.740524292
199.136489868
199.058578491
199.237319946
199.962341309
200.225097656
200.08102417
199.719177246
199.22076416
198.930847168
197.66178894
196.095016479
193.931503296
192.550521851
191.635375977
191.011398315
190.797592163
0.0
0.0
0.0
0.0
0.0
0.0
0.0
0.0
0.0
0.0
0.0
0.0
0.0
0.0
0.0
0.0
0.0
0.0
0.0
0.0
0.0
0.0
0.0
0.0
0.0
0.0
214.851730347
212.269546509
209.242355347
205.72102356
200.890640259
194.950042725
191.361877441
187.049606323
185.550048828
0.0
0.0
0.0
0.0
0.0
0.0
0.0
0.0
0.0
0.0
0.0
0.0
210.948898315
211.32611084
211.158050537
210.378295898
209.64616394
209.499343872
209.206726074
209.565536499
207.832519531
206.275238037
204.646789551
203.725631714
202.54397583
200.687515259
199.32333374
199.095321655
199.200958252
199.952560425
198.751068115
0.0
0.0
0.0
0.0
0.0
0.0
0.0
0.0
0.0
0.0
197.008239746
193.897216797
192.541275024
190.963943481
190.401397705
190.444885254
190.101394653
188.77532959
188.023208618
187.728759766
187.931411743
188.793563843
189.994659424
192.203857422
194.653091431
197.593109131
201.607894897
0.0
0.0
0.0
0.0
0.0
0.0
0.0
0.0
0.0
0.0
0.0
0.0
0.0
0.0
0.0
198.364089966
197.550247192
195.579208374
193.655853271
189.607498169
186.851501465
183.542724609
175.133621216
0.0
0.0
0.0
0.0
0.0
0.0
0.0
209.026733398
208.36706543
206.559921265
205.429840088
204.245498657
202.68939209
201.278060913
199.852340698
197.704666138
196.877746582
196.080673218
195.192459106
194.472640991
194.156982422
193.92829895
0.0
0.0
0.0
0.0
0.0
0.0
0.0
213.017532349
213.468017578
213.167266846
214.173233032
215.142730713
215.083328247
215.498046875
214.411209106
214.555328369
214.265731812
215.475402832
216.210601807
218.227981567
218.547851563
219.798370361
220.27671814
222.459182739
223.95249939
222.248580933
220.571289063
219.284515381
0.0
0.0
0.0
0.0
0.0
0.0
0.0
0.0
0.0
0.0
0.0
0.0
0.0
0.0
0.0
195.011520386
198.548217773
199.803695679
200.768096924
202.542800903
205.560562134
0.0
0.0
0.0
0.0
0.0
0.0
0.0
0.0
0.0
0.0
204.69128418
198.399551392
197.13494873
196.198196411
195.666397095
195.698471069
195.281951904
194.902648926
194.306411743
194.215789795
194.127502441
193.478744507
191.582778931
190.098724365
187.134506226
178.770385742
0.0
0.0
0.0
0.0
194.516021729
192.084030151
190.375274658
187.793258667
184.986984253
182.071578979
180.550445557
179.942504883
186.090820313
193.934829712
190.951324463
189.376937866
189.018112183
188.159011841
187.62852478
186.832519531
186.251663208
185.954391479
185.133453369
183.163528442
179.648117065
175.456329346
172.286361694
171.561050415
168.946044922
0.0
0.0
0.0
0.0
0.0
0.0
0.0
0.0
0.0
196.238601685
194.528930664
191.691299438
188.597976685
187.069107056
185.333618164
184.939285278
184.820907593
185.056610107
185.305084229
185.168243408
185.31288147
185.644241333
184.454544067
184.261367798
178.106887817
0.0
0.0
0.0
0.0
0.0
0.0
0.0
0.0
0.0
0.0
0.0
0.0
0.0
0.0
0.0
0.0
0.0
0.0
0.0
205.832641602
203.781280518
203.483383179
201.177139282
193.191711426
187.294967651
187.395294189
186.505264282
186.260421753
185.373901367
185.753631592
185.671401978
185.438323975
185.04927063
183.234970093
193.157119751
0.0
0.0
0.0
0.0
0.0
0.0
191.613433838
189.755569458
187.643814087
185.842407227
183.999465942
182.098617554
181.724212646
181.049407959
180.867904663
183.196273804
183.169403076
180.001083374
178.77255249
178.107910156
0.0
0.0
0.0
0.0
0.0
0.0
0.0
0.0
0.0
0.0
0.0
0.0
0.0
0.0
0.0
0.0
0.0
0.0
0.0
0.0
0.0
0.0
0.0
0.0
0.0
0.0
0.0
0.0
0.0
0.0
0.0
0.0
0.0
0.0
0.0
0.0
0.0
0.0
0.0
0.0
0.0
0.0
0.0
0.0
0.0
0.0
0.0
0.0
0.0
0.0
0.0
0.0
0.0
0.0
0.0
0.0
0.0
0.0
0.0
0.0
0.0
0.0
0.0
0.0
0.0
0.0
0.0
0.0
0.0
0.0
0.0
0.0
0.0
0.0
0.0
0.0
0.0
0.0
0.0
0.0
0.0
0.0
0.0
0.0
0.0
0.0
0.0
0.0
0.0
0.0
0.0
0.0
0.0
0.0
0.0
0.0
0.0
0.0
0.0
0.0
0.0
0.0
0.0
0.0
0.0
0.0
0.0
0.0
0.0
0.0
0.0
0.0
0.0
0.0
0.0
0.0
0.0
0.0
0.0
0.0
0.0
0.0
