0.0
0.0
0.0
0.0
0.0
0.0
0.0
0.0
0.0
0.0
0.0
0.0
0.0
105.534637451
100.958374023
99.7722167969
101.244941711
100.525054932
101.591583252
101.611228943
103.782875061
101.854293823
102.074142456
109.881942749
109.964752197
104.917205811
101.377906799
104.234321594
105.610092163
0.0
0.0
0.0
0.0
0.0
0.0
0.0
0.0
0.0
0.0
0.0
0.0
0.0
0.0
0.0
0.0
0.0
0.0
0.0
0.0
0.0
0.0
0.0
0.0
0.0
0.0
0.0
0.0
0.0
0.0
0.0
0.0
0.0
0.0
0.0
0.0
0.0
0.0
0.0
0.0
0.0
0.0
0.0
0.0
0.0
0.0
0.0
0.0
0.0
0.0
0.0
0.0
0.0
0.0
0.0
0.0
0.0
0.0
0.0
107.668441772
101.171882629
101.587280273
100.50428009
99.6912689209
100.233009338
100.945175171
101.372322083
103.91960907
108.72000885
108.967048645
102.355293274
109.215759277
110.706169128
0.0
0.0
0.0
0.0
0.0
0.0
0.0
0.0
0.0
0.0
0.0
0.0
0.0
0.0
0.0
0.0
0.0
0.0
0.0
0.0
0.0
0.0
0.0
0.0
0.0
0.0
0.0
0.0
0.0
0.0
0.0
0.0
0.0
0.0
0.0
0.0
0.0
0.0
0.0
0.0
0.0
0.0
0.0
0.0
0.0
0.0
0.0
0.0
0.0
0.0
0.0
0.0
0.0
0.0
0.0
0.0
0.0
0.0
0.0
0.0
0.0
0.0
0.0
0.0
0.0
0.0
0.0
0.0
0.0
0.0
0.0
0.0
0.0
0.0
0.0
0.0
0.0
0.0
0.0
0.0
0.0
0.0
0.0
0.0
0.0
0.0
0.0
0.0
0.0
0.0
0.0
0.0
0.0
0.0
0.0
0.0
0.0
0.0
0.0
0.0
0.0
0.0
0.0
0.0
0.0
0.0
0.0
0.0
0.0
0.0
0.0
0.0
0.0
0.0
0.0
0.0
0.0
0.0
0.0
0.0
0.0
0.0
0.0
0.0
0.0
0.0
0.0
0.0
0.0
0.0
0.0
0.0
0.0
0.0
0.0
0.0
0.0
0.0
0.0
0.0
0.0
84.2845993042
85.9145889282
83.6967391968
86.1147384644
90.616104126
90.9952850342
90.9952392578
91.9969558716
77.7327575684
85.8935089111
77.8711929321
85.1729431152
83.5214614868
85.9444732666
85.0822219849
0.0
0.0
0.0
0.0
0.0
0.0
0.0
0.0
0.0
0.0
0.0
0.0
0.0
0.0
0.0
0.0
0.0
0.0
0.0
114.956611633
116.528808594
115.999717712
113.686088562
0.0
0.0
0.0
0.0
0.0
0.0
0.0
0.0
0.0
0.0
0.0
0.0
0.0
0.0
0.0
0.0
0.0
0.0
0.0
0.0
0.0
0.0
114.723167419
109.304290771
108.097198486
102.304374695
102.091773987
98.7792358398
0.0
0.0
0.0
0.0
0.0
0.0
0.0
0.0
0.0
0.0
0.0
0.0
0.0
0.0
0.0
131.848571777
132.76600647
134.565063477
133.970336914
132.625045776
129.360595703
126.746078491
122.292900085
0.0
0.0
0.0
0.0
0.0
0.0
0.0
0.0
0.0
0.0
0.0
0.0
0.0
0.0
153.527862549
149.762710571
145.759353638
141.476455688
140.556274414
0.0
0.0
0.0
0.0
0.0
0.0
0.0
0.0
0.0
0.0
0.0
0.0
99.1903991699
98.2599945068
94.3951873779
96.7763824463
0.0
0.0
0.0
0.0
0.0
0.0
0.0
0.0
0.0
0.0
0.0
0.0
0.0
0.0
0.0
0.0
0.0
0.0
0.0
0.0
0.0
0.0
0.0
0.0
0.0
0.0
0.0
0.0
0.0
0.0
0.0
0.0
0.0
0.0
0.0
0.0
0.0
0.0
0.0
0.0
0.0
102.602668762
101.94758606
100.230247498
100.552505493
101.466957092
102.238166809
0.0
0.0
0.0
0.0
0.0
0.0
0.0
0.0
0.0
0.0
0.0
0.0
0.0
0.0
0.0
0.0
0.0
0.0
137.339355469
135.785430908
135.284851074
129.059692383
129.683334351
125.819396973
114.152252197
116.882225037
108.325866699
106.326766968
0.0
0.0
0.0
0.0
0.0
0.0
0.0
81.7230072021
81.2912445068
82.8172836304
84.4919586182
81.4727935791
79.9333724976
78.247253418
78.1123733521
80.2804336548
0.0
0.0
0.0
0.0
0.0
0.0
0.0
0.0
0.0
0.0
0.0
0.0
0.0
0.0
0.0
0.0
0.0
0.0
0.0
0.0
0.0
0.0
0.0
0.0
0.0
0.0
0.0
0.0
0.0
0.0
0.0
0.0
0.0
0.0
0.0
0.0
122.293281555
120.75479126
117.657554626
116.285583496
113.442604065
117.503189087
106.432899475
112.544029236
96.9989242554
100.737174988
96.3704452515
97.9273147583
94.6640014648
90.7774276733
89.7801818848
88.0515518188
87.3263244629
86.9447937012
0.0
0.0
0.0
0.0
0.0
0.0
0.0
0.0
0.0
0.0
0.0
84.5919036865
84.1220779419
82.7618331909
81.4882125854
79.8482818604
78.9098587036
78.4210891724
78.5248794556
78.642616272
78.5266799927
79.5596542358
79.7155151367
80.5574874878
79.8216552734
79.1480712891
0.0
0.0
0.0
0.0
0.0
0.0
0.0
0.0
0.0
0.0
0.0
0.0
0.0
0.0
0.0
0.0
0.0
0.0
0.0
0.0
0.0
0.0
0.0
0.0
54.3718223572
56.5975036621
59.789730072
60.3998527527
59.5286903381
58.4525413513
58.4388580322
61.2806549072
65.7084121704
70.1717834473
74.9461212158
76.9099273682
80.6049118042
83.6968994141
85.5821456909
85.0311965942
85.0519104004
86.8251037598
0.0
0.0
0.0
0.0
0.0
0.0
0.0
0.0
0.0
0.0
0.0
0.0
0.0
0.0
0.0
0.0
0.0
0.0
0.0
0.0
0.0
0.0
0.0
0.0
0.0
0.0
0.0
0.0
0.0
0.0
0.0
0.0
0.0
0.0
0.0
0.0
0.0
0.0
0.0
0.0
0.0
0.0
0.0
0.0
0.0
0.0
0.0
0.0
0.0
0.0
0.0
0.0
0.0
0.0
0.0
0.0
0.0
0.0
0.0
0.0
0.0
0.0
0.0
0.0
0.0
0.0
0.0
0.0
0.0
0.0
0.0
0.0
0.0
0.0
0.0
0.0
0.0
0.0
0.0
0.0
0.0
0.0
0.0
0.0
0.0
0.0
0.0
0.0
0.0
0.0
0.0
0.0
0.0
0.0
0.0
0.0
0.0
0.0
0.0
0.0
0.0
