0.0
0.0
0.0
0.0
0.0
0.0
0.0
0.0
0.0
0.0
0.0
0.0
0.0
0.0
0.0
0.0
0.0
0.0
0.0
0.0
0.0
0.0
0.0
0.0
0.0
0.0
0.0
0.0
0.0
0.0
0.0
0.0
0.0
0.0
0.0
0.0
0.0
0.0
0.0
0.0
0.0
0.0
0.0
0.0
0.0
0.0
0.0
0.0
0.0
0.0
0.0
0.0
0.0
0.0
0.0
0.0
0.0
0.0
0.0
0.0
0.0
0.0
0.0
0.0
0.0
0.0
0.0
0.0
0.0
0.0
0.0
0.0
0.0
0.0
0.0
0.0
0.0
0.0
0.0
0.0
0.0
0.0
0.0
0.0
0.0
0.0
0.0
0.0
0.0
0.0
0.0
0.0
0.0
0.0
0.0
0.0
0.0
0.0
0.0
0.0
0.0
0.0
0.0
0.0
0.0
0.0
0.0
0.0
0.0
0.0
0.0
0.0
0.0
0.0
0.0
0.0
0.0
0.0
0.0
0.0
0.0
0.0
0.0
0.0
0.0
0.0
0.0
0.0
0.0
0.0
0.0
0.0
0.0
0.0
0.0
0.0
0.0
0.0
0.0
0.0
0.0
0.0
0.0
0.0
0.0
0.0
0.0
0.0
0.0
0.0
0.0
0.0
0.0
0.0
0.0
0.0
0.0
0.0
0.0
0.0
0.0
0.0
0.0
0.0
0.0
0.0
0.0
0.0
0.0
0.0
0.0
0.0
0.0
0.0
0.0
0.0
0.0
0.0
0.0
0.0
0.0
0.0
0.0
0.0
0.0
0.0
0.0
0.0
0.0
0.0
0.0
0.0
0.0
0.0
0.0
0.0
0.0
0.0
0.0
0.0
0.0
0.0
0.0
0.0
0.0
0.0
0.0
0.0
0.0
0.0
0.0
0.0
0.0
0.0
0.0
0.0
0.0
0.0
0.0
0.0
0.0
0.0
0.0
0.0
0.0
0.0
0.0
0.0
0.0
0.0
0.0
0.0
0.0
0.0
0.0
0.0
0.0
0.0
0.0
0.0
0.0
0.0
0.0
0.0
0.0
0.0
0.0
0.0
0.0
0.0
0.0
0.0
0.0
0.0
0.0
0.0
0.0
0.0
0.0
0.0
0.0
0.0
0.0
0.0
0.0
0.0
0.0
0.0
0.0
0.0
0.0
0.0
0.0
0.0
0.0
0.0
0.0
0.0
0.0
0.0
0.0
0.0
0.0
0.0
0.0
0.0
0.0
0.0
0.0
0.0
0.0
0.0
0.0
0.0
0.0
0.0
0.0
0.0
0.0
0.0
0.0
0.0
0.0
0.0
0.0
0.0
0.0
200.418151855
206.460891724
211.324569702
211.174606323
210.072311401
210.491592407
215.977462769
219.240982056
226.317321777
233.069946289
242.260894775
246.68699646
255.566589355
267.409698486
276.210632324
280.998321533
287.043365479
293.588256836
295.331207275
295.841033936
298.622802734
0.0
0.0
0.0
0.0
0.0
0.0
0.0
0.0
0.0
0.0
0.0
0.0
0.0
0.0
0.0
0.0
0.0
272.315704346
271.659118652
270.841217041
268.93258667
264.415222168
263.486480713
263.433685303
266.166900635
271.798614502
274.878875732
278.860870361
281.909545898
291.79385376
292.542266846
294.251800537
0.0
0.0
0.0
0.0
0.0
0.0
0.0
0.0
0.0
0.0
0.0
0.0
0.0
0.0
205.060577393
205.203125
205.070617676
203.823135376
198.01776123
193.543045044
191.175613403
188.687362671
187.580352783
187.135955811
185.772018433
182.759048462
182.16583252
176.304016113
168.359237671
165.805343628
166.378143311
167.391433716
169.595901489
173.598709106
174.712051392
177.48739624
178.032699585
178.059371948
177.933502197
177.979553223
177.720733643
177.606948853
175.081741333
175.501663208
175.172409058
175.316802979
173.657852173
174.148498535
174.118209839
173.891220093
173.664611816
176.337966919
176.352844238
176.342453003
176.506317139
179.651580811
180.299087524
183.744506836
183.590362549
186.349578857
0.0
0.0
0.0
0.0
0.0
0.0
0.0
0.0
0.0
0.0
0.0
0.0
0.0
0.0
0.0
0.0
0.0
0.0
0.0
198.300949097
195.890594482
195.800994873
191.756515503
191.313262939
186.409957886
180.303741455
176.448135376
171.742706299
0.0
0.0
0.0
0.0
0.0
0.0
0.0
197.593338013
196.145736694
195.798690796
195.976074219
199.147323608
203.062698364
204.185241699
206.284469604
206.758972168
211.208068848
211.915512085
213.067626953
217.256500244
219.934539795
224.61680603
228.820327759
232.795700073
237.380691528
238.413528442
239.525192261
239.246871948
0.0
0.0
0.0
0.0
0.0
0.0
0.0
0.0
0.0
0.0
0.0
0.0
0.0
0.0
0.0
0.0
0.0
233.717788696
232.822097778
230.778869629
228.035049438
223.908447266
219.700531006
0.0
0.0
0.0
0.0
0.0
239.322128296
239.261688232
235.220977783
228.250579834
225.883895874
219.372451782
214.837127686
205.344421387
202.105697632
191.236053467
187.280136108
180.503051758
180.296615601
179.312896729
176.450332642
176.147583008
172.352416992
171.125473022
169.108062744
168.701156616
168.472183228
168.127624512
166.956848145
163.496383667
161.153381348
158.678649902
155.597885132
0.0
0.0
0.0
0.0
0.0
166.689682007
167.032226563
166.899475098
166.685272217
165.786453247
165.965179443
164.665557861
162.244400024
161.966049194
161.26020813
161.341003418
160.94972229
162.218643188
162.185974121
163.667709351
164.095428467
165.801116943
167.990234375
0.0
0.0
0.0
0.0
0.0
0.0
0.0
0.0
0.0
0.0
0.0
0.0
0.0
0.0
0.0
0.0
0.0
0.0
0.0
0.0
0.0
0.0
0.0
0.0
0.0
0.0
0.0
0.0
0.0
0.0
0.0
0.0
0.0
0.0
0.0
0.0
0.0
0.0
0.0
0.0
0.0
0.0
0.0
0.0
0.0
0.0
0.0
0.0
0.0
0.0
0.0
0.0
0.0
0.0
0.0
0.0
0.0
0.0
0.0
0.0
0.0
0.0
0.0
0.0
0.0
0.0
0.0
0.0
0.0
0.0
0.0
0.0
0.0
0.0
0.0
0.0
0.0
0.0
0.0
0.0
0.0
0.0
0.0
0.0
0.0
0.0
0.0
0.0
0.0
0.0
0.0
0.0
0.0
0.0
0.0
0.0
0.0
0.0
0.0
0.0
0.0
0.0
0.0
0.0
0.0
0.0
0.0
0.0
0.0
0.0
0.0
0.0
0.0
0.0
0.0
0.0
0.0
0.0
0.0
0.0
0.0
0.0
0.0
0.0
0.0
0.0
0.0
0.0
0.0
0.0
0.0
0.0
0.0
0.0
0.0
0.0
0.0
0.0
0.0
0.0
0.0
0.0
0.0
0.0
0.0
0.0
0.0
0.0
0.0
0.0
0.0
0.0
0.0
0.0
0.0
0.0
0.0
0.0
0.0
0.0
0.0
0.0
0.0
0.0
0.0
0.0
0.0
0.0
0.0
0.0
0.0
0.0
0.0
0.0
0.0
0.0
0.0
0.0
0.0
0.0
0.0
0.0
0.0
0.0
0.0
0.0
0.0
