0.0
0.0
0.0
0.0
0.0
0.0
0.0
0.0
0.0
0.0
0.0
0.0
0.0
0.0
0.0
0.0
0.0
0.0
0.0
0.0
0.0
0.0
0.0
0.0
0.0
0.0
0.0
0.0
0.0
0.0
0.0
0.0
0.0
0.0
0.0
0.0
0.0
0.0
0.0
0.0
0.0
0.0
0.0
0.0
0.0
0.0
0.0
0.0
0.0
0.0
0.0
0.0
0.0
0.0
0.0
0.0
0.0
0.0
0.0
0.0
0.0
0.0
0.0
0.0
0.0
0.0
0.0
0.0
0.0
0.0
0.0
0.0
0.0
0.0
0.0
0.0
0.0
0.0
0.0
0.0
0.0
0.0
0.0
0.0
0.0
0.0
0.0
0.0
0.0
0.0
0.0
0.0
0.0
0.0
0.0
0.0
0.0
0.0
0.0
0.0
0.0
0.0
0.0
0.0
0.0
0.0
0.0
0.0
0.0
0.0
0.0
0.0
0.0
0.0
0.0
0.0
0.0
0.0
0.0
0.0
0.0
0.0
0.0
0.0
0.0
0.0
0.0
0.0
0.0
0.0
0.0
0.0
0.0
0.0
0.0
0.0
0.0
0.0
0.0
0.0
0.0
0.0
0.0
0.0
0.0
0.0
0.0
0.0
0.0
0.0
0.0
0.0
0.0
0.0
0.0
0.0
0.0
0.0
0.0
0.0
0.0
0.0
0.0
0.0
0.0
0.0
0.0
0.0
0.0
0.0
0.0
0.0
0.0
0.0
0.0
0.0
0.0
0.0
0.0
0.0
0.0
0.0
0.0
0.0
0.0
0.0
0.0
0.0
0.0
0.0
0.0
0.0
0.0
0.0
0.0
0.0
0.0
0.0
0.0
0.0
0.0
0.0
0.0
0.0
0.0
0.0
0.0
0.0
0.0
0.0
0.0
0.0
0.0
0.0
0.0
0.0
0.0
0.0
0.0
0.0
0.0
0.0
0.0
0.0
0.0
0.0
0.0
0.0
0.0
0.0
0.0
0.0
0.0
0.0
0.0
0.0
0.0
0.0
0.0
0.0
0.0
0.0
0.0
0.0
0.0
0.0
0.0
0.0
0.0
0.0
0.0
0.0
0.0
0.0
0.0
0.0
0.0
0.0
0.0
0.0
0.0
0.0
0.0
0.0
0.0
0.0
0.0
0.0
0.0
0.0
0.0
0.0
0.0
0.0
0.0
0.0
0.0
0.0
0.0
0.0
0.0
0.0
0.0
0.0
0.0
0.0
0.0
0.0
0.0
0.0
0.0
0.0
0.0
0.0
0.0
0.0
0.0
0.0
0.0
0.0
0.0
0.0
82.0414123535
81.1496734619
81.4249420166
83.4883880615
86.574546814
87.9864273071
87.8309783936
88.2363510132
88.8692016602
90.4498138428
93.8416671753
96.398223877
99.8495330811
101.750450134
102.236442566
99.3614578247
0.0
0.0
0.0
0.0
0.0
0.0
0.0
0.0
0.0
0.0
0.0
0.0
0.0
0.0
0.0
0.0
0.0
0.0
114.43662262
114.015640259
114.17906189
113.805595398
113.565086365
113.9167099
114.91493988
115.504631042
115.580574036
115.202346802
114.856582642
114.17375946
113.674247742
112.190284729
107.738319397
97.932800293
0.0
0.0
0.0
0.0
0.0
0.0
0.0
0.0
0.0
0.0
0.0
0.0
0.0
0.0
0.0
0.0
0.0
0.0
0.0
0.0
0.0
0.0
92.2190933228
90.3104324341
88.2065048218
87.5897064209
86.2940368652
84.0983428955
82.6697616577
82.5780181885
82.1543960571
81.8716583252
82.4665222168
83.8248977661
86.2850646973
87.6711273193
88.3165054321
79.3202590942
0.0
0.0
0.0
0.0
0.0
0.0
0.0
0.0
0.0
0.0
0.0
0.0
0.0
0.0
0.0
0.0
0.0
0.0
0.0
0.0
0.0
0.0
0.0
0.0
0.0
0.0
0.0
0.0
0.0
0.0
0.0
0.0
0.0
0.0
0.0
0.0
0.0
0.0
0.0
0.0
0.0
0.0
0.0
0.0
0.0
0.0
0.0
0.0
82.2621841431
81.3074569702
80.6918258667
80.2785644531
80.2202911377
80.0782470703
79.9061126709
79.8882217407
74.7865142822
0.0
0.0
0.0
0.0
0.0
0.0
0.0
0.0
0.0
0.0
0.0
0.0
0.0
0.0
84.6365432739
91.6906814575
94.4391555786
94.6862182617
93.8620986938
92.6707839966
89.4906921387
0.0
0.0
0.0
0.0
0.0
0.0
0.0
0.0
0.0
0.0
103.132408142
103.499794006
105.476905823
104.797058105
104.383552551
103.915382385
103.837898254
102.765304565
101.6824646
101.010864258
100.663215637
100.322738647
99.8608169556
99.6791000366
99.554107666
99.4920272827
99.4164733887
98.6571273804
97.9211196899
97.4295272827
96.9902267456
95.1278152466
90.4806900024
0.0
0.0
0.0
0.0
0.0
0.0
0.0
0.0
0.0
0.0
0.0
0.0
0.0
0.0
0.0
0.0
0.0
0.0
91.372505188
90.7533721924
90.5975112915
90.2856903076
89.6567840576
88.3322982788
86.2558135986
83.7402420044
81.7021560669
0.0
0.0
0.0
0.0
0.0
0.0
83.1168746948
86.0044708252
85.778213501
89.0444641113
88.7484207153
87.3073654175
85.1819076538
83.7714920044
82.5303192139
82.1114044189
81.5630950928
80.7863388062
80.3845596313
79.2139434814
78.8389434814
77.9881591797
77.2937164307
76.7880554199
75.5761489868
74.7707214355
73.6934432983
71.269493103
64.1728210449
62.5308570862
69.0778274536
0.0
0.0
0.0
0.0
0.0
0.0
0.0
0.0
0.0
0.0
77.5328598022
76.9617538452
78.2310409546
78.1844787598
78.4550628662
78.6141662598
78.7919082642
78.6897277832
77.8589096069
77.1084442139
74.509262085
79.6007843018
0.0
0.0
0.0
0.0
0.0
0.0
0.0
0.0
0.0
0.0
0.0
0.0
0.0
0.0
0.0
0.0
0.0
0.0
0.0
0.0
0.0
0.0
0.0
0.0
0.0
0.0
0.0
0.0
0.0
0.0
0.0
0.0
0.0
0.0
0.0
0.0
0.0
0.0
0.0
0.0
0.0
0.0
0.0
0.0
0.0
0.0
0.0
0.0
0.0
0.0
0.0
0.0
0.0
69.5148544312
73.5492248535
74.5920944214
74.7081832886
74.3292541504
72.1220779419
70.6529998779
69.705909729
72.2302703857
68.3274154663
66.805809021
67.8884429932
73.4506835938
76.3737869263
78.6644744873
81.5483093262
83.4781341553
85.9219589233
87.9367218018
89.7208557129
92.2390518188
95.3100967407
98.9637374878
102.008430481
105.048118591
108.036048889
111.354164124
114.451797485
116.485221863
118.313583374
119.469276428
120.08416748
120.075263977
119.638412476
117.138221741
114.91645813
111.299346924
107.502838135
105.764663696
0.0
0.0
0.0
0.0
0.0
93.9984054565
94.2763824463
92.2319869995
90.1430664063
87.6722946167
86.4540405273
86.4897384644
85.8324279785
85.7210617065
85.7663879395
86.4928436279
87.0508575439
87.905632019
88.4605941772
88.6911468506
88.7947387695
88.6819610596
88.5912017822
88.4284744263
88.2148666382
87.7334289551
86.9136505127
86.83959198
86.9461975098
86.92603302
86.0143203735
78.6058044434
0.0
0.0
0.0
0.0
0.0
0.0
0.0
0.0
83.6966018677
87.2409591675
88.3117828369
89.0662460327
89.9359207153
90.5505447388
90.8251724243
90.6426773071
90.3226623535
89.6987075806
88.6111907959
87.5114059448
84.1590042114
81.4248657227
78.2216949463
76.9421157837
87.6713790894
88.8895645142
85.8199691772
82.1874694824
77.404510498
0.0
0.0
0.0
0.0
0.0
0.0
0.0
84.1367340088
84.8152694702
84.4147796631
83.1295852661
81.5633468628
77.7328186035
75.5883026123
71.0765991211
0.0
0.0
0.0
0.0
0.0
0.0
0.0
0.0
0.0
81.1496353149
80.2241134644
82.5451889038
82.4681015015
82.2509841919
81.2941436768
80.6759872437
79.9438858032
79.5968322754
79.2603759766
79.1320724487
79.231918335
79.5285949707
79.8750305176
80.5489654541
79.2733459473
76.6161117554
74.3389205933
0.0
0.0
0.0
0.0
0.0
0.0
0.0
0.0
0.0
0.0
0.0
0.0
0.0
0.0
0.0
0.0
0.0
0.0
0.0
0.0
0.0
0.0
0.0
78.3936386108
77.6780395508
75.5850219727
74.8079681396
72.7237243652
70.0219039917
68.6951141357
0.0
0.0
0.0
0.0
0.0
0.0
56.90574646
57.7308921814
58.5448226929
57.6856536865
56.0906982422
56.1021347046
56.3613166809
56.3455848694
56.5464324951
57.0829811096
58.2527923584
57.8510742188
57.1322364807
54.7786827087
54.6217575073
0.0
0.0
0.0
0.0
0.0
0.0
0.0
0.0
0.0
0.0
0.0
0.0
0.0
0.0
0.0
0.0
0.0
0.0
0.0
0.0
0.0
0.0
0.0
0.0
0.0
0.0
0.0
0.0
0.0
0.0
0.0
0.0
0.0
0.0
0.0
0.0
0.0
0.0
0.0
0.0
0.0
0.0
0.0
0.0
0.0
0.0
0.0
0.0
0.0
0.0
0.0
0.0
0.0
0.0
0.0
0.0
0.0
0.0
0.0
0.0
0.0
0.0
0.0
0.0
0.0
0.0
0.0
0.0
0.0
0.0
0.0
0.0
0.0
0.0
0.0
0.0
0.0
0.0
0.0
0.0
0.0
0.0
0.0
0.0
0.0
0.0
0.0
0.0
0.0
0.0
0.0
0.0
0.0
0.0
0.0
0.0
0.0
0.0
0.0
0.0
0.0
0.0
0.0
0.0
0.0
0.0
0.0
0.0
0.0
0.0
