0.0
0.0
0.0
0.0
0.0
0.0
0.0
0.0
0.0
0.0
0.0
0.0
0.0
0.0
0.0
0.0
0.0
0.0
0.0
0.0
0.0
0.0
0.0
0.0
0.0
0.0
0.0
0.0
0.0
0.0
0.0
0.0
0.0
0.0
0.0
0.0
0.0
0.0
0.0
0.0
0.0
0.0
0.0
0.0
0.0
0.0
0.0
0.0
0.0
0.0
0.0
0.0
0.0
0.0
0.0
0.0
0.0
0.0
0.0
0.0
0.0
0.0
0.0
0.0
0.0
0.0
0.0
0.0
0.0
0.0
0.0
0.0
0.0
0.0
0.0
0.0
0.0
0.0
0.0
0.0
0.0
0.0
0.0
0.0
0.0
0.0
0.0
0.0
0.0
0.0
0.0
0.0
0.0
0.0
0.0
0.0
0.0
0.0
0.0
0.0
0.0
0.0
0.0
0.0
0.0
0.0
0.0
0.0
0.0
0.0
0.0
0.0
0.0
0.0
0.0
0.0
0.0
0.0
0.0
0.0
0.0
0.0
0.0
0.0
0.0
0.0
0.0
0.0
0.0
0.0
0.0
0.0
0.0
0.0
0.0
0.0
0.0
0.0
0.0
0.0
0.0
0.0
0.0
0.0
0.0
0.0
0.0
0.0
0.0
0.0
0.0
0.0
0.0
0.0
0.0
0.0
0.0
0.0
0.0
0.0
0.0
0.0
0.0
0.0
0.0
0.0
0.0
0.0
0.0
0.0
0.0
0.0
0.0
0.0
0.0
0.0
0.0
0.0
0.0
0.0
0.0
0.0
0.0
0.0
0.0
0.0
0.0
0.0
0.0
0.0
0.0
0.0
0.0
0.0
0.0
0.0
0.0
0.0
0.0
0.0
0.0
0.0
0.0
0.0
0.0
0.0
0.0
0.0
0.0
0.0
0.0
0.0
0.0
0.0
0.0
0.0
0.0
0.0
0.0
0.0
0.0
0.0
0.0
0.0
0.0
0.0
0.0
0.0
0.0
0.0
0.0
0.0
0.0
0.0
0.0
0.0
0.0
0.0
0.0
0.0
0.0
0.0
0.0
0.0
0.0
0.0
0.0
0.0
0.0
0.0
0.0
0.0
0.0
0.0
0.0
0.0
0.0
0.0
0.0
0.0
246.787078857
250.627258301
249.41784668
246.113189697
232.445678711
216.536605835
194.561798096
0.0
0.0
0.0
0.0
0.0
0.0
0.0
0.0
0.0
0.0
0.0
0.0
241.810333252
254.920959473
251.831924438
251.774856567
253.816574097
256.250244141
261.386962891
267.708007813
276.348999023
280.756744385
283.718688965
284.402130127
283.813262939
280.53503418
276.518707275
267.638061523
0.0
0.0
0.0
0.0
0.0
326.452911377
323.004119873
320.876708984
317.232086182
314.468780518
310.895446777
307.283630371
303.707275391
299.549560547
293.75378418
286.474060059
281.359313965
277.52633667
271.846466064
263.18737793
255.240570068
243.827224731
234.772567749
231.76890564
235.369735718
239.720108032
240.992507935
241.169921875
241.743026733
242.482177734
243.474899292
243.154266357
241.526901245
238.545639038
234.117675781
228.028671265
228.031509399
0.0
0.0
0.0
0.0
0.0
0.0
0.0
285.505187988
280.606994629
276.718841553
270.388336182
260.162872314
249.951980591
237.701904297
0.0
0.0
0.0
0.0
0.0
0.0
0.0
0.0
0.0
0.0
0.0
0.0
0.0
166.665710449
163.586105347
165.310562134
161.554199219
172.616333008
181.087799072
179.449249268
179.887008667
179.614089966
184.304199219
0.0
0.0
0.0
0.0
0.0
0.0
0.0
0.0
0.0
0.0
0.0
0.0
0.0
0.0
0.0
0.0
237.344177246
234.392501831
224.825088501
213.748825073
194.726486206
0.0
0.0
0.0
0.0
0.0
0.0
243.493270874
244.637954712
244.225753784
243.49937439
240.501693726
234.719894409
228.03074646
217.134750366
185.071044922
0.0
0.0
0.0
235.6355896
235.26449585
232.69430542
227.91633606
222.114257813
218.922485352
218.610046387
219.064163208
222.898773193
224.708190918
225.511535645
224.825622559
0.0
0.0
0.0
0.0
0.0
0.0
0.0
0.0
0.0
0.0
0.0
0.0
236.045318604
238.322097778
240.193344116
241.750152588
241.546722412
242.013198853
236.378829956
244.271087646
0.0
0.0
0.0
0.0
0.0
0.0
0.0
0.0
258.550628662
253.27507019
250.846817017
246.293670654
237.133300781
228.614837646
222.115066528
216.125442505
208.652130127
202.032272339
195.187438965
187.694091797
181.455169678
176.758224487
171.322692871
169.179122925
164.553100586
163.175445557
162.97328186
162.291976929
161.848953247
160.9349823
159.861312866
158.874908447
148.377288818
0.0
0.0
0.0
0.0
0.0
0.0
0.0
0.0
0.0
0.0
0.0
0.0
0.0
0.0
0.0
0.0
0.0
0.0
104.957511902
105.629608154
107.985740662
119.552284241
125.545768738
129.351119995
133.56149292
139.249908447
143.698059082
150.329833984
154.300323486
0.0
0.0
0.0
0.0
0.0
0.0
0.0
0.0
0.0
0.0
0.0
0.0
0.0
0.0
0.0
0.0
0.0
0.0
0.0
0.0
0.0
0.0
0.0
0.0
0.0
0.0
0.0
0.0
0.0
0.0
0.0
0.0
0.0
0.0
0.0
0.0
0.0
0.0
0.0
0.0
0.0
0.0
0.0
0.0
0.0
0.0
0.0
0.0
0.0
0.0
0.0
0.0
0.0
0.0
0.0
0.0
0.0
0.0
0.0
0.0
0.0
0.0
0.0
0.0
0.0
0.0
0.0
0.0
0.0
0.0
0.0
0.0
0.0
0.0
0.0
0.0
0.0
0.0
0.0
0.0
0.0
0.0
0.0
0.0
0.0
0.0
0.0
0.0
0.0
0.0
0.0
0.0
0.0
0.0
0.0
0.0
0.0
0.0
0.0
0.0
0.0
0.0
0.0
0.0
0.0
0.0
0.0
0.0
0.0
0.0
0.0
0.0
0.0
0.0
0.0
0.0
0.0
0.0
0.0
0.0
0.0
0.0
0.0
0.0
0.0
0.0
0.0
0.0
0.0
0.0
0.0
0.0
0.0
0.0
0.0
0.0
0.0
0.0
0.0
0.0
0.0
0.0
0.0
0.0
0.0
0.0
0.0
0.0
0.0
0.0
0.0
0.0
0.0
0.0
0.0
0.0
0.0
0.0
0.0
0.0
0.0
0.0
0.0
0.0
0.0
0.0
0.0
0.0
0.0
0.0
0.0
0.0
0.0
0.0
0.0
0.0
0.0
0.0
0.0
0.0
