0.0
0.0
0.0
0.0
0.0
0.0
0.0
0.0
0.0
0.0
0.0
0.0
0.0
0.0
0.0
0.0
0.0
0.0
0.0
0.0
0.0
0.0
0.0
0.0
0.0
0.0
0.0
0.0
0.0
0.0
0.0
0.0
0.0
0.0
0.0
0.0
0.0
0.0
0.0
0.0
0.0
0.0
0.0
0.0
0.0
0.0
0.0
0.0
0.0
0.0
0.0
0.0
0.0
0.0
0.0
0.0
0.0
0.0
0.0
0.0
0.0
0.0
0.0
0.0
0.0
0.0
0.0
0.0
0.0
0.0
0.0
0.0
0.0
0.0
0.0
0.0
0.0
0.0
0.0
0.0
0.0
0.0
0.0
0.0
0.0
0.0
0.0
0.0
0.0
0.0
0.0
0.0
0.0
0.0
0.0
0.0
0.0
0.0
0.0
0.0
0.0
0.0
0.0
0.0
0.0
0.0
0.0
0.0
0.0
0.0
0.0
0.0
0.0
0.0
0.0
0.0
0.0
0.0
0.0
0.0
0.0
0.0
0.0
0.0
0.0
0.0
0.0
0.0
0.0
0.0
0.0
0.0
0.0
0.0
0.0
0.0
0.0
0.0
0.0
0.0
0.0
0.0
0.0
0.0
0.0
0.0
0.0
0.0
0.0
0.0
0.0
0.0
0.0
0.0
0.0
0.0
0.0
0.0
0.0
0.0
0.0
0.0
0.0
0.0
0.0
0.0
0.0
0.0
0.0
0.0
0.0
0.0
0.0
0.0
0.0
0.0
0.0
0.0
0.0
0.0
0.0
0.0
0.0
0.0
0.0
0.0
0.0
0.0
0.0
0.0
0.0
0.0
0.0
0.0
0.0
0.0
0.0
0.0
0.0
0.0
0.0
0.0
0.0
0.0
0.0
0.0
0.0
0.0
0.0
0.0
0.0
0.0
0.0
0.0
0.0
0.0
0.0
0.0
0.0
0.0
0.0
0.0
0.0
0.0
0.0
0.0
0.0
0.0
0.0
0.0
0.0
0.0
0.0
0.0
0.0
0.0
0.0
0.0
0.0
0.0
0.0
0.0
0.0
0.0
0.0
0.0
0.0
0.0
0.0
0.0
0.0
0.0
0.0
0.0
0.0
0.0
0.0
0.0
0.0
0.0
0.0
0.0
0.0
0.0
0.0
0.0
0.0
0.0
0.0
0.0
0.0
0.0
0.0
0.0
0.0
0.0
0.0
0.0
0.0
0.0
0.0
0.0
0.0
0.0
0.0
0.0
0.0
0.0
228.592300415
223.222244263
217.204193115
206.452102661
198.774581909
195.355056763
192.135116577
190.860839844
0.0
0.0
0.0
0.0
0.0
0.0
210.989456177
208.665496826
207.734130859
207.31980896
207.535125732
208.916748047
211.410064697
212.661682129
213.531295776
214.780105591
215.393264771
217.088745117
220.317977905
224.437774658
228.251403809
230.010971069
230.976242065
231.207870483
231.718841553
231.614120483
231.325576782
229.758605957
229.688064575
229.605194092
229.662261963
226.400253296
223.824203491
218.071716309
212.396118164
205.873550415
202.838424683
200.158599854
198.457443237
198.262115479
196.148025513
196.012832642
195.715301514
195.417251587
195.622634888
196.454376221
197.217498779
197.446289063
197.672683716
197.700698853
197.75553894
197.891448975
198.089447021
198.142333984
198.053131104
198.142196655
198.191894531
198.828460693
198.963668823
199.123718262
199.600372314
199.406692505
199.468719482
198.892044067
198.96723938
198.724685669
198.635604858
198.148513794
197.414657593
197.253494263
197.197311401
197.168441772
197.140975952
197.864334106
198.31817627
198.253387451
197.966003418
196.47354126
195.506195068
0.0
0.0
0.0
0.0
0.0
0.0
0.0
0.0
0.0
0.0
0.0
0.0
0.0
0.0
0.0
0.0
0.0
0.0
0.0
0.0
0.0
206.859176636
202.559295654
201.558944702
198.987457275
199.390472412
200.810043335
201.701324463
202.480545044
203.763305664
204.707458496
205.540512085
206.468322754
207.058883667
207.166427612
206.979812622
207.104812622
206.90562439
210.990081787
211.982574463
214.786407471
214.578704834
214.240447998
211.730270386
209.410934448
207.343933105
202.880844116
200.948989868
202.960983276
203.65713501
203.375549316
201.247894287
198.495742798
197.02482605
195.776092529
194.910385132
192.64024353
191.983291626
191.232757568
0.0
0.0
0.0
0.0
0.0
0.0
0.0
0.0
0.0
0.0
0.0
0.0
0.0
0.0
0.0
0.0
204.692855835
203.555007935
201.486053467
199.238235474
198.138336182
198.006439209
0.0
0.0
0.0
0.0
0.0
0.0
0.0
0.0
0.0
0.0
0.0
0.0
0.0
0.0
200.786361694
198.431289673
195.352828979
194.537780762
194.143768311
193.398132324
192.792251587
191.414047241
191.421478271
191.407928467
191.743988037
192.027923584
192.25491333
193.42376709
193.231384277
193.528900146
190.325683594
190.115509033
0.0
0.0
0.0
0.0
0.0
0.0
0.0
194.049667358
191.625183105
189.959289551
188.644775391
187.604095459
187.07623291
187.064376831
188.770843506
189.486129761
188.332061768
187.901428223
185.617721558
0.0
0.0
0.0
0.0
0.0
0.0
0.0
0.0
0.0
0.0
0.0
0.0
188.237869263
187.969818115
186.893554688
187.448669434
187.5105896
187.927383423
188.465744019
189.481048584
190.682846069
193.351242065
195.356796265
196.531707764
197.124038696
0.0
0.0
0.0
0.0
0.0
0.0
0.0
0.0
0.0
0.0
0.0
0.0
0.0
0.0
0.0
0.0
0.0
0.0
0.0
0.0
0.0
204.433822632
202.583145142
201.783584595
200.661361694
198.700393677
197.628997803
197.990951538
198.155471802
198.767150879
198.85319519
198.539993286
197.690917969
196.866195679
196.755371094
193.364318848
0.0
0.0
0.0
0.0
0.0
0.0
0.0
0.0
0.0
0.0
0.0
0.0
0.0
95.6583328247
94.899559021
94.698135376
94.5229873657
94.6197738647
95.1855163574
95.6744384766
95.9235839844
96.1683197021
96.5140380859
96.9580078125
97.2645797729
97.5110397339
97.3603744507
97.1934127808
96.6769256592
96.2199859619
96.1344528198
96.228187561
97.2648010254
97.2647018433
97.2647476196
94.6029968262
0.0
0.0
0.0
0.0
0.0
0.0
0.0
0.0
0.0
0.0
0.0
0.0
0.0
0.0
0.0
0.0
0.0
96.2010040283
96.9218521118
97.2004547119
97.6190948486
196.20274353
195.724014282
195.807937622
186.762619019
0.0
0.0
0.0
0.0
0.0
0.0
0.0
0.0
0.0
0.0
0.0
93.8835296631
92.9394760132
92.5172576904
91.9248275757
92.1620864868
93.013999939
93.8069000244
92.9521942139
91.8279037476
65.8297729492
65.8307495117
0.0
0.0
0.0
0.0
0.0
0.0
0.0
0.0
0.0
0.0
0.0
0.0
0.0
0.0
0.0
0.0
0.0
0.0
0.0
0.0
0.0
0.0
0.0
0.0
0.0
0.0
0.0
0.0
0.0
0.0
0.0
0.0
0.0
0.0
0.0
0.0
0.0
0.0
0.0
0.0
0.0
0.0
0.0
0.0
0.0
0.0
0.0
0.0
0.0
0.0
0.0
0.0
0.0
0.0
0.0
0.0
0.0
0.0
0.0
0.0
0.0
0.0
0.0
0.0
0.0
0.0
0.0
0.0
0.0
0.0
0.0
0.0
0.0
0.0
0.0
0.0
0.0
0.0
0.0
0.0
0.0
0.0
0.0
0.0
0.0
0.0
0.0
0.0
0.0
0.0
0.0
0.0
0.0
0.0
0.0
0.0
0.0
0.0
0.0
0.0
0.0
0.0
0.0
0.0
0.0
0.0
0.0
0.0
0.0
0.0
0.0
0.0
0.0
0.0
0.0
0.0
0.0
0.0
0.0
0.0
0.0
0.0
0.0
0.0
0.0
0.0
0.0
0.0
0.0
0.0
0.0
0.0
0.0
0.0
0.0
0.0
0.0
0.0
0.0
0.0
0.0
0.0
0.0
0.0
0.0
0.0
0.0
0.0
0.0
0.0
0.0
0.0
0.0
0.0
0.0
0.0
0.0
0.0
0.0
0.0
0.0
0.0
0.0
0.0
0.0
0.0
0.0
0.0
0.0
0.0
0.0
0.0
0.0
0.0
0.0
0.0
0.0
0.0
0.0
0.0
0.0
0.0
0.0
0.0
0.0
0.0
0.0
0.0
0.0
0.0
0.0
0.0
0.0
0.0
