0.0
0.0
0.0
0.0
0.0
0.0
0.0
0.0
0.0
0.0
0.0
0.0
0.0
0.0
0.0
0.0
0.0
0.0
0.0
0.0
0.0
0.0
0.0
0.0
0.0
0.0
0.0
0.0
0.0
0.0
0.0
0.0
0.0
0.0
0.0
0.0
0.0
0.0
0.0
0.0
0.0
0.0
0.0
0.0
0.0
0.0
0.0
0.0
0.0
0.0
0.0
0.0
0.0
0.0
0.0
0.0
0.0
0.0
0.0
0.0
0.0
0.0
0.0
0.0
0.0
0.0
0.0
0.0
0.0
0.0
0.0
0.0
0.0
0.0
0.0
0.0
0.0
0.0
0.0
0.0
0.0
0.0
0.0
0.0
0.0
0.0
0.0
0.0
0.0
0.0
0.0
0.0
0.0
0.0
0.0
0.0
0.0
0.0
0.0
0.0
0.0
0.0
0.0
0.0
0.0
0.0
0.0
0.0
0.0
0.0
0.0
0.0
0.0
0.0
0.0
0.0
0.0
0.0
0.0
0.0
0.0
0.0
0.0
0.0
0.0
0.0
0.0
0.0
0.0
0.0
0.0
0.0
0.0
0.0
0.0
0.0
0.0
0.0
0.0
0.0
0.0
0.0
0.0
0.0
0.0
0.0
0.0
0.0
0.0
0.0
0.0
0.0
0.0
0.0
0.0
0.0
0.0
0.0
0.0
0.0
0.0
0.0
0.0
0.0
0.0
0.0
0.0
0.0
0.0
0.0
0.0
0.0
0.0
0.0
0.0
0.0
0.0
0.0
0.0
0.0
0.0
0.0
0.0
0.0
0.0
0.0
0.0
0.0
0.0
0.0
0.0
0.0
0.0
0.0
0.0
0.0
0.0
0.0
0.0
0.0
0.0
0.0
0.0
0.0
0.0
0.0
0.0
0.0
0.0
0.0
0.0
0.0
0.0
0.0
0.0
0.0
0.0
0.0
0.0
0.0
0.0
0.0
0.0
0.0
0.0
0.0
0.0
0.0
0.0
0.0
0.0
0.0
0.0
0.0
0.0
0.0
0.0
0.0
0.0
0.0
0.0
0.0
0.0
0.0
0.0
0.0
0.0
0.0
0.0
0.0
0.0
0.0
0.0
0.0
0.0
0.0
0.0
0.0
0.0
0.0
0.0
0.0
0.0
0.0
0.0
0.0
0.0
0.0
0.0
0.0
0.0
0.0
0.0
0.0
0.0
0.0
0.0
0.0
0.0
0.0
0.0
0.0
0.0
0.0
0.0
0.0
0.0
0.0
0.0
0.0
0.0
0.0
0.0
0.0
0.0
0.0
0.0
0.0
0.0
0.0
0.0
0.0
0.0
0.0
0.0
0.0
0.0
0.0
0.0
0.0
0.0
0.0
0.0
0.0
0.0
0.0
0.0
0.0
0.0
0.0
0.0
0.0
0.0
0.0
0.0
0.0
0.0
0.0
0.0
0.0
0.0
0.0
0.0
0.0
0.0
0.0
0.0
0.0
0.0
0.0
0.0
0.0
0.0
0.0
0.0
184.201721191
185.806671143
188.697174072
190.282562256
190.803924561
190.419891357
189.885742188
192.789108276
196.35484314
201.067382813
205.834518433
211.413040161
215.39491272
216.226669312
213.823730469
209.807510376
203.162918091
196.434249878
189.222747803
188.639923096
213.127960205
220.041625977
223.402709961
221.39630127
220.889022827
219.504516602
218.786087036
217.875259399
217.618453979
216.735397339
216.519821167
215.221862793
213.386169434
212.484619141
210.062652588
205.567733765
200.75088501
199.621398926
195.573501587
192.771209717
188.341430664
185.108810425
183.851867676
183.3487854
181.954101563
178.525604248
178.308425903
176.34135437
173.543319702
169.755020142
166.872329712
164.666229248
0.0
0.0
0.0
0.0
0.0
86.4687805176
85.0310592651
83.0669326782
81.7987365723
163.392715454
163.646621704
163.809494019
165.071380615
169.686309814
175.146743774
182.48614502
186.890197754
191.440505981
198.860977173
210.065994263
219.565109253
226.843322754
234.078094482
241.609008789
246.592132568
249.961181641
254.939880371
257.543548584
261.000976563
263.217437744
266.169494629
268.491912842
269.545349121
270.61050415
272.719085693
273.845306396
275.405090332
276.207000732
277.235900879
279.218200684
280.61114502
282.150054932
283.806488037
284.219451904
284.587005615
284.632263184
283.953735352
276.027191162
253.315719604
0.0
0.0
0.0
0.0
0.0
0.0
0.0
0.0
0.0
0.0
0.0
244.654678345
244.141098022
240.771102905
237.129562378
235.06892395
233.101150513
230.161987305
226.886260986
219.669509888
212.772064209
204.58656311
199.395843506
194.022644043
189.193313599
186.328262329
183.79208374
181.995666504
179.775482178
177.087463379
175.659545898
173.55418396
171.718597412
168.4715271
166.24230957
163.899551392
161.283477783
160.110137939
157.427536011
157.142852783
156.167282104
156.168273926
155.056213379
154.079299927
151.531143188
149.899795532
0.0
0.0
0.0
0.0
0.0
0.0
0.0
0.0
0.0
0.0
0.0
0.0
0.0
0.0
0.0
0.0
0.0
0.0
0.0
0.0
0.0
179.693969727
178.77130127
178.772903442
177.208480835
179.297729492
0.0
0.0
0.0
0.0
0.0
0.0
0.0
0.0
167.231140137
165.022674561
162.270004272
161.996810913
160.706619263
158.968429565
158.431015015
157.635635376
156.607070923
154.881149292
153.758132935
153.661392212
155.592056274
159.16192627
157.121368408
0.0
0.0
0.0
0.0
0.0
0.0
0.0
0.0
0.0
0.0
0.0
0.0
0.0
0.0
0.0
0.0
0.0
0.0
0.0
152.622329712
152.033126831
146.764587402
146.445541382
145.675415039
145.887481689
145.966567993
146.093460083
148.46333313
150.024002075
152.311157227
154.19190979
156.277023315
155.497390747
155.089614868
153.113479614
156.242263794
0.0
0.0
0.0
0.0
0.0
0.0
0.0
0.0
0.0
0.0
0.0
0.0
0.0
0.0
0.0
0.0
0.0
0.0
0.0
0.0
0.0
0.0
0.0
0.0
0.0
0.0
0.0
0.0
0.0
0.0
0.0
0.0
0.0
0.0
0.0
0.0
0.0
0.0
0.0
0.0
0.0
0.0
0.0
0.0
0.0
0.0
0.0
0.0
0.0
0.0
0.0
0.0
0.0
0.0
0.0
0.0
0.0
0.0
0.0
0.0
0.0
0.0
0.0
0.0
0.0
0.0
0.0
0.0
0.0
0.0
0.0
0.0
0.0
0.0
0.0
0.0
0.0
0.0
0.0
0.0
0.0
0.0
0.0
0.0
0.0
0.0
0.0
0.0
0.0
0.0
0.0
0.0
0.0
0.0
0.0
0.0
0.0
0.0
0.0
0.0
0.0
0.0
0.0
0.0
0.0
0.0
0.0
0.0
0.0
0.0
0.0
0.0
0.0
0.0
0.0
0.0
0.0
0.0
0.0
0.0
0.0
0.0
0.0
0.0
0.0
0.0
0.0
0.0
0.0
0.0
0.0
0.0
0.0
0.0
0.0
0.0
0.0
0.0
0.0
0.0
0.0
0.0
0.0
0.0
0.0
0.0
0.0
0.0
0.0
0.0
0.0
0.0
0.0
0.0
0.0
0.0
