0.0
0.0
0.0
0.0
0.0
0.0
0.0
0.0
0.0
0.0
0.0
0.0
0.0
0.0
0.0
0.0
0.0
0.0
0.0
0.0
0.0
0.0
0.0
0.0
0.0
0.0
0.0
0.0
0.0
0.0
0.0
0.0
0.0
0.0
0.0
0.0
0.0
0.0
0.0
0.0
0.0
0.0
0.0
0.0
0.0
0.0
0.0
0.0
0.0
0.0
0.0
0.0
0.0
0.0
0.0
0.0
0.0
0.0
0.0
0.0
0.0
0.0
0.0
0.0
0.0
0.0
0.0
0.0
0.0
0.0
0.0
0.0
0.0
0.0
0.0
0.0
0.0
0.0
0.0
0.0
0.0
0.0
0.0
0.0
0.0
0.0
0.0
0.0
0.0
0.0
0.0
0.0
0.0
0.0
0.0
0.0
0.0
0.0
0.0
0.0
0.0
0.0
0.0
0.0
0.0
0.0
0.0
0.0
0.0
0.0
0.0
0.0
0.0
0.0
0.0
0.0
0.0
0.0
0.0
0.0
0.0
0.0
0.0
0.0
0.0
0.0
0.0
0.0
0.0
0.0
0.0
0.0
0.0
0.0
0.0
0.0
0.0
0.0
0.0
0.0
0.0
0.0
0.0
0.0
0.0
0.0
0.0
0.0
0.0
0.0
0.0
0.0
0.0
0.0
0.0
0.0
0.0
0.0
0.0
0.0
0.0
0.0
0.0
0.0
0.0
0.0
0.0
0.0
0.0
0.0
0.0
0.0
0.0
0.0
0.0
0.0
0.0
0.0
0.0
0.0
0.0
0.0
0.0
0.0
0.0
0.0
0.0
0.0
0.0
0.0
0.0
0.0
0.0
0.0
0.0
0.0
0.0
0.0
0.0
0.0
0.0
0.0
0.0
0.0
0.0
0.0
0.0
0.0
0.0
0.0
0.0
0.0
0.0
0.0
0.0
0.0
0.0
0.0
0.0
0.0
0.0
0.0
0.0
0.0
0.0
0.0
0.0
0.0
0.0
0.0
0.0
0.0
0.0
0.0
0.0
0.0
0.0
0.0
0.0
0.0
0.0
0.0
0.0
0.0
0.0
0.0
0.0
0.0
0.0
0.0
0.0
0.0
0.0
0.0
0.0
0.0
0.0
0.0
0.0
0.0
0.0
0.0
0.0
0.0
0.0
0.0
0.0
0.0
0.0
0.0
0.0
0.0
217.738800049
221.344238281
224.224182129
223.863510132
218.678894043
201.51322937
191.366210938
183.433105469
183.008224487
187.788101196
233.421066284
234.104537964
233.359680176
231.978363037
230.153778076
228.046722412
227.414413452
226.911911011
226.001449585
224.929168701
223.234863281
220.949829102
217.574920654
216.105880737
215.081192017
215.110137939
215.808166504
217.108734131
218.480072021
219.217376709
219.573638916
219.871398926
219.72354126
219.876754761
220.573318481
221.748596191
223.118301392
224.559967041
223.407089233
222.162078857
215.81451416
210.938873291
219.67930603
0.0
0.0
0.0
0.0
0.0
0.0
0.0
0.0
0.0
0.0
0.0
0.0
0.0
0.0
0.0
0.0
0.0
0.0
0.0
0.0
0.0
0.0
0.0
0.0
0.0
0.0
0.0
0.0
0.0
0.0
0.0
0.0
0.0
0.0
0.0
0.0
0.0
0.0
202.95513916
210.065658569
210.967880249
212.682769775
210.202758789
207.497238159
205.032180786
203.164627075
201.495437622
200.570022583
200.741119385
203.061843872
205.56803894
208.245010376
211.416534424
212.10395813
209.830795288
205.062652588
199.621643066
192.81350708
0.0
0.0
0.0
0.0
0.0
0.0
0.0
0.0
0.0
0.0
0.0
0.0
0.0
0.0
0.0
0.0
0.0
209.845855713
208.732421875
207.08531189
204.802032471
202.705749512
201.260040283
200.139251709
199.320098877
199.06803894
198.956359863
198.705078125
198.281341553
198.048248291
198.295150757
198.727294922
199.225326538
199.856536865
200.507720947
201.21156311
202.127609253
203.426452637
205.282531738
207.811279297
210.054916382
211.903717041
212.535903931
211.232940674
208.036407471
205.120330811
200.757843018
202.639312744
0.0
0.0
0.0
0.0
0.0
0.0
0.0
0.0
0.0
0.0
0.0
0.0
0.0
0.0
0.0
0.0
0.0
0.0
0.0
0.0
0.0
201.55241394
191.930664063
189.389160156
185.687011719
172.477310181
170.970840454
170.983963013
0.0
0.0
0.0
0.0
0.0
213.604415894
212.579238892
211.293365479
209.842651367
204.691543579
199.348220825
191.415756226
167.538833618
0.0
0.0
0.0
0.0
0.0
0.0
0.0
0.0
0.0
221.347259521
221.496002197
221.637557983
221.15397644
220.71005249
220.007965088
218.899627686
216.754653931
214.755462646
211.515014648
207.705810547
204.381271362
201.438598633
203.559082031
205.587036133
202.200927734
206.127731323
210.182144165
228.719543457
240.045349121
254.643844604
248.782943726
250.155227661
251.236587524
254.42956543
256.722747803
260.753326416
266.566375732
274.892791748
284.986968994
296.188568115
305.553222656
313.577911377
318.632537842
323.056427002
325.336120605
328.035430908
328.291687012
327.254547119
321.317810059
305.197845459
287.881225586
269.373657227
245.111282349
0.0
0.0
0.0
0.0
0.0
0.0
0.0
0.0
0.0
0.0
0.0
0.0
0.0
0.0
0.0
0.0
0.0
0.0
0.0
0.0
0.0
0.0
0.0
0.0
0.0
0.0
0.0
0.0
0.0
0.0
0.0
0.0
0.0
0.0
0.0
0.0
0.0
0.0
0.0
0.0
0.0
0.0
0.0
0.0
0.0
0.0
0.0
0.0
0.0
0.0
0.0
0.0
0.0
0.0
0.0
0.0
0.0
0.0
0.0
0.0
0.0
0.0
0.0
0.0
0.0
0.0
0.0
0.0
0.0
0.0
0.0
0.0
0.0
0.0
0.0
0.0
0.0
0.0
0.0
0.0
0.0
0.0
0.0
0.0
0.0
0.0
0.0
0.0
0.0
0.0
0.0
0.0
0.0
0.0
0.0
0.0
0.0
0.0
0.0
0.0
0.0
0.0
0.0
0.0
0.0
0.0
0.0
0.0
0.0
0.0
0.0
0.0
0.0
0.0
0.0
0.0
0.0
0.0
0.0
0.0
0.0
0.0
0.0
0.0
0.0
0.0
0.0
0.0
0.0
0.0
0.0
0.0
0.0
0.0
0.0
0.0
0.0
0.0
0.0
0.0
0.0
