0.0
0.0
0.0
0.0
0.0
0.0
0.0
0.0
0.0
0.0
0.0
0.0
0.0
0.0
0.0
0.0
0.0
0.0
0.0
0.0
0.0
0.0
0.0
0.0
0.0
0.0
0.0
0.0
0.0
0.0
0.0
0.0
0.0
0.0
0.0
0.0
0.0
0.0
0.0
0.0
0.0
0.0
0.0
0.0
0.0
0.0
0.0
0.0
0.0
0.0
0.0
0.0
0.0
0.0
0.0
0.0
0.0
0.0
0.0
0.0
0.0
0.0
0.0
0.0
0.0
0.0
0.0
0.0
0.0
0.0
0.0
0.0
0.0
0.0
0.0
0.0
0.0
0.0
0.0
0.0
0.0
0.0
0.0
0.0
0.0
0.0
0.0
0.0
0.0
0.0
0.0
0.0
0.0
0.0
0.0
0.0
0.0
0.0
0.0
0.0
0.0
0.0
0.0
0.0
0.0
0.0
0.0
0.0
0.0
0.0
0.0
0.0
0.0
0.0
0.0
0.0
0.0
0.0
0.0
0.0
0.0
0.0
0.0
0.0
0.0
0.0
0.0
0.0
0.0
0.0
0.0
0.0
0.0
0.0
0.0
0.0
0.0
0.0
0.0
0.0
0.0
0.0
0.0
0.0
0.0
0.0
0.0
0.0
0.0
0.0
0.0
0.0
0.0
0.0
0.0
0.0
0.0
0.0
0.0
0.0
0.0
0.0
0.0
0.0
0.0
0.0
0.0
0.0
0.0
0.0
0.0
0.0
0.0
0.0
0.0
0.0
0.0
0.0
0.0
0.0
0.0
0.0
0.0
0.0
0.0
0.0
0.0
0.0
0.0
0.0
0.0
0.0
0.0
0.0
0.0
0.0
0.0
0.0
0.0
0.0
0.0
0.0
0.0
0.0
0.0
0.0
0.0
0.0
0.0
0.0
0.0
0.0
0.0
0.0
0.0
0.0
0.0
0.0
0.0
0.0
0.0
0.0
0.0
0.0
0.0
0.0
0.0
0.0
0.0
0.0
0.0
0.0
0.0
0.0
0.0
0.0
0.0
0.0
0.0
0.0
0.0
0.0
0.0
0.0
0.0
0.0
0.0
0.0
0.0
0.0
0.0
0.0
0.0
0.0
0.0
118.759216309
117.784660339
117.372261047
115.348388672
110.983253479
0.0
0.0
0.0
0.0
0.0
0.0
0.0
0.0
0.0
0.0
0.0
0.0
0.0
0.0
0.0
58.8270301819
59.4864768982
59.2523269653
59.7632026672
60.7799987793
63.3663635254
65.0766906738
133.982131958
135.684158325
139.996520996
142.808578491
143.295043945
143.162322998
143.773010254
147.01789856
150.822265625
168.658447266
185.376419067
183.481719971
179.369018555
173.598403931
164.77746582
156.593658447
149.62828064
159.082351685
0.0
0.0
0.0
0.0
0.0
0.0
0.0
0.0
0.0
0.0
0.0
0.0
135.414077759
133.978164673
131.551467896
129.922546387
129.202468872
129.392669678
129.493118286
129.614608765
129.08102417
127.454872131
127.09752655
127.400238037
128.755813599
130.729614258
132.164993286
133.490158081
134.779556274
135.19392395
134.265777588
128.919342041
124.160690308
118.724487305
112.018882751
0.0
0.0
0.0
0.0
0.0
0.0
0.0
0.0
0.0
0.0
0.0
0.0
0.0
114.647232056
114.460746765
114.028816223
113.372589111
112.243400574
111.393920898
110.435882568
109.120147705
106.695747375
104.353340149
102.066490173
100.488121033
99.0216445923
98.0176086426
97.9548873901
97.8960571289
98.2360229492
98.9819335938
99.9425048828
100.868774414
101.948791504
102.402366638
102.910713196
103.104827881
103.311843872
103.604515076
103.807281494
103.483596802
102.990463257
102.293586731
101.45085907
100.654029846
99.609703064
98.2459564209
96.7433776855
95.4480514526
94.3396911621
93.4892044067
93.4516067505
92.9770355225
92.367515564
92.1771392822
92.3486251831
92.9685897827
93.166809082
93.3723526001
92.5073852539
91.302154541
90.0023803711
89.635925293
0.0
0.0
0.0
0.0
0.0
0.0
0.0
0.0
0.0
0.0
0.0
0.0
0.0
0.0
0.0
0.0
0.0
0.0
0.0
0.0
0.0
0.0
0.0
0.0
0.0
0.0
0.0
0.0
0.0
0.0
0.0
0.0
0.0
0.0
0.0
0.0
0.0
0.0
0.0
0.0
0.0
0.0
107.266304016
105.927688599
104.258735657
102.486198425
99.1871032715
95.9041366577
93.3085327148
90.0682525635
86.7210617065
90.9679641724
0.0
0.0
0.0
0.0
0.0
111.724700928
110.133224487
109.996299744
111.48097229
112.399978638
112.483612061
111.432662964
109.658966064
113.479530334
0.0
0.0
125.561843872
125.253456116
124.46308136
124.218254089
123.284355164
122.205688477
120.389160156
116.518859863
112.495063782
107.793907166
0.0
0.0
0.0
0.0
0.0
0.0
0.0
0.0
0.0
0.0
0.0
0.0
0.0
0.0
0.0
0.0
0.0
0.0
114.254745483
112.074684143
109.091400146
106.797309875
104.128135681
102.105575562
99.5828781128
96.8104934692
94.3397979736
92.6516876221
91.0024185181
90.7456588745
91.3760604858
89.0531616211
93.113494873
89.6000900269
0.0
0.0
0.0
0.0
0.0
0.0
0.0
0.0
0.0
0.0
0.0
0.0
0.0
0.0
0.0
0.0
0.0
0.0
0.0
0.0
0.0
0.0
0.0
0.0
0.0
0.0
0.0
0.0
0.0
0.0
0.0
0.0
0.0
0.0
0.0
0.0
0.0
0.0
0.0
0.0
0.0
0.0
0.0
0.0
0.0
0.0
0.0
0.0
0.0
0.0
0.0
0.0
0.0
0.0
0.0
0.0
0.0
0.0
0.0
0.0
0.0
0.0
0.0
0.0
0.0
0.0
0.0
0.0
0.0
0.0
0.0
0.0
0.0
0.0
0.0
0.0
0.0
0.0
0.0
0.0
0.0
0.0
0.0
0.0
0.0
0.0
0.0
0.0
0.0
0.0
0.0
0.0
0.0
0.0
0.0
0.0
0.0
0.0
0.0
0.0
0.0
0.0
0.0
0.0
0.0
0.0
0.0
0.0
0.0
0.0
0.0
0.0
0.0
0.0
0.0
0.0
0.0
0.0
0.0
0.0
0.0
0.0
0.0
0.0
0.0
0.0
0.0
0.0
0.0
0.0
0.0
0.0
0.0
0.0
0.0
0.0
0.0
0.0
0.0
0.0
0.0
0.0
0.0
0.0
0.0
0.0
0.0
