0.0
0.0
0.0
0.0
0.0
0.0
0.0
0.0
0.0
0.0
0.0
0.0
0.0
0.0
0.0
0.0
0.0
0.0
0.0
0.0
0.0
0.0
0.0
147.96787534070936
0.0
0.0
0.0
0.0
0.0
0.0
0.0
0.0
0.0
0.0
0.0
0.0
0.0
0.0
0.0
0.0
0.0
0.0
0.0
0.0
0.0
0.0
0.0
0.0
0.0
0.0
0.0
0.0
0.0
0.0
0.0
0.0
0.0
0.0
0.0
0.0
0.0
0.0
0.0
0.0
0.0
0.0
0.0
0.0
0.0
0.0
0.0
0.0
0.0
0.0
0.0
0.0
0.0
0.0
0.0
0.0
0.0
0.0
0.0
0.0
0.0
0.0
0.0
0.0
0.0
0.0
0.0
0.0
0.0
0.0
0.0
0.0
0.0
0.0
0.0
0.0
0.0
0.0
0.0
0.0
0.0
0.0
0.0
0.0
0.0
0.0
0.0
0.0
0.0
0.0
0.0
0.0
0.0
0.0
0.0
0.0
0.0
0.0
0.0
0.0
0.0
0.0
0.0
0.0
0.0
0.0
0.0
0.0
0.0
0.0
0.0
0.0
0.0
0.0
0.0
0.0
0.0
0.0
0.0
0.0
0.0
0.0
0.0
0.0
0.0
0.0
0.0
0.0
0.0
0.0
0.0
0.0
0.0
0.0
0.0
0.0
0.0
0.0
0.0
0.0
0.0
0.0
0.0
0.0
0.0
0.0
0.0
0.0
0.0
0.0
0.0
0.0
0.0
0.0
0.0
0.0
0.0
0.0
0.0
0.0
0.0
0.0
0.0
0.0
0.0
0.0
0.0
0.0
0.0
0.0
0.0
0.0
0.0
0.0
0.0
0.0
0.0
0.0
0.0
0.0
0.0
0.0
0.0
0.0
0.0
0.0
0.0
0.0
0.0
0.0
0.0
0.0
0.0
32.40736676952221
0.0
0.0
0.0
0.0
0.0
0.0
0.0
0.0
0.0
0.0
0.0
0.0
0.0
0.0
0.0
0.0
0.0
0.0
0.0
0.0
0.0
0.0
0.0
0.0
0.0
0.0
0.0
0.0
0.0
0.0
0.0
0.0
0.0
0.0
0.0
0.0
0.0
0.0
0.0
0.0
0.0
0.0
0.0
0.0
0.0
0.0
0.0
0.0
0.0
0.0
0.0
0.0
0.0
0.0
0.0
0.0
0.0
0.0
0.0
0.0
0.0
0.0
0.0
0.0
0.0
249.88236307518912
242.65708011991848
0.0
228.3041587313674
225.22686707934412
221.7197732027862
218.1836662088204
213.7544798219416
0.0
196.0792908081308
190.48702048013024
0.0
0.0
0.0
0.0
0.0
218.59372210797633
214.50016161120385
211.29861219754832
209.80302545337082
208.53189307265365
207.99404461974524
208.4440060214288
209.91752011660049
211.53028192829112
212.84293102497992
213.7685168532099
214.6007709190752
215.57548399264905
218.81498545383405
223.67381892855988
227.1872555140054
229.01076641530983
230.52161993908345
231.64311100917297
232.1246201345437
232.34473611543154
231.8075396108787
230.3108145546438
229.71543418308403
229.94984372208418
230.3356357787868
228.62942196200396
226.2434600995124
222.66229130264526
217.1673766396127
210.26300216384988
205.92806118054574
202.20447647640128
197.84188453742442
196.73848474936815
197.33476748139122
197.10906669252057
196.69027058536756
196.36129871309944
196.6462866606224
197.76033840513912
199.03032291479997
199.10516826146687
198.55533534523727
198.2574162140233
198.0635378929799
197.95198281396014
197.88234769310347
198.07146595121088
198.2225279631416
198.22460888622967
198.26117796599928
198.50514469169468
198.85888107180608
198.94766984798298
198.94341143192185
198.99434099997382
198.98106963254676
198.9166843573557
198.8701425895883
198.80868855269992
198.66173528464432
198.28244234084815
197.6825441359262
197.25305662073498
197.1579714102715
196.96707856215914
196.8970270302246
197.09904925243728
197.22285954915986
196.9894578862017
196.38987512099465
195.28339490997692
193.15197165608498
0.0
0.0
0.0
0.0
0.0
0.0
0.0
0.0
0.0
0.0
0.0
0.0
0.0
0.0
0.0
0.0
0.0
0.0
0.0
0.0
0.0
0.0
206.5995835562358
202.30757595005247
200.2888246120433
199.16083250273587
199.5672669577331
200.56854934607415
201.0708903389154
201.09304871185748
201.0470756315267
202.93902736970648
205.24092970698152
206.3331300057442
207.1142881020532
207.82704201790338
208.72882403794813
210.05027341331277
211.38851048839894
212.66537062817764
213.52388754174856
214.23996426898123
213.96365823207202
213.0420218123948
211.48849122152484
209.36443519367984
206.7652442728833
204.7231817626855
205.73339110488038
206.2454057730001
205.06297944494307
203.17370775891786
201.09630174524779
198.7312508051991
196.82944408844276
195.49452139202327
194.16120284775243
192.24450257360746
189.8022788365857
186.10406304445695
0.0
0.0
0.0
195.5550823952298
194.36481148513752
0.0
0.0
0.0
0.0
0.0
0.0
0.0
0.0
0.0
0.0
205.8706009407918
204.17944672082083
203.50833037797398
202.137725476034
199.08953642859288
0.0
0.0
0.0
0.0
0.0
0.0
0.0
0.0
0.0
0.0
0.0
0.0
0.0
0.0
204.0012805371971
201.5187535827795
199.40015185842267
197.49190211005538
195.6638963839134
195.00750832721718
194.51083335711962
193.88428034700948
193.1054885104411
192.1844032681858
191.81274905222352
191.89368719962096
192.23207387139777
192.043823936715
191.7664904813144
191.64218620391574
190.95837176210918
189.76134876900863
188.53015231229017
0.0
0.0
0.0
0.0
0.0
0.0
0.0
196.88305370953418
193.99820984084303
190.8249223808673
188.66577664782116
187.07118289058252
185.8672588486678
185.31716502150758
185.1708235626201
185.60960456611085
186.76467970181093
187.20910312969264
186.36172561902245
185.48456593656675
183.952836661268
0.0
0.0
0.0
185.4715763278739
0.0
0.0
0.0
0.0
0.0
189.67946744770165
189.71089489614144
189.10778953629656
188.66768275968838
188.18907178693493
188.2543609730861
188.23832000073682
188.10630081355663
188.81182970018838
190.4864852813035
192.4412527970964
194.43694343477182
196.01765107707138
196.77440799459708
196.58406612754243
195.07327938519757
0.0
0.0
0.0
0.0
0.0
0.0
0.0
0.0
0.0
0.0
0.0
0.0
0.0
0.0
0.0
0.0
0.0
0.0
0.0
204.2640978059964
203.32582910995032
203.0158975137382
201.87278402990185
200.41585646877843
199.68794018567795
199.81483487456245
199.94912550666922
199.6550030196242
199.22220481391741
198.628669841235
197.9313953954062
196.96669111589057
195.76763972008192
193.75993506137505
0.0
0.0
0.0
0.0
0.0
0.0
0.0
0.0
0.0
0.0
0.0
0.0
206.24596184258397
201.19744395212066
194.97576013741835
189.87800336984174
188.805492473333
189.68821777774227
191.238005915719
192.66022471267615
193.07582754639523
192.84426662898372
192.91686344372215
193.45063573276127
194.28476874754222
195.10879232532628
195.17365653108868
194.6554848425339
193.98146502857583
193.16324609600525
192.27776193547953
192.10300957491222
192.61782161253245
193.74779385409536
193.81570223717284
192.38499014440106
0.0
0.0
0.0
0.0
0.0
0.0
0.0
0.0
0.0
0.0
0.0
0.0
0.0
0.0
0.0
0.0
0.0
0.0
196.78006713800215
0.0
195.37462114978385
195.02935583057558
194.4373409556319
193.8393107459638
0.0
0.0
0.0
0.0
0.0
0.0
0.0
0.0
0.0
0.0
217.19211390990142
0.0
192.25428743460873
189.4598004620548
187.303231542443
185.92427445144443
185.42090018095735
185.69396660767518
186.96884238607032
189.59350297161595
0.0
0.0
195.62484607640454
197.8428527224587
0.0
0.0
0.0
0.0
0.0
0.0
205.50416652398624
205.41610359120295
205.0238236702337
204.26310601980433
203.61475956888538
202.13202275418365
201.7499792552324
200.58749818624005
198.84542402275886
196.89402324706592
193.73314405501955
190.38498591242723
0.0
0.0
0.0
0.0
0.0
0.0
0.0
0.0
0.0
0.0
0.0
0.0
0.0
0.0
0.0
0.0
0.0
0.0
0.0
0.0
0.0
0.0
0.0
0.0
0.0
0.0
0.0
0.0
0.0
0.0
0.0
0.0
0.0
0.0
0.0
0.0
0.0
0.0
0.0
167.29301892570945
0.0
0.0
0.0
0.0
0.0
0.0
0.0
0.0
0.0
0.0
0.0
0.0
0.0
0.0
0.0
0.0
92.0916152652702
0.0
0.0
0.0
0.0
0.0
0.0
0.0
0.0
0.0
0.0
0.0
0.0
0.0
0.0
0.0
0.0
0.0
0.0
0.0
0.0
0.0
0.0
0.0
0.0
0.0
0.0
0.0
0.0
0.0
0.0
0.0
0.0
0.0
0.0
0.0
0.0
0.0
0.0
0.0
0.0
0.0
0.0
0.0
0.0
0.0
0.0
0.0
0.0
0.0
0.0
0.0
0.0
0.0
0.0
0.0
0.0
0.0
0.0
0.0
0.0
0.0
0.0
0.0
0.0
0.0
0.0
0.0
0.0
0.0
0.0
0.0
0.0
0.0
0.0
0.0
0.0
0.0
0.0
0.0
0.0
0.0
0.0
0.0
0.0
0.0
0.0
0.0
0.0
0.0
0.0
0.0
0.0
0.0
0.0
0.0
0.0
0.0
0.0
0.0
0.0
0.0
0.0
0.0
0.0
0.0
0.0
0.0
0.0
0.0
0.0
0.0
0.0
0.0
0.0
0.0
0.0
0.0
0.0
0.0
0.0
