0.0
32.367783417648475
32.2947326293255
0.0
0.0
0.0
0.0
0.0
0.0
0.0
0.0
0.0
0.0
0.0
0.0
0.0
0.0
0.0
0.0
0.0
0.0
0.0
0.0
0.0
0.0
0.0
0.0
0.0
0.0
0.0
0.0
0.0
0.0
0.0
0.0
0.0
0.0
0.0
0.0
0.0
0.0
0.0
0.0
0.0
0.0
0.0
0.0
0.0
0.0
0.0
0.0
0.0
0.0
0.0
0.0
0.0
0.0
0.0
0.0
0.0
0.0
0.0
0.0
0.0
0.0
0.0
0.0
32.202853045593166
0.0
0.0
0.0
0.0
0.0
0.0
0.0
0.0
0.0
0.0
0.0
0.0
0.0
0.0
0.0
0.0
0.0
0.0
0.0
0.0
0.0
0.0
0.0
0.0
0.0
0.0
0.0
0.0
0.0
0.0
0.0
0.0
0.0
0.0
0.0
0.0
0.0
0.0
0.0
0.0
0.0
0.0
0.0
0.0
0.0
0.0
0.0
0.0
0.0
0.0
0.0
0.0
0.0
0.0
0.0
0.0
0.0
0.0
0.0
0.0
0.0
0.0
0.0
0.0
0.0
0.0
0.0
0.0
0.0
0.0
0.0
0.0
0.0
0.0
0.0
0.0
0.0
0.0
0.0
0.0
0.0
0.0
0.0
0.0
0.0
0.0
0.0
0.0
0.0
0.0
0.0
0.0
0.0
0.0
0.0
0.0
0.0
0.0
0.0
0.0
0.0
0.0
0.0
0.0
0.0
0.0
0.0
0.0
0.0
0.0
0.0
0.0
0.0
0.0
0.0
0.0
0.0
0.0
0.0
0.0
0.0
0.0
0.0
0.0
0.0
0.0
0.0
0.0
0.0
0.0
0.0
0.0
0.0
0.0
0.0
0.0
0.0
0.0
0.0
0.0
0.0
0.0
0.0
0.0
0.0
0.0
0.0
0.0
0.0
0.0
0.0
0.0
0.0
0.0
0.0
0.0
0.0
0.0
0.0
0.0
0.0
0.0
0.0
0.0
0.0
0.0
0.0
0.0
0.0
0.0
0.0
0.0
0.0
0.0
0.0
0.0
0.0
0.0
0.0
0.0
0.0
33.32808296072808
0.0
0.0
0.0
0.0
0.0
0.0
0.0
0.0
0.0
0.0
0.0
0.0
0.0
0.0
0.0
0.0
0.0
0.0
0.0
0.0
0.0
0.0
0.0
0.0
0.0
0.0
0.0
0.0
0.0
0.0
0.0
0.0
0.0
0.0
0.0
0.0
0.0
0.0
0.0
47.456964965632935
53.271380230015104
56.38868893931419
63.12788103393969
0.0
0.0
0.0
0.0
0.0
0.0
0.0
0.0
147.326578871599
0.0
0.0
0.0
191.15866303016662
194.71695385541065
207.57111367876902
210.32890843004662
209.8020163082
209.551911357182
211.68872962695878
214.88828749613373
220.38307618160675
226.98493422679059
235.17718396962138
240.88731331563892
248.75985370930374
256.9296580852711
268.34831487142947
275.22363307797195
281.1187444674006
285.68283240248206
289.35488352853525
293.3637577581844
298.4636608361826
302.7066135728977
304.83205288949284
305.07546473679224
304.5279601370418
303.0893898406997
0.0
0.0
0.0
0.0
0.0
0.0
0.0
0.0
0.0
0.0
277.39226752986804
275.12468704651013
273.97108906733837
273.9490247196755
273.21442164867693
271.5330540919748
268.92731766611826
266.51634355054307
265.1463858077779
265.3091751554042
266.8331732692639
270.6789401921242
275.003820568386
279.1602430179784
282.3155808131114
283.2493667548322
281.76314104812855
279.92920954604455
0.0
0.0
279.27367606961514
0.0
0.0
0.0
0.0
0.0
0.0
0.0
0.0
0.0
215.25466305999927
214.21253546146937
213.33883219755197
211.4275598100577
208.03400730701975
202.14786962641114
196.3448138165708
193.52737755466038
191.1133001930206
189.22982277384682
187.65223739848207
186.307304955836
184.94059861001466
183.06278397304914
180.83361216445323
177.7396360300611
172.42591411753878
166.12842688701352
165.9964430141909
170.32103581271485
172.95604454252637
175.47603072088975
177.37012087081
178.0304926874901
178.0823941501949
177.92130205311787
177.58953132779962
177.2405933092236
176.8492528596033
176.32982806613296
176.36305876383372
176.70761764189967
176.65167728749637
175.9835029511625
175.15068874355737
174.6761077764502
174.29268533361278
174.0563774438179
174.33731619889636
174.78073206385662
175.42277453668385
176.23444387246826
177.718552407616
179.14320235674995
180.4397805662093
181.98185672542337
183.33452028642023
183.41817430179546
181.8518057284594
179.1013252729334
0.0
0.0
181.286837185996
181.17667336484047
181.03808796781885
182.30866639291506
0.0
0.0
0.0
0.0
190.06640209824383
192.92627504895262
0.0
0.0
0.0
203.30535442399608
201.8316001473467
200.00815770361805
198.06844044160815
195.55601504911874
193.25661529807314
190.21745355926566
186.84759389250297
182.98535313285538
178.47462921329338
176.41735688477473
0.0
0.0
0.0
0.0
0.0
0.0
197.53151048189991
196.76874724332828
196.10456552188697
196.2266658657337
197.8549895111595
200.6629723271806
203.48916959821076
205.6624845636137
207.3727329006941
208.8974598442369
210.82389239716238
212.738303440055
215.10595375017567
218.07882763542926
221.20567532855287
224.92974097030284
229.8717032742724
234.00589620182285
236.40204632856924
237.51507619172716
235.75079246714128
0.0
0.0
0.0
0.0
0.0
0.0
0.0
0.0
0.0
0.0
0.0
0.0
0.0
0.0
0.0
0.0
233.2905287843338
233.45617153776803
233.93403065620473
234.15501852386072
233.50433335340708
229.88630323717004
222.0937926076685
212.97067512609812
209.62274282987326
216.26879751527994
0.0
241.46694793810144
239.519257139367
239.31755184505136
238.2718169257382
235.46028596496382
230.2876060194529
223.73549755559438
218.44177713616932
213.5086334569677
208.9560982748384
203.7804689331922
191.86977557424913
186.01944364426487
182.58921346386458
179.92438179460092
177.69805928930154
175.8563423773431
174.13993498250122
172.43952450872288
171.10581800417933
169.58893109685548
168.0682875073149
166.91487404588776
165.85799737037408
164.89948320623998
163.72499513920127
162.12056675688356
161.3056226523815
161.6893064771222
163.23438294333806
165.93071813221556
169.2141239921517
169.2655765892796
169.24053741083372
168.70362924480347
168.2097141969389
167.81052467384455
166.80544207313145
165.6714203189354
164.18164094324675
162.67513443520062
161.48276325060283
160.53079839893738
160.61394907419955
161.3934760355811
162.1972540463612
162.8482924414068
163.6400100713199
164.6577864492092
165.6590984647033
167.78362209836132
170.47777151344238
173.91662849272169
175.89928791178278
163.78880534367366
0.0
0.0
0.0
0.0
0.0
0.0
0.0
0.0
0.0
0.0
0.0
0.0
0.0
0.0
0.0
0.0
0.0
0.0
0.0
0.0
0.0
0.0
0.0
0.0
0.0
0.0
0.0
0.0
0.0
0.0
0.0
0.0
0.0
0.0
0.0
0.0
0.0
0.0
0.0
0.0
0.0
0.0
0.0
0.0
0.0
0.0
0.0
0.0
0.0
0.0
0.0
0.0
0.0
0.0
0.0
0.0
0.0
0.0
0.0
0.0
0.0
0.0
0.0
0.0
0.0
0.0
0.0
0.0
0.0
0.0
0.0
0.0
0.0
0.0
0.0
0.0
0.0
0.0
0.0
0.0
0.0
0.0
0.0
0.0
0.0
0.0
0.0
0.0
0.0
0.0
0.0
0.0
0.0
0.0
0.0
0.0
0.0
0.0
0.0
0.0
0.0
0.0
0.0
0.0
0.0
0.0
0.0
0.0
0.0
0.0
0.0
0.0
32.25503181597675
0.0
0.0
0.0
0.0
0.0
0.0
0.0
0.0
0.0
0.0
0.0
0.0
0.0
0.0
0.0
0.0
0.0
0.0
0.0
0.0
0.0
0.0
0.0
0.0
0.0
0.0
0.0
0.0
0.0
0.0
0.0
0.0
0.0
0.0
0.0
0.0
0.0
0.0
0.0
0.0
0.0
0.0
0.0
0.0
0.0
0.0
0.0
0.0
0.0
0.0
0.0
0.0
0.0
0.0
0.0
0.0
0.0
0.0
0.0
0.0
0.0
0.0
0.0
0.0
0.0
0.0
0.0
0.0
0.0
0.0
0.0
0.0
