0.0
0.0
0.0
0.0
0.0
0.0
0.0
0.0
0.0
0.0
0.0
0.0
0.0
0.0
0.0
0.0
0.0
0.0
0.0
0.0
0.0
0.0
0.0
0.0
0.0
0.0
0.0
0.0
0.0
0.0
0.0
0.0
0.0
0.0
0.0
0.0
0.0
0.0
0.0
0.0
0.0
0.0
0.0
0.0
0.0
0.0
0.0
0.0
0.0
0.0
0.0
0.0
0.0
0.0
0.0
0.0
0.0
0.0
0.0
0.0
0.0
0.0
0.0
0.0
0.0
32.89382052096399
0.0
0.0
0.0
0.0
0.0
0.0
0.0
0.0
0.0
0.0
0.0
0.0
0.0
0.0
0.0
0.0
0.0
0.0
0.0
0.0
0.0
0.0
0.0
0.0
0.0
0.0
0.0
0.0
0.0
0.0
0.0
0.0
0.0
0.0
0.0
0.0
0.0
0.0
0.0
0.0
0.0
0.0
0.0
32.8038980696519
32.84161588762977
0.0
0.0
0.0
0.0
0.0
0.0
0.0
0.0
0.0
0.0
0.0
0.0
0.0
0.0
0.0
0.0
0.0
0.0
0.0
0.0
0.0
0.0
0.0
0.0
0.0
0.0
0.0
0.0
32.333161127583544
32.314077076326576
32.5229573803481
0.0
0.0
0.0
0.0
0.0
0.0
0.0
0.0
0.0
0.0
0.0
0.0
0.0
0.0
0.0
0.0
0.0
0.0
0.0
0.0
0.0
0.0
0.0
0.0
0.0
0.0
0.0
0.0
0.0
0.0
0.0
0.0
0.0
0.0
0.0
0.0
0.0
0.0
0.0
0.0
0.0
0.0
0.0
0.0
0.0
0.0
32.42872032305879
0.0
0.0
0.0
0.0
0.0
0.0
0.0
0.0
0.0
0.0
0.0
0.0
0.0
0.0
0.0
0.0
0.0
0.0
32.4287137172308
0.0
0.0
0.0
0.0
0.0
0.0
0.0
0.0
0.0
0.0
0.0
0.0
0.0
0.0
0.0
0.0
0.0
0.0
0.0
0.0
0.0
0.0
0.0
0.0
0.0
0.0
0.0
0.0
0.0
0.0
0.0
0.0
0.0
0.0
0.0
0.0
0.0
0.0
0.0
0.0
0.0
0.0
0.0
0.0
32.53573567372256
32.364824238858716
0.0
32.30325268900493
32.21785809902288
0.0
0.0
0.0
0.0
0.0
0.0
0.0
0.0
0.0
0.0
0.0
0.0
0.0
0.0
0.0
0.0
0.0
0.0
0.0
0.0
0.0
0.0
0.0
0.0
0.0
0.0
0.0
131.35928617712403
131.2232575652092
130.90329970648736
130.4643833578739
129.76060115340363
128.64940476671782
126.86322213358416
125.11824582726497
123.28133728040183
0.0
0.0
107.86853128691334
0.0
0.0
0.0
0.0
0.0
0.0
132.41434166256167
131.1434296491799
129.9445975503835
129.27721592461455
128.82723278919633
129.18286416417558
129.95530216706814
131.07845899305428
132.4364337203598
134.07020026188817
135.96776898516825
137.8886845514257
139.7453321155681
142.14181142777468
144.49346956437924
147.25793447553764
149.17443515279305
150.89519295001213
153.04733047971888
154.4564576694297
154.17859160189113
151.8478398774354
147.35310624871732
142.88774530283737
138.34743120336444
136.0662150321756
134.02522672074304
130.79280656324747
126.6180377033821
125.54855421069331
124.96926814448202
125.06064750873983
125.56712519819311
126.29672320688435
126.7959635501643
126.70230193011888
126.17231152285002
125.3489267943268
124.2422665997774
122.710043508501
121.33438027904093
0.0
0.0
0.0
0.0
0.0
0.0
0.0
0.0
0.0
0.0
0.0
0.0
0.0
125.56822213217602
0.0
0.0
0.0
0.0
0.0
0.0
0.0
0.0
0.0
116.8317401392093
116.10076579261012
115.55009662477191
114.51618353494739
113.50764463825556
112.64064707064897
112.05717832383161
111.67205599425733
111.5547539522504
111.75304333243363
112.25038769776292
113.12902933624245
114.05197616408407
115.53776843121472
117.19240576820341
119.14790611574823
120.57289508822461
122.04300911438848
123.34199449020815
123.87494020831221
123.80271541509481
122.17083806467511
0.0
0.0
0.0
0.0
0.0
0.0
0.0
0.0
0.0
0.0
0.0
0.0
0.0
0.0
0.0
0.0
0.0
0.0
0.0
0.0
0.0
0.0
109.28657850594696
109.07061159940513
108.84350656943384
108.44247979892351
107.92008243132139
107.59065933121815
107.06287362822813
107.01104761688617
106.94783270209714
106.95919639582515
107.17650534737527
107.54414638893886
108.63355654192772
109.59530714244126
110.35840368769894
110.90806747714014
112.1110713883619
113.06143489707124
113.96347027976392
114.69480218155782
115.57476633785436
116.30080097111838
116.4695557482004
116.40607841704444
116.21302367256303
115.95995940258749
115.63818358280099
114.86321663564964
115.31733903559044
0.0
0.0
0.0
0.0
0.0
0.0
0.0
0.0
0.0
0.0
0.0
0.0
0.0
0.0
0.0
0.0
0.0
0.0
0.0
0.0
0.0
0.0
0.0
0.0
140.82101208509837
0.0
0.0
0.0
0.0
0.0
0.0
0.0
0.0
0.0
0.0
0.0
0.0
0.0
0.0
0.0
0.0
119.84406077424373
117.53596835483103
116.33527620015344
114.95257193216753
112.85196094026449
110.84390999006429
0.0
0.0
0.0
0.0
0.0
0.0
0.0
0.0
0.0
0.0
0.0
0.0
128.82956120294554
0.0
115.7075806670717
114.2120374723691
113.71091882448908
113.5971810683015
113.8249787601138
113.2329651480117
112.42816042522361
111.39803914128086
109.6656048031993
108.15238426591145
106.67319684825662
105.32249003055897
105.46640780637907
108.65346141713401
112.2449123766929
114.69350983543174
115.54102835428458
116.2511350016743
116.46210159456606
116.68375140941735
116.29292380556845
115.3603825778839
113.59499160830389
112.92519123755532
115.8365666586867
119.46284417454096
120.46745626357433
121.48922407200301
122.59579147133428
123.54271624755432
123.77007145815324
123.42650183938329
122.17102543258042
0.0
0.0
0.0
0.0
0.0
0.0
0.0
0.0
0.0
0.0
0.0
0.0
0.0
0.0
0.0
0.0
0.0
0.0
0.0
0.0
0.0
0.0
0.0
0.0
0.0
0.0
0.0
0.0
0.0
0.0
0.0
0.0
0.0
0.0
0.0
0.0
0.0
0.0
0.0
0.0
0.0
0.0
0.0
0.0
0.0
0.0
0.0
0.0
0.0
0.0
0.0
0.0
0.0
0.0
0.0
0.0
0.0
0.0
0.0
0.0
0.0
0.0
0.0
0.0
0.0
0.0
0.0
0.0
0.0
0.0
0.0
0.0
0.0
0.0
0.0
0.0
0.0
0.0
0.0
0.0
0.0
0.0
0.0
0.0
0.0
0.0
0.0
0.0
0.0
0.0
0.0
0.0
0.0
0.0
0.0
0.0
0.0
0.0
0.0
0.0
0.0
0.0
0.0
0.0
0.0
0.0
0.0
0.0
0.0
0.0
0.0
0.0
0.0
0.0
0.0
0.0
0.0
0.0
0.0
0.0
0.0
0.0
0.0
0.0
