0.0
0.0
0.0
0.0
0.0
0.0
0.0
0.0
0.0
0.0
33.52634451502397
32.99987983052306
33.68949695831898
0.0
0.0
0.0
0.0
0.0
0.0
0.0
0.0
0.0
0.0
0.0
0.0
0.0
0.0
0.0
0.0
0.0
0.0
0.0
0.0
0.0
0.0
0.0
0.0
0.0
0.0
0.0
0.0
0.0
0.0
0.0
0.0
0.0
0.0
0.0
0.0
0.0
0.0
0.0
0.0
0.0
0.0
0.0
0.0
0.0
0.0
32.5198621366962
0.0
0.0
0.0
0.0
0.0
0.0
0.0
0.0
0.0
0.0
0.0
0.0
0.0
0.0
0.0
0.0
0.0
0.0
0.0
0.0
0.0
0.0
0.0
0.0
0.0
0.0
0.0
0.0
0.0
0.0
0.0
0.0
0.0
0.0
0.0
0.0
0.0
0.0
0.0
0.0
0.0
0.0
0.0
0.0
0.0
0.0
0.0
0.0
0.0
0.0
0.0
0.0
0.0
0.0
0.0
0.0
0.0
0.0
0.0
0.0
0.0
0.0
0.0
0.0
0.0
0.0
0.0
0.0
0.0
0.0
0.0
0.0
0.0
0.0
0.0
0.0
0.0
0.0
0.0
0.0
0.0
0.0
0.0
0.0
0.0
0.0
0.0
0.0
0.0
0.0
0.0
0.0
0.0
0.0
0.0
0.0
0.0
0.0
0.0
0.0
0.0
0.0
0.0
0.0
0.0
0.0
0.0
0.0
0.0
0.0
0.0
0.0
0.0
0.0
0.0
0.0
0.0
0.0
0.0
0.0
0.0
0.0
0.0
0.0
0.0
0.0
0.0
0.0
0.0
0.0
0.0
0.0
0.0
0.0
0.0
0.0
0.0
0.0
0.0
0.0
0.0
0.0
0.0
0.0
0.0
0.0
0.0
0.0
0.0
0.0
0.0
0.0
0.0
0.0
0.0
0.0
0.0
0.0
0.0
0.0
0.0
0.0
0.0
0.0
0.0
0.0
0.0
0.0
0.0
0.0
0.0
0.0
0.0
0.0
0.0
0.0
0.0
0.0
0.0
0.0
0.0
0.0
0.0
0.0
0.0
0.0
0.0
0.0
0.0
0.0
0.0
33.65930262679007
0.0
0.0
0.0
0.0
0.0
0.0
0.0
0.0
0.0
0.0
0.0
0.0
0.0
0.0
0.0
0.0
0.0
0.0
0.0
0.0
0.0
0.0
0.0
0.0
0.0
0.0
0.0
0.0
0.0
0.0
0.0
0.0
0.0
0.0
32.80514413649647
0.0
0.0
0.0
0.0
0.0
0.0
0.0
0.0
0.0
0.0
0.0
0.0
0.0
0.0
0.0
0.0
32.32199946688171
32.4392856307981
0.0
0.0
0.0
0.0
0.0
0.0
34.67423247892258
34.35281000706275
0.0
0.0
0.0
0.0
0.0
0.0
0.0
0.0
0.0
0.0
0.0
0.0
0.0
0.0
0.0
0.0
0.0
0.0
0.0
0.0
0.0
0.0
0.0
0.0
0.0
110.57094601998972
109.1279892530433
107.90863907869434
106.94577521783586
105.83354994629278
105.28545443607956
105.46871607219266
105.808409444237
105.95983868906488
106.596105850199
107.40922147487015
108.54979579011612
110.11260847219434
113.07288482758236
0.0
127.19898945494182
129.79540589266674
132.01373117008998
134.35726134897357
136.5267363933625
138.8951233307738
141.2539593328948
0.0
0.0
0.0
0.0
0.0
0.0
0.0
0.0
0.0
0.0
0.0
0.0
0.0
151.43988140916338
150.71112975802905
149.01968510939585
0.0
0.0
0.0
0.0
0.0
0.0
0.0
0.0
0.0
0.0
0.0
0.0
0.0
0.0
0.0
151.485173296795
149.02147313932406
148.20493196532368
147.0164541706668
0.0
135.96320477651105
131.65926976615913
129.00775481509237
127.79557640871985
124.38038172377571
120.6310121333294
115.69206943361979
113.31198042947675
110.74039828521282
109.57995568558007
0.0
0.0
0.0
0.0
0.0
0.0
0.0
0.0
0.0
0.0
0.0
0.0
0.0
0.0
0.0
0.0
0.0
132.38296434133096
129.2759452822094
127.454722361683
127.94130130074527
128.33283712681248
128.67200130694667
129.3942858643982
129.56928806796964
129.15363129102982
127.78709663536672
125.05557147425085
122.30588337862413
117.96442229039491
114.56383124372591
110.86762584624299
106.53085543185253
102.51678146294805
100.04373544576255
97.74910721202957
96.16352137904776
94.6806954174076
93.32798765449269
92.59319502662798
91.78992278304463
90.53053264202771
88.85332626807946
87.3978411279574
87.18017851668668
87.12729772561794
87.23954416276155
86.81935996090068
0.0
0.0
0.0
0.0
0.0
0.0
0.0
0.0
0.0
0.0
90.65192125081603
91.59279841962436
0.0
97.64882414070242
99.13818110986342
99.56026462178917
99.79854248008044
99.99505132429256
100.07078607316977
99.71751251614029
99.0928719700016
98.20618342833365
97.54127876728123
97.95331149517344
0.0
0.0
0.0
0.0
0.0
0.0
0.0
0.0
0.0
0.0
0.0
124.8786769879147
0.0
0.0
108.54485309198525
106.34737375649135
103.88067106913924
101.9380146513587
100.35297449165915
98.89600167621558
98.15407793941722
97.68680325624351
97.33153306775101
97.22334812908377
97.10672381971177
96.89115706876467
96.48393674171247
95.67555893240686
94.76617954683414
93.67504616143299
91.94300553934873
89.28423060310926
87.2140651012549
86.33559909807035
0.0
0.0
0.0
0.0
0.0
0.0
0.0
0.0
0.0
0.0
51.70931428972425
0.0
0.0
0.0
40.84689568821631
37.3164863447053
34.5917160077635
32.275345120903665
0.0
32.41271520993315
32.47890747231365
0.0
0.0
0.0
0.0
0.0
0.0
0.0
0.0
0.0
0.0
0.0
0.0
0.0
0.0
0.0
0.0
0.0
32.97697579638993
0.0
0.0
0.0
0.0
0.0
0.0
0.0
0.0
0.0
0.0
0.0
0.0
0.0
0.0
0.0
0.0
0.0
0.0
0.0
0.0
0.0
0.0
0.0
0.0
0.0
0.0
0.0
0.0
0.0
0.0
0.0
0.0
0.0
0.0
0.0
0.0
0.0
0.0
0.0
0.0
0.0
0.0
0.0
0.0
0.0
0.0
0.0
0.0
0.0
0.0
0.0
0.0
0.0
0.0
0.0
0.0
0.0
0.0
0.0
0.0
0.0
0.0
0.0
0.0
0.0
0.0
0.0
0.0
0.0
0.0
0.0
0.0
0.0
0.0
0.0
0.0
0.0
0.0
0.0
0.0
0.0
0.0
0.0
0.0
0.0
0.0
0.0
0.0
0.0
0.0
0.0
0.0
0.0
0.0
0.0
0.0
0.0
0.0
0.0
0.0
0.0
0.0
0.0
0.0
0.0
