0.0
0.0
33.62426443506656
0.0
0.0
0.0
0.0
0.0
0.0
0.0
0.0
0.0
0.0
0.0
0.0
0.0
0.0
0.0
0.0
0.0
0.0
0.0
0.0
0.0
0.0
0.0
0.0
0.0
0.0
0.0
0.0
0.0
0.0
0.0
0.0
0.0
0.0
0.0
0.0
0.0
0.0
0.0
0.0
0.0
0.0
0.0
0.0
0.0
0.0
0.0
0.0
0.0
0.0
0.0
0.0
0.0
0.0
0.0
0.0
0.0
0.0
0.0
0.0
0.0
0.0
0.0
0.0
0.0
0.0
0.0
0.0
0.0
0.0
0.0
0.0
0.0
0.0
0.0
0.0
0.0
0.0
0.0
0.0
0.0
0.0
0.0
0.0
0.0
0.0
0.0
0.0
0.0
0.0
0.0
0.0
0.0
0.0
0.0
0.0
0.0
0.0
0.0
0.0
0.0
0.0
0.0
0.0
0.0
0.0
0.0
0.0
0.0
0.0
0.0
0.0
0.0
0.0
0.0
0.0
0.0
0.0
0.0
0.0
0.0
0.0
0.0
0.0
0.0
0.0
0.0
0.0
0.0
0.0
0.0
0.0
0.0
0.0
0.0
0.0
0.0
0.0
0.0
0.0
0.0
0.0
0.0
0.0
0.0
0.0
0.0
0.0
0.0
0.0
0.0
0.0
0.0
0.0
0.0
0.0
0.0
0.0
0.0
0.0
0.0
0.0
0.0
0.0
0.0
0.0
0.0
0.0
0.0
0.0
0.0
0.0
0.0
0.0
0.0
0.0
0.0
0.0
0.0
0.0
0.0
0.0
0.0
0.0
0.0
0.0
0.0
0.0
0.0
0.0
0.0
0.0
0.0
0.0
0.0
0.0
0.0
0.0
0.0
0.0
0.0
0.0
0.0
0.0
0.0
0.0
0.0
0.0
0.0
0.0
0.0
0.0
0.0
0.0
0.0
0.0
0.0
0.0
0.0
0.0
0.0
0.0
0.0
0.0
0.0
0.0
0.0
0.0
0.0
0.0
0.0
0.0
0.0
0.0
0.0
0.0
0.0
0.0
0.0
0.0
0.0
0.0
0.0
0.0
0.0
0.0
0.0
0.0
0.0
0.0
0.0
0.0
0.0
0.0
0.0
0.0
0.0
0.0
0.0
0.0
0.0
0.0
0.0
0.0
0.0
0.0
0.0
0.0
0.0
0.0
0.0
0.0
0.0
0.0
0.0
0.0
0.0
0.0
224.06899991748276
223.07252116060323
223.31897040910331
222.7853452071477
221.80110046119825
219.97608496114353
0.0
0.0
0.0
0.0
0.0
0.0
0.0
0.0
0.0
0.0
0.0
0.0
0.0
220.12358604119314
217.66466101053862
214.67416349773038
212.8452752419403
212.72232505114096
213.74806394315502
216.2765351720003
220.7589546935203
223.4376804908315
225.26195305731986
225.78161131089004
225.26942450340533
224.6107507395801
222.98477976993632
219.94300201074788
214.2790265280292
207.31025380229033
205.12179475422352
203.44902545157322
0.0
0.0
231.08485842313104
234.7944470017493
236.64198404997484
238.10782653207792
239.74830418029856
241.84916289054317
244.81055848705165
249.31296638921606
253.6401183833533
256.0427297219357
257.42570859983897
258.68755156899726
260.3006390039408
261.84163755639577
261.11404074475615
251.65659622792708
256.79341994330446
260.9906149950573
0.0
0.0
0.0
0.0
0.0
0.0
0.0
0.0
0.0
0.0
0.0
0.0
215.97796298793554
0.0
197.33044140218686
193.50237587207636
193.13126148966472
194.1313428498584
194.5967958255573
194.88353375780744
195.28019783867617
195.53230363480804
195.37342662230668
195.07589392445396
194.3837646217835
192.50595906687522
187.58311610223927
183.35002324619393
182.428360684838
180.72945385325403
179.9462077511185
179.39277678414416
178.88166021957332
0.0
0.0
206.18947214318607
205.52705852298513
205.1393948941818
204.91401692740232
204.27891359181797
203.79449553831026
202.9920686047564
0.0
0.0
0.0
0.0
0.0
0.0
0.0
0.0
0.0
0.0
0.0
0.0
0.0
0.0
0.0
0.0
0.0
0.0
195.9596637371851
190.16852580122315
189.8820610420758
189.71213919893646
189.2814841799985
189.04914818766
189.02585119507236
188.84062191153032
189.269714968211
189.8736619603983
190.06367161026787
188.6032176920423
186.08662413735303
183.5750226833469
0.0
187.82471574954573
187.67860634805373
185.96855745548194
183.9381222055941
181.22119397678313
179.04837649279077
177.25428126230202
176.66868770309574
176.93562817911737
177.95021508714171
183.5864803032028
0.0
0.0
0.0
0.0
0.0
0.0
0.0
0.0
0.0
0.0
0.0
0.0
0.0
0.0
0.0
0.0
186.11897492594744
181.90611286342644
179.06761554212
176.67909109697854
175.72420744356242
176.61868885847622
177.91792885174632
178.4403580470985
178.01929816931624
178.14387588486028
181.9755139389956
179.4284649517927
177.92259320836882
175.33309179192625
173.35871286664815
172.03156610100928
172.1057187060607
172.91873075836932
173.92470824075386
174.50143102354676
174.65882016317823
174.48907877256204
173.58090420435363
172.79515765031158
172.631551167272
173.80110479744252
175.21996994308083
176.10165781028155
174.99473802584558
170.18465091345834
167.25360624929556
165.77970461310446
165.4464519024884
165.469366001609
165.86480761123937
167.04409550761818
168.70379600970196
170.67386218323475
172.4103375886782
174.4520968102542
177.07871509870688
178.7403056920978
179.81717047745985
180.28509533364615
178.09642763603634
177.00108254901812
177.53944797204707
179.34697356886903
0.0
0.0
0.0
0.0
0.0
0.0
0.0
0.0
0.0
0.0
0.0
0.0
0.0
0.0
0.0
166.4670966125287
164.2341788280622
149.50018823612749
131.3337031265333
115.268045739223
102.1498947449207
88.74186906597927
81.59427074924359
78.87161822769839
0.0
76.96994056725427
76.66720182057853
0.0
0.0
0.0
0.0
0.0
84.63534753700779
84.88298351315939
85.13626286680363
85.2108269439658
85.5310802951013
85.45629721230074
85.1024027636889
84.70648457983019
80.34083025522622
72.82022723180059
0.0
0.0
0.0
0.0
0.0
0.0
0.0
0.0
0.0
0.0
0.0
0.0
0.0
0.0
0.0
0.0
0.0
0.0
0.0
0.0
0.0
0.0
0.0
0.0
0.0
0.0
0.0
0.0
0.0
0.0
0.0
0.0
0.0
0.0
0.0
0.0
0.0
0.0
0.0
0.0
0.0
0.0
0.0
0.0
0.0
0.0
0.0
0.0
0.0
0.0
32.557747108273425
0.0
0.0
0.0
0.0
0.0
0.0
0.0
0.0
0.0
0.0
0.0
0.0
0.0
0.0
0.0
0.0
0.0
0.0
0.0
0.0
0.0
0.0
0.0
0.0
0.0
0.0
0.0
0.0
0.0
0.0
0.0
0.0
0.0
0.0
0.0
0.0
0.0
0.0
0.0
32.58782848080817
0.0
0.0
0.0
0.0
0.0
0.0
0.0
0.0
0.0
0.0
0.0
0.0
0.0
0.0
0.0
0.0
0.0
0.0
0.0
0.0
0.0
0.0
0.0
0.0
0.0
0.0
0.0
0.0
0.0
0.0
0.0
0.0
0.0
0.0
0.0
