0.0
0.0
0.0
0.0
0.0
0.0
0.0
0.0
0.0
0.0
0.0
0.0
0.0
0.0
0.0
0.0
0.0
0.0
0.0
0.0
0.0
0.0
0.0
0.0
0.0
0.0
0.0
0.0
0.0
0.0
0.0
0.0
0.0
0.0
0.0
0.0
0.0
0.0
0.0
33.891226538143876
0.0
0.0
0.0
0.0
0.0
0.0
0.0
0.0
0.0
0.0
0.0
0.0
0.0
0.0
0.0
0.0
0.0
0.0
0.0
0.0
0.0
33.14816149212086
0.0
0.0
0.0
0.0
0.0
0.0
0.0
0.0
0.0
0.0
0.0
0.0
0.0
0.0
0.0
0.0
0.0
0.0
0.0
0.0
0.0
0.0
0.0
0.0
0.0
0.0
0.0
0.0
0.0
0.0
0.0
0.0
0.0
0.0
0.0
0.0
0.0
0.0
0.0
0.0
0.0
0.0
0.0
0.0
0.0
0.0
0.0
0.0
0.0
0.0
0.0
0.0
0.0
0.0
0.0
0.0
0.0
0.0
0.0
0.0
0.0
0.0
0.0
0.0
0.0
0.0
0.0
0.0
0.0
0.0
0.0
0.0
0.0
32.22060654438957
32.3264091101601
0.0
0.0
0.0
0.0
0.0
0.0
0.0
0.0
0.0
0.0
0.0
0.0
0.0
0.0
0.0
0.0
0.0
0.0
0.0
0.0
0.0
0.0
0.0
0.0
0.0
0.0
0.0
0.0
0.0
0.0
0.0
0.0
0.0
0.0
32.776347291709634
0.0
0.0
0.0
0.0
0.0
0.0
0.0
0.0
0.0
0.0
0.0
0.0
0.0
0.0
0.0
0.0
0.0
0.0
0.0
0.0
0.0
0.0
0.0
0.0
0.0
0.0
0.0
0.0
0.0
0.0
0.0
0.0
0.0
0.0
0.0
0.0
0.0
0.0
0.0
0.0
0.0
0.0
0.0
0.0
0.0
0.0
0.0
0.0
0.0
0.0
0.0
0.0
0.0
0.0
0.0
0.0
0.0
0.0
0.0
284.76366513310603
0.0
0.0
0.0
0.0
0.0
0.0
0.0
0.0
0.0
0.0
0.0
0.0
0.0
0.0
0.0
0.0
0.0
0.0
0.0
0.0
0.0
0.0
0.0
0.0
0.0
0.0
0.0
0.0
0.0
0.0
0.0
0.0
0.0
0.0
0.0
0.0
0.0
0.0
0.0
0.0
0.0
0.0
0.0
0.0
0.0
120.94490187768032
120.26726142488444
120.66777902252768
121.44026621567971
123.4101598682985
125.4911146771049
129.7167502967612
134.15800260482933
148.64505740237928
154.5777274837899
162.42956760129675
167.21889995336022
172.31582105266318
176.62320460022897
179.8195706893625
180.61800886772647
179.94374292685788
177.75842275615435
0.0
0.0
0.0
0.0
0.0
0.0
0.0
166.3331602376149
164.13051039556967
161.8277374292036
158.81068299513055
156.21805550127098
153.89314873803895
152.5463617697974
151.01380329524073
149.199758743687
146.35131612342175
143.599842723961
138.95821328916657
136.02485726954092
130.72960184737528
126.96564842426221
124.86276356882998
123.64824759842463
122.67386701848993
121.4519014887488
119.9205120817582
118.96053991486184
118.6782539637758
118.74901201093917
118.98895709639531
118.94232511936694
118.8804051340123
118.33497147110069
117.82997675213542
117.55727686439748
117.52792003093136
117.79698485402186
117.35501654275218
0.0
0.0
0.0
0.0
0.0
0.0
0.0
0.0
108.75554619647104
107.91080310335842
108.0237814457846
108.81227680456058
109.79959231171097
111.2675125047383
114.3733537566105
116.82051728983303
120.26093028348512
124.62928450399177
128.13819610113552
131.79050559629056
135.79187063716367
139.3045222104445
143.32838723835783
146.88784868509532
149.39193967236432
151.75060769988698
153.68251914657964
154.69777953432433
155.10481774616153
155.32741941407988
154.88746498783377
154.2491716603417
152.64754711471383
150.8844185330924
0.0
0.0
0.0
0.0
0.0
0.0
0.0
0.0
0.0
0.0
0.0
0.0
0.0
0.0
0.0
0.0
125.18788327399466
124.94208560849853
124.954152680079
126.59303915480537
126.33547257956869
124.52702285944197
123.00002214803713
122.39526695157932
121.30590389108242
120.20235048255665
118.60801752667315
117.00459084176924
115.58652873654015
113.36732825828574
110.95081988454595
108.20969164144995
104.69349723026059
102.29264665396896
99.9097804742506
98.62785776499841
97.88257280666255
96.94199583027125
0.0
0.0
0.0
0.0
0.0
0.0
0.0
0.0
0.0
0.0
0.0
100.93469798473745
99.53714832534317
0.0
0.0
0.0
0.0
0.0
0.0
0.0
0.0
0.0
0.0
0.0
0.0
0.0
108.01071734452537
105.68679988290789
103.81051828852199
102.54238938523449
101.84049648437022
101.43239634787972
101.15199438959948
100.45340424664062
99.34989414337154
98.1711682720786
97.46899743247215
96.98762011622877
96.47984770162552
95.91275760715929
94.95550345822997
93.61953202240915
0.0
0.0
0.0
0.0
0.0
0.0
0.0
0.0
0.0
0.0
0.0
0.0
0.0
0.0
0.0
0.0
0.0
0.0
108.3775619853801
106.7515757705041
106.26861214219885
107.03927088592852
107.99232414944818
109.07384110461092
109.78433163745622
110.07661959466284
110.19624951912569
110.31182440560782
110.38852155642206
111.1101825011309
0.0
0.0
0.0
0.0
0.0
0.0
0.0
0.0
0.0
0.0
0.0
0.0
0.0
0.0
0.0
0.0
0.0
0.0
0.0
0.0
0.0
0.0
0.0
0.0
0.0
0.0
0.0
0.0
0.0
0.0
0.0
0.0
0.0
0.0
0.0
0.0
0.0
0.0
0.0
0.0
0.0
0.0
0.0
0.0
0.0
0.0
0.0
0.0
0.0
0.0
0.0
0.0
0.0
0.0
0.0
0.0
0.0
0.0
0.0
0.0
0.0
0.0
0.0
0.0
0.0
0.0
0.0
0.0
0.0
0.0
0.0
0.0
0.0
0.0
0.0
0.0
0.0
0.0
0.0
0.0
0.0
0.0
0.0
0.0
0.0
0.0
0.0
0.0
0.0
0.0
0.0
0.0
0.0
0.0
0.0
0.0
0.0
0.0
0.0
0.0
0.0
0.0
32.88307126374918
32.79600706965256
0.0
0.0
0.0
0.0
0.0
0.0
0.0
0.0
0.0
0.0
0.0
0.0
0.0
0.0
0.0
0.0
0.0
0.0
0.0
0.0
0.0
0.0
0.0
0.0
0.0
0.0
0.0
0.0
0.0
0.0
0.0
0.0
0.0
0.0
0.0
0.0
0.0
0.0
0.0
0.0
0.0
0.0
0.0
0.0
0.0
0.0
0.0
0.0
0.0
0.0
0.0
0.0
0.0
0.0
0.0
0.0
0.0
0.0
0.0
0.0
0.0
0.0
0.0
0.0
0.0
0.0
0.0
0.0
0.0
0.0
0.0
0.0
0.0
0.0
