0.0
0.0
0.0
0.0
0.0
0.0
0.0
0.0
0.0
0.0
0.0
0.0
0.0
0.0
0.0
0.0
0.0
0.0
0.0
0.0
0.0
0.0
0.0
0.0
0.0
0.0
0.0
0.0
0.0
0.0
0.0
0.0
0.0
0.0
0.0
0.0
0.0
0.0
0.0
0.0
0.0
0.0
32.291613190248015
0.0
0.0
0.0
0.0
0.0
0.0
0.0
0.0
0.0
0.0
0.0
0.0
0.0
0.0
0.0
0.0
0.0
0.0
0.0
0.0
0.0
0.0
0.0
0.0
0.0
0.0
0.0
0.0
0.0
0.0
0.0
0.0
0.0
0.0
0.0
0.0
0.0
0.0
0.0
0.0
0.0
0.0
0.0
0.0
0.0
0.0
0.0
0.0
0.0
0.0
0.0
0.0
0.0
0.0
0.0
0.0
0.0
0.0
0.0
0.0
0.0
0.0
0.0
0.0
0.0
0.0
0.0
0.0
0.0
0.0
0.0
0.0
0.0
0.0
0.0
0.0
0.0
0.0
0.0
0.0
0.0
0.0
0.0
0.0
0.0
0.0
0.0
0.0
0.0
0.0
0.0
0.0
0.0
0.0
0.0
0.0
0.0
0.0
0.0
0.0
0.0
0.0
0.0
0.0
0.0
0.0
0.0
0.0
0.0
0.0
0.0
0.0
0.0
0.0
0.0
0.0
0.0
0.0
0.0
0.0
0.0
0.0
0.0
0.0
0.0
0.0
0.0
0.0
0.0
0.0
0.0
0.0
0.0
0.0
0.0
0.0
0.0
0.0
0.0
0.0
0.0
0.0
0.0
0.0
0.0
0.0
0.0
0.0
0.0
0.0
0.0
0.0
0.0
0.0
32.28821858071208
32.43553687661318
0.0
0.0
0.0
0.0
0.0
0.0
0.0
0.0
0.0
0.0
0.0
0.0
0.0
32.33758541566355
0.0
0.0
0.0
0.0
0.0
0.0
0.0
0.0
0.0
0.0
0.0
0.0
0.0
0.0
0.0
0.0
0.0
0.0
0.0
0.0
0.0
0.0
0.0
0.0
0.0
0.0
0.0
0.0
0.0
0.0
0.0
0.0
0.0
0.0
0.0
0.0
0.0
0.0
0.0
0.0
0.0
0.0
0.0
0.0
0.0
0.0
0.0
0.0
0.0
0.0
150.56247011022745
148.36724523834653
145.5777167808456
141.77644847958786
138.725872912332
0.0
0.0
0.0
0.0
0.0
0.0
0.0
0.0
0.0
0.0
0.0
183.5751316362327
186.97257555366957
192.50628570700854
195.91701707563348
199.315136710659
201.9475707812499
202.95324887543944
202.6141410854606
0.0
0.0
0.0
0.0
0.0
0.0
0.0
251.63898277683185
247.25393962059962
243.8790791796957
243.5854706421425
241.72207979666862
237.8064411412029
225.43244375883805
0.0
0.0
0.0
0.0
0.0
0.0
145.70097450368812
0.0
0.0
0.0
0.0
113.2041122384522
111.17988767359617
109.89219670438706
108.86151542465731
108.1145128075999
107.33995128741377
107.22010472726396
107.080393294347
107.35423739792743
108.39570245300747
109.5328977097739
110.89307522939087
112.84687731414499
113.94956966717152
114.38897120786231
115.13608021852603
0.0
0.0
0.0
107.00800128499537
0.0
0.0
0.0
0.0
0.0
0.0
0.0
0.0
0.0
0.0
0.0
128.67867323631305
124.95766145039725
124.12770583247003
124.07532989609814
123.5742678915134
122.93166918784738
120.87156818823613
118.73566426705077
118.18334767308616
118.41849599981735
119.19810377594858
119.54849175643417
119.22382481909983
118.20315710209094
116.80641499247442
115.36938827360301
111.65137673726461
110.05250908953208
0.0
0.0
0.0
0.0
0.0
0.0
0.0
0.0
0.0
129.81908345969
128.84398825771282
128.68148149733304
129.57642015311262
132.04255093348553
136.87971243837399
0.0
0.0
169.37381408310046
173.71283607513394
176.78754717067366
178.81283061278242
179.88477129942697
179.63817431280918
179.1763451555356
0.0
0.0
0.0
0.0
0.0
147.3523736433629
145.60338723859616
144.4263376426868
141.50564294776703
138.13835787882425
135.22254566650847
134.20257248688478
0.0
0.0
0.0
0.0
135.15275254314406
0.0
0.0
0.0
0.0
0.0
0.0
0.0
155.743538284306
153.69723179309582
151.50283944209127
148.9954822530749
144.747933899265
142.93840972122896
142.17261601035017
142.60748609501462
143.59215098974295
144.91518825469984
146.20075964268847
146.56949479421237
146.78206421798012
147.44241863443037
150.14907434479014
152.52969878341784
151.378746082078
149.89925315559856
148.19041348517172
143.91568352112142
139.5253068826994
137.1293110621618
134.60692635815593
132.48537167224444
131.30651654200702
130.80902846359407
130.632682123207
130.4639335680029
130.6867397258968
130.42004962111736
130.12937767406942
129.7167689595112
129.17833740992697
128.7868400841331
128.089359686291
127.00054902061115
125.97491300101247
125.70146565987427
126.17907822837437
127.11548460598252
127.78947367062958
127.98947316124328
126.69302374954879
124.72400357979714
123.63598808243268
123.28768970073301
123.09709368036997
122.68445342544608
122.39760992125547
122.36752238313576
123.36832279897774
123.80377369689052
123.79664874406285
121.68267835437327
119.99349305595732
0.0
0.0
0.0
0.0
0.0
0.0
0.0
0.0
0.0
0.0
170.33042857204478
170.03343182351873
169.00461858792784
167.54520043072426
164.8516302434305
157.21495189966168
152.64023103016592
0.0
134.92361544338013
129.91850961076122
0.0
0.0
0.0
0.0
0.0
0.0
0.0
0.0
0.0
94.85605149132684
98.63531400143026
0.0
0.0
0.0
0.0
0.0
0.0
0.0
0.0
0.0
0.0
0.0
0.0
0.0
0.0
0.0
0.0
0.0
0.0
0.0
0.0
0.0
0.0
0.0
0.0
0.0
0.0
0.0
0.0
0.0
0.0
0.0
0.0
0.0
0.0
0.0
0.0
0.0
0.0
0.0
0.0
0.0
0.0
0.0
0.0
0.0
0.0
0.0
0.0
0.0
0.0
0.0
0.0
0.0
0.0
0.0
0.0
0.0
0.0
0.0
0.0
32.409183981965136
0.0
0.0
0.0
0.0
0.0
0.0
0.0
0.0
0.0
0.0
0.0
0.0
0.0
0.0
0.0
0.0
0.0
0.0
0.0
0.0
0.0
0.0
0.0
0.0
0.0
0.0
0.0
0.0
0.0
0.0
0.0
0.0
0.0
0.0
0.0
0.0
0.0
0.0
0.0
0.0
0.0
0.0
0.0
0.0
0.0
0.0
0.0
0.0
0.0
0.0
0.0
0.0
0.0
0.0
0.0
0.0
0.0
0.0
0.0
0.0
0.0
0.0
0.0
0.0
0.0
0.0
0.0
0.0
0.0
0.0
0.0
0.0
0.0
0.0
0.0
0.0
0.0
0.0
0.0
0.0
0.0
0.0
0.0
0.0
0.0
0.0
0.0
0.0
0.0
0.0
0.0
0.0
0.0
0.0
0.0
0.0
0.0
0.0
0.0
0.0
