0.0
0.0
0.0
0.0
0.0
0.0
0.0
0.0
0.0
0.0
0.0
0.0
0.0
0.0
0.0
0.0
0.0
0.0
0.0
0.0
0.0
0.0
0.0
0.0
0.0
0.0
0.0
0.0
0.0
0.0
0.0
0.0
0.0
0.0
0.0
0.0
0.0
0.0
0.0
0.0
0.0
0.0
0.0
0.0
0.0
0.0
0.0
0.0
0.0
0.0
0.0
0.0
0.0
0.0
0.0
0.0
0.0
0.0
0.0
0.0
0.0
0.0
0.0
0.0
0.0
0.0
0.0
0.0
0.0
0.0
0.0
0.0
0.0
0.0
0.0
0.0
0.0
0.0
0.0
0.0
0.0
0.0
0.0
0.0
0.0
0.0
0.0
0.0
0.0
0.0
0.0
0.0
0.0
0.0
0.0
0.0
0.0
0.0
0.0
32.15318148862097
32.30318582600419
32.39784653019793
0.0
0.0
0.0
0.0
0.0
0.0
0.0
0.0
0.0
0.0
0.0
0.0
0.0
0.0
0.0
0.0
0.0
0.0
0.0
0.0
0.0
0.0
0.0
0.0
0.0
0.0
0.0
0.0
0.0
0.0
0.0
0.0
0.0
0.0
0.0
0.0
0.0
0.0
0.0
0.0
0.0
0.0
0.0
0.0
0.0
0.0
0.0
0.0
0.0
0.0
0.0
0.0
0.0
0.0
0.0
0.0
0.0
0.0
0.0
0.0
0.0
0.0
0.0
0.0
0.0
0.0
0.0
0.0
0.0
0.0
0.0
0.0
0.0
0.0
0.0
0.0
0.0
0.0
0.0
0.0
0.0
0.0
0.0
0.0
0.0
0.0
0.0
0.0
0.0
0.0
0.0
0.0
0.0
0.0
0.0
0.0
0.0
0.0
0.0
0.0
0.0
0.0
0.0
0.0
0.0
0.0
0.0
0.0
0.0
0.0
0.0
0.0
0.0
0.0
0.0
0.0
0.0
0.0
0.0
0.0
0.0
0.0
0.0
0.0
0.0
0.0
0.0
0.0
0.0
0.0
0.0
0.0
0.0
0.0
0.0
0.0
0.0
0.0
0.0
0.0
0.0
0.0
0.0
0.0
0.0
0.0
0.0
0.0
0.0
0.0
0.0
0.0
0.0
0.0
0.0
0.0
0.0
0.0
0.0
0.0
0.0
0.0
0.0
0.0
0.0
0.0
0.0
0.0
0.0
0.0
0.0
0.0
0.0
0.0
0.0
0.0
0.0
0.0
0.0
0.0
0.0
0.0
0.0
0.0
0.0
0.0
0.0
0.0
0.0
0.0
0.0
0.0
33.23266026194293
0.0
0.0
0.0
0.0
0.0
0.0
0.0
0.0
0.0
0.0
0.0
0.0
0.0
0.0
0.0
0.0
0.0
0.0
0.0
0.0
0.0
0.0
0.0
0.0
0.0
177.2370390423784
177.34680493118393
177.0798994141958
176.7169900429978
177.65296923548928
179.75024450629127
181.00595127498286
181.33451557665762
180.72419792727396
179.3368919963819
178.58901029439437
178.80742589672798
178.84631662336258
178.93451612700795
179.30458996223217
179.7837606441912
181.17452066566892
183.47643664335828
186.77211753249634
190.35059785568842
191.99030499650826
191.3632886187986
189.11648224417473
186.28047994274723
0.0
0.0
0.0
0.0
0.0
0.0
0.0
0.0
0.0
0.0
215.04472857058113
217.9794246085774
0.0
0.0
0.0
214.2992045509987
208.80407539385627
205.6515524826025
204.16335898485997
202.42468483471856
201.9091385153956
200.80277368763106
0.0
0.0
0.0
202.47884589486966
200.93136241020974
199.577110848537
201.39917247792732
0.0
0.0
0.0
0.0
0.0
0.0
0.0
0.0
0.0
197.0457409771782
193.89818216165952
192.48083556629084
191.62000556997918
192.44357999919242
0.0
0.0
0.0
0.0
0.0
171.97891038542483
166.26971416058868
165.3325044650602
164.90720466500426
165.73955120935295
167.20925241062628
168.8523142608113
170.75779088529504
171.35629945004587
171.31800251594348
169.09647105702365
165.3254342124659
159.3250881747684
0.0
0.0
0.0
0.0
0.0
0.0
0.0
0.0
0.0
123.48069150600848
0.0
0.0
0.0
0.0
0.0
0.0
0.0
181.8480526305661
0.0
172.10909228627966
171.53848199976548
172.62382802585623
0.0
0.0
163.5569789532576
164.07128524999672
164.73587463956488
164.9256688805856
164.76254198127566
164.59154353408212
164.31245262865775
164.0738870568719
163.89866729969384
163.73141368070165
163.32177018530203
162.95846725510356
162.7550978655526
162.80146588843098
163.74513521001444
164.4997791700683
163.00022113608992
160.99471640929175
159.34081186408991
161.3686047718427
162.44579249411177
160.64111022134347
0.0
0.0
0.0
0.0
0.0
0.0
0.0
0.0
0.0
0.0
0.0
0.0
0.0
0.0
0.0
165.68338192638205
165.11045138234482
164.20756166376916
162.68507097594494
161.04042477358956
160.08554359768996
160.0216424938717
160.28992106406207
161.28166672860115
161.9462021977136
162.12964574213945
161.59693479851683
161.01645411720713
160.88378935365125
144.88383874146416
0.0
0.0
0.0
0.0
0.0
0.0
0.0
0.0
0.0
0.0
0.0
83.35583621143391
0.0
0.0
0.0
0.0
0.0
0.0
0.0
0.0
0.0
0.0
0.0
0.0
0.0
0.0
0.0
0.0
0.0
0.0
0.0
0.0
33.341208248407995
33.276914677693725
0.0
0.0
0.0
0.0
0.0
0.0
0.0
0.0
0.0
0.0
0.0
0.0
0.0
0.0
0.0
0.0
0.0
0.0
0.0
0.0
0.0
0.0
0.0
0.0
0.0
0.0
0.0
0.0
0.0
0.0
0.0
0.0
0.0
0.0
0.0
0.0
0.0
0.0
0.0
0.0
0.0
0.0
0.0
0.0
0.0
0.0
0.0
0.0
0.0
0.0
0.0
0.0
0.0
0.0
0.0
0.0
0.0
0.0
0.0
0.0
0.0
0.0
0.0
0.0
0.0
0.0
0.0
0.0
0.0
0.0
0.0
34.24436704681082
0.0
0.0
0.0
0.0
0.0
0.0
0.0
0.0
0.0
0.0
0.0
0.0
0.0
0.0
0.0
0.0
0.0
0.0
0.0
0.0
0.0
0.0
0.0
0.0
0.0
0.0
0.0
0.0
0.0
0.0
0.0
0.0
0.0
0.0
0.0
0.0
0.0
0.0
0.0
0.0
0.0
0.0
0.0
0.0
0.0
0.0
0.0
0.0
0.0
0.0
0.0
0.0
0.0
0.0
0.0
0.0
0.0
0.0
0.0
0.0
0.0
0.0
0.0
0.0
0.0
0.0
0.0
0.0
0.0
0.0
0.0
0.0
0.0
33.230300927200766
33.259600340144644
0.0
0.0
0.0
0.0
