0.0
0.0
0.0
0.0
0.0
0.0
0.0
0.0
0.0
0.0
0.0
0.0
0.0
0.0
0.0
0.0
0.0
0.0
0.0
0.0
0.0
0.0
0.0
0.0
0.0
0.0
0.0
0.0
0.0
0.0
0.0
0.0
0.0
0.0
0.0
0.0
0.0
0.0
0.0
0.0
0.0
0.0
0.0
0.0
0.0
0.0
0.0
0.0
0.0
0.0
0.0
0.0
0.0
0.0
0.0
0.0
0.0
0.0
0.0
0.0
0.0
0.0
0.0
0.0
0.0
0.0
0.0
0.0
0.0
0.0
0.0
0.0
0.0
0.0
0.0
0.0
0.0
0.0
0.0
0.0
0.0
0.0
0.0
0.0
0.0
0.0
0.0
0.0
0.0
0.0
0.0
0.0
0.0
0.0
0.0
0.0
0.0
0.0
0.0
0.0
0.0
0.0
0.0
0.0
0.0
0.0
0.0
0.0
0.0
0.0
0.0
0.0
0.0
0.0
0.0
0.0
0.0
0.0
0.0
0.0
0.0
0.0
0.0
0.0
0.0
0.0
0.0
0.0
0.0
0.0
0.0
0.0
0.0
0.0
0.0
0.0
0.0
0.0
0.0
0.0
0.0
0.0
0.0
0.0
0.0
0.0
0.0
0.0
0.0
0.0
0.0
0.0
0.0
0.0
0.0
0.0
0.0
0.0
0.0
0.0
0.0
0.0
0.0
0.0
0.0
0.0
0.0
0.0
0.0
0.0
0.0
0.0
0.0
0.0
0.0
0.0
0.0
0.0
0.0
0.0
0.0
0.0
0.0
0.0
0.0
0.0
0.0
0.0
0.0
0.0
0.0
0.0
0.0
0.0
0.0
0.0
0.0
0.0
0.0
0.0
0.0
0.0
0.0
0.0
0.0
0.0
0.0
0.0
0.0
0.0
0.0
0.0
0.0
0.0
0.0
0.0
0.0
0.0
0.0
0.0
0.0
0.0
0.0
0.0
0.0
0.0
0.0
0.0
0.0
0.0
0.0
0.0
0.0
0.0
0.0
0.0
0.0
0.0
0.0
0.0
0.0
0.0
0.0
0.0
0.0
0.0
0.0
0.0
0.0
0.0
0.0
0.0
0.0
0.0
0.0
0.0
0.0
0.0
0.0
0.0
0.0
0.0
0.0
0.0
0.0
0.0
0.0
0.0
174.2194508408771
204.87068139159334
220.19972957811694
221.21883852662663
222.2885635070432
223.3182521353155
223.90860790759126
223.14720799645056
221.76733278878925
0.0
0.0
0.0
234.93038167389534
235.15992086315094
234.88170528597942
234.33714647894135
234.0576258002913
232.1011766076683
228.2060540290716
226.55692897713405
226.11720701486672
224.84997747542468
223.1454070759776
220.58695940531453
218.3712249626453
216.60830072319482
215.81501971768475
215.0159260207347
215.47776662830637
218.12822883101748
220.7786795452829
221.6644474362178
221.215639507642
220.31939675769368
219.9398510261975
219.77925973206695
219.96781749376223
220.41085988307796
220.97904167321556
221.46144165885872
221.80565269647306
221.5031041207212
220.6227341830623
216.9796668184804
216.8365804126497
0.0
0.0
202.69367750615123
0.0
0.0
0.0
0.0
0.0
0.0
0.0
0.0
0.0
203.9923201040429
202.7928724426618
192.6042265418149
164.15946379709484
149.39399583325212
0.0
0.0
0.0
0.0
0.0
0.0
0.0
0.0
0.0
0.0
0.0
0.0
0.0
0.0
0.0
0.0
0.0
0.0
0.0
0.0
0.0
209.23166755656047
211.71607491854508
213.6336488893855
214.23107400710168
213.01036610735565
209.29202660663032
206.1457930411623
203.94343597590864
201.67179580408236
200.27861549975125
200.1036214447625
201.76452317782395
204.73696984894346
207.49685826845246
209.31617686644856
210.41450050966276
210.01671319527205
208.34188294388366
206.4624332051098
204.2446324678501
0.0
0.0
0.0
0.0
0.0
0.0
0.0
0.0
0.0
0.0
0.0
0.0
0.0
0.0
0.0
0.0
0.0
0.0
212.1539998652577
209.91674142526938
206.86638066196397
204.2381375168762
202.01014872506306
200.66441077786817
199.6220323416324
198.7578491810629
198.1996962104685
198.06947786278496
197.9315917023289
197.38142561406406
196.87289092783425
197.00349920347705
197.64531692139576
198.59130385365003
199.7428054964591
200.80271858599414
201.83485820943304
203.2874195050391
204.88534863421395
206.85642355147144
208.72327598430888
210.5706924691496
211.62957872940916
211.7621155768849
210.31023399549824
208.00766629844884
205.61954455957124
202.93461019803897
0.0
0.0
0.0
0.0
0.0
0.0
0.0
0.0
0.0
0.0
0.0
0.0
0.0
0.0
0.0
0.0
0.0
0.0
0.0
221.14963853591848
216.58376181024863
205.97525363041797
202.68360591698777
0.0
0.0
183.49182119662075
178.43623487633312
0.0
0.0
0.0
0.0
0.0
220.2087365780815
217.67030354665718
214.6191200424636
212.86214798787773
211.51182424948718
209.1448501412051
206.34993969215844
202.99458350595063
0.0
0.0
0.0
0.0
0.0
0.0
0.0
0.0
0.0
0.0
224.08839121773642
223.74484365480615
222.95794812616347
221.70253431697387
220.8241647667117
220.18642620355703
219.4701973489848
218.29519682811883
217.28593021674777
215.67715236506837
212.60549131120166
209.0686367532549
206.19621490186245
203.86165665065735
203.62710458320421
205.87241485722905
0.0
0.0
0.0
0.0
246.79790028284663
248.9170808696897
249.78716359101827
251.40266403581387
253.08097892351265
255.96069804170435
258.7786404947889
263.18945612984777
269.3371475243389
275.4104767709569
285.0863040627594
299.8432637978346
309.43801289539783
315.9546560946923
321.9018501144856
325.1887342957736
326.93652454645996
327.52747206725724
327.1248189014978
325.38260744661847
321.50482999717866
317.2084243426042
0.0
0.0
0.0
0.0
0.0
0.0
0.0
0.0
0.0
0.0
0.0
0.0
0.0
0.0
0.0
0.0
0.0
0.0
0.0
0.0
0.0
0.0
0.0
0.0
0.0
0.0
0.0
0.0
0.0
0.0
0.0
0.0
0.0
0.0
0.0
0.0
0.0
0.0
0.0
0.0
0.0
0.0
0.0
0.0
0.0
0.0
0.0
0.0
0.0
0.0
0.0
0.0
0.0
0.0
0.0
0.0
0.0
0.0
0.0
0.0
0.0
0.0
0.0
0.0
0.0
0.0
0.0
0.0
0.0
0.0
0.0
0.0
0.0
0.0
0.0
0.0
0.0
0.0
0.0
0.0
0.0
0.0
0.0
0.0
0.0
0.0
0.0
0.0
0.0
0.0
0.0
0.0
0.0
0.0
0.0
0.0
0.0
0.0
0.0
0.0
0.0
0.0
0.0
0.0
0.0
0.0
0.0
0.0
0.0
0.0
0.0
0.0
0.0
0.0
0.0
0.0
0.0
0.0
0.0
0.0
0.0
0.0
0.0
349.8123171199634
0.0
0.0
335.7870362006377
0.0
357.5466929707923
0.0
0.0
0.0
360.25538142024595
0.0
364.6807091871593
364.84280920496195
357.18550357092204
0.0
0.0
0.0
0.0
0.0
0.0
0.0
0.0
