0.0
0.0
0.0
0.0
0.0
0.0
0.0
0.0
0.0
0.0
0.0
0.0
0.0
0.0
0.0
0.0
0.0
0.0
0.0
0.0
0.0
0.0
0.0
0.0
0.0
0.0
0.0
0.0
0.0
0.0
0.0
0.0
0.0
0.0
0.0
0.0
32.26105198179853
0.0
0.0
0.0
0.0
0.0
0.0
0.0
0.0
0.0
0.0
0.0
0.0
0.0
0.0
0.0
0.0
0.0
0.0
0.0
0.0
0.0
0.0
0.0
0.0
0.0
0.0
0.0
0.0
0.0
0.0
0.0
0.0
0.0
0.0
0.0
0.0
0.0
0.0
0.0
0.0
0.0
0.0
0.0
0.0
0.0
0.0
0.0
0.0
0.0
0.0
0.0
0.0
0.0
0.0
0.0
0.0
0.0
0.0
0.0
0.0
0.0
0.0
0.0
0.0
0.0
0.0
0.0
0.0
0.0
0.0
0.0
0.0
0.0
0.0
0.0
32.33854102474496
0.0
0.0
0.0
0.0
0.0
0.0
0.0
0.0
0.0
0.0
0.0
0.0
0.0
0.0
0.0
0.0
0.0
0.0
0.0
0.0
0.0
0.0
0.0
0.0
0.0
0.0
0.0
0.0
0.0
0.0
0.0
0.0
0.0
0.0
0.0
0.0
0.0
0.0
0.0
0.0
0.0
0.0
0.0
0.0
0.0
0.0
0.0
0.0
0.0
0.0
0.0
0.0
0.0
0.0
32.31529768825157
32.353294055979205
0.0
0.0
0.0
0.0
0.0
0.0
0.0
0.0
0.0
0.0
0.0
0.0
0.0
0.0
0.0
0.0
0.0
0.0
0.0
0.0
0.0
0.0
0.0
0.0
0.0
0.0
0.0
0.0
0.0
0.0
0.0
0.0
0.0
0.0
0.0
0.0
0.0
0.0
0.0
0.0
32.67369640778071
0.0
0.0
0.0
0.0
0.0
0.0
0.0
0.0
0.0
0.0
32.401054382827
0.0
0.0
0.0
0.0
0.0
0.0
0.0
0.0
0.0
0.0
0.0
0.0
0.0
0.0
0.0
0.0
0.0
0.0
0.0
0.0
0.0
0.0
0.0
0.0
0.0
0.0
0.0
0.0
0.0
0.0
0.0
0.0
0.0
0.0
0.0
0.0
0.0
0.0
0.0
0.0
0.0
0.0
0.0
0.0
0.0
0.0
0.0
0.0
0.0
0.0
0.0
0.0
39.27276645006878
0.0
0.0
51.296024643214665
0.0
0.0
0.0
0.0
0.0
0.0
0.0
0.0
118.33370140234604
0.0
0.0
0.0
0.0
0.0
0.0
0.0
0.0
0.0
0.0
217.05284022449024
214.26210623531563
211.9449010756369
210.1082235699565
207.41797905646706
204.5314351452235
203.4997547886902
0.0
0.0
0.0
294.43563232612337
292.1756700636924
288.3664016873277
283.6674004675988
278.1694815045951
275.2889967504371
0.0
0.0
0.0
192.07651117037184
188.7796472788965
187.04940409421846
185.6403277902625
182.35321182873037
177.9941418955201
175.92838931450373
174.0606919923365
0.0
0.0
0.0
0.0
0.0
0.0
194.90519355549128
186.20635731853048
181.86617549902476
179.38157260121258
177.47605235619807
175.34948575399312
173.49674956698962
170.8254708188933
166.12356034417405
164.4519659716713
163.89493851383847
163.13380672418498
163.44932120444986
0.0
184.37749805367594
186.70983820027703
189.3350091503239
190.8753277900854
192.67236929155263
196.8806861888801
201.74561216993573
207.2070844558972
212.302570326774
217.6094939242375
221.23364035910942
222.86926185643193
223.73518892577252
223.64243927419537
222.04025927839908
218.5854103322973
214.77900870891844
209.9360479046735
205.30399662090363
195.39354261651908
189.40076146314826
185.36332186649764
182.76779034135762
181.08129979520652
180.34312033464914
180.21691251230422
179.9694116964108
179.24553601310885
178.51805403621586
180.94549359538053
182.10384340260032
181.42939547792685
0.0
0.0
187.62633214478745
185.81710642842296
186.09417429611838
186.40152435902672
0.0
0.0
0.0
0.0
0.0
0.0
0.0
0.0
0.0
0.0
0.0
0.0
186.53466781744098
183.7278454214636
181.95644125128086
180.12328683654584
177.56503593259743
176.68447353987685
176.18651195332984
176.47092425301608
177.75128334711954
179.68526806822547
182.59000473323252
185.28055031886794
188.8188975016928
191.0342175985812
191.7882647625518
191.3505262975022
189.77760311461
187.29174017242303
183.65710749900487
177.64171565858007
175.67190791474053
176.79552568734243
0.0
0.0
0.0
0.0
188.00395182134307
185.13145463247247
184.93741391999183
183.64053962525526
181.0919348913876
179.46528709538765
179.63887474933762
181.04878437360458
184.36267682207247
189.18003378365682
194.0457228466463
198.09600218569628
202.58347281628616
205.81697740586904
207.05531913774996
207.55431230351587
206.98901503747118
0.0
0.0
0.0
182.74062599037399
0.0
0.0
148.49092150999044
147.55957919477348
148.07972693989592
150.1990322358732
157.04587766063239
161.70544075125508
163.6143737767995
163.63163744969728
162.57839534888552
0.0
0.0
0.0
0.0
0.0
0.0
0.0
0.0
0.0
0.0
0.0
0.0
0.0
0.0
0.0
0.0
0.0
188.57871749898118
189.52055597163485
189.60321065508367
189.51934862412597
188.92731197435097
188.13206272362538
188.30719613408192
189.33353530475893
191.7623949172389
194.1660055754934
195.88433475963404
196.79811083921877
197.83468619506465
199.15626620051128
200.11416260600555
200.66107791910977
200.80470546260753
200.34926157419406
199.66252929854875
198.95805905414957
198.1676012883218
198.49138987410296
198.66260696519458
198.28327843724648
197.65216258857498
197.34601094567017
197.3479657196559
197.00412178455764
196.67829690996203
196.80389328139856
197.73473175854906
199.29699263562708
201.86003793484932
204.15620461281958
205.84473934628613
207.36461081914842
208.98652815246226
211.48925929778798
213.8406292618785
216.18790311206152
218.78368002536666
220.96309553543134
222.81593730959327
224.45947721384556
227.48386392804872
230.61215652339027
233.004462767823
233.40430849046666
234.3977306960679
0.0
0.0
0.0
0.0
0.0
0.0
0.0
0.0
0.0
206.51446425861582
206.30524098429888
205.6457101244051
204.7839275829407
203.66144777819238
202.62508014783066
201.47711909496422
200.87702017257587
200.81471784671268
0.0
0.0
0.0
0.0
0.0
0.0
0.0
200.3726026176239
198.92268908526546
196.3944224811286
193.51901360678238
189.99087213856026
184.31093614634133
178.159238537281
172.66218011506123
167.738676142641
164.57239115219866
159.94535155354578
155.19478981748148
167.48852667093846
191.22366507087202
210.41187264562672
233.0412425343411
261.019251046047
278.9668081447116
275.8780445528994
0.0
0.0
0.0
0.0
0.0
0.0
0.0
0.0
0.0
0.0
0.0
0.0
0.0
0.0
0.0
0.0
0.0
0.0
0.0
0.0
0.0
0.0
0.0
0.0
0.0
0.0
0.0
0.0
0.0
0.0
0.0
0.0
0.0
0.0
0.0
0.0
0.0
0.0
0.0
0.0
0.0
0.0
0.0
0.0
0.0
0.0
0.0
0.0
0.0
0.0
0.0
0.0
0.0
0.0
0.0
0.0
0.0
0.0
0.0
0.0
0.0
0.0
0.0
0.0
0.0
0.0
0.0
0.0
0.0
0.0
0.0
0.0
0.0
0.0
0.0
0.0
0.0
0.0
0.0
0.0
0.0
0.0
0.0
0.0
0.0
0.0
0.0
0.0
0.0
0.0
0.0
0.0
0.0
0.0
0.0
0.0
0.0
0.0
0.0
0.0
0.0
0.0
0.0
0.0
0.0
0.0
0.0
0.0
0.0
0.0
0.0
0.0
0.0
0.0
0.0
0.0
32.53794880775045
0.0
0.0
0.0
0.0
0.0
0.0
0.0
0.0
0.0
0.0
0.0
0.0
0.0
0.0
0.0
0.0
0.0
0.0
0.0
0.0
0.0
0.0
0.0
0.0
0.0
0.0
0.0
0.0
0.0
0.0
0.0
0.0
0.0
0.0
0.0
0.0
0.0
0.0
0.0
0.0
0.0
0.0
0.0
0.0
0.0
0.0
0.0
0.0
0.0
0.0
0.0
0.0
0.0
0.0
0.0
