0.0
0.0
0.0
0.0
0.0
0.0
0.0
0.0
0.0
0.0
0.0
0.0
0.0
0.0
0.0
0.0
0.0
0.0
0.0
0.0
0.0
0.0
0.0
0.0
0.0
0.0
0.0
0.0
0.0
0.0
0.0
0.0
0.0
0.0
0.0
0.0
0.0
0.0
0.0
0.0
0.0
0.0
32.61649190782496
0.0
0.0
0.0
0.0
0.0
0.0
0.0
0.0
0.0
0.0
0.0
0.0
0.0
0.0
0.0
0.0
0.0
0.0
0.0
0.0
0.0
0.0
0.0
0.0
0.0
0.0
0.0
0.0
0.0
0.0
0.0
0.0
0.0
0.0
0.0
0.0
0.0
0.0
0.0
0.0
0.0
0.0
0.0
0.0
0.0
0.0
0.0
0.0
0.0
0.0
0.0
0.0
0.0
0.0
0.0
0.0
0.0
0.0
0.0
0.0
0.0
0.0
0.0
0.0
0.0
0.0
0.0
0.0
0.0
0.0
0.0
0.0
0.0
0.0
0.0
0.0
0.0
0.0
0.0
0.0
0.0
0.0
0.0
0.0
0.0
0.0
0.0
0.0
0.0
0.0
0.0
0.0
0.0
0.0
0.0
0.0
0.0
0.0
0.0
0.0
0.0
0.0
0.0
0.0
0.0
0.0
0.0
0.0
0.0
0.0
0.0
0.0
0.0
0.0
0.0
0.0
0.0
0.0
0.0
0.0
0.0
32.17909369867432
32.4421014065295
32.352758998068786
32.27140050899132
32.430421940789714
0.0
0.0
0.0
0.0
0.0
0.0
0.0
0.0
0.0
0.0
0.0
0.0
0.0
0.0
0.0
35.323608162252555
35.74415928386236
0.0
0.0
0.0
0.0
0.0
0.0
0.0
0.0
0.0
0.0
0.0
0.0
0.0
0.0
0.0
0.0
0.0
0.0
0.0
0.0
0.0
0.0
0.0
0.0
0.0
0.0
0.0
0.0
0.0
0.0
0.0
0.0
0.0
0.0
0.0
0.0
0.0
0.0
0.0
0.0
0.0
0.0
0.0
0.0
0.0
0.0
0.0
34.92421779782778
35.17217623526841
0.0
0.0
0.0
0.0
0.0
0.0
0.0
0.0
0.0
0.0
0.0
0.0
0.0
0.0
0.0
0.0
0.0
0.0
0.0
0.0
0.0
0.0
0.0
0.0
0.0
0.0
0.0
0.0
0.0
0.0
0.0
0.0
0.0
0.0
0.0
0.0
0.0
0.0
0.0
0.0
0.0
0.0
0.0
0.0
0.0
245.66514979194204
243.07475297613757
242.1677812648588
241.0919552750026
239.97178881222385
239.0589881061926
238.70155527593565
0.0
0.0
0.0
0.0
0.0
0.0
0.0
0.0
0.0
0.0
0.0
0.0
0.0
262.2326640488425
252.71686656551654
248.46969230394888
246.65583273559258
242.72494875339888
237.7176014577733
233.76083853030977
229.26449801654536
223.09893754132077
214.59101029226656
210.2584838666542
0.0
0.0
223.6838756663261
0.0
232.56111378243148
0.0
0.0
0.0
221.00836905666955
225.33063245726922
229.2362523657389
231.28440122107168
231.59890567124944
230.4513081774866
0.0
222.25630379988309
0.0
0.0
281.63862202519124
279.321491311016
278.85640196640287
278.9567088675402
280.67105208851837
284.0998692261004
288.57354469771366
293.96322117638624
299.650653982641
305.015719957484
308.5122819676106
309.19710829695885
309.02692793852145
0.0
298.039766275945
308.61413147491345
308.39019892715106
0.0
0.0
0.0
0.0
0.0
0.0
0.0
0.0
259.8343007686797
259.5034800912306
258.66027113888424
253.174153389961
240.04290207730725
229.65474221254172
224.8582679922124
223.072193664611
222.85080431025676
223.48695017538813
225.4043595711636
227.856778128473
229.59623882004428
230.63963400327054
231.7368590566197
232.0503727046523
230.11788700293647
227.72020226001558
226.99278114574025
228.66986309158423
230.80023848402993
232.88601221583934
234.4244380295827
236.84004630301672
240.37215154719306
243.08323178428645
244.196513172452
243.55103703931348
242.14289369110048
0.0
0.0
0.0
0.0
0.0
0.0
0.0
0.0
0.0
0.0
0.0
0.0
0.0
251.11643148495716
242.46708680708284
239.94527792862414
240.87207097862847
241.19287158216792
243.08556427795207
245.3737053832043
248.33973858089843
251.36170078944645
251.97191386048723
250.6268150486792
248.95686269005364
245.85700582559912
240.70732563079642
0.0
0.0
204.93473265293483
198.72884069360305
196.58208549530764
197.34118947885239
199.55111351658846
203.6985722623972
205.25476706656588
205.4675508246608
203.84185013886406
201.62810217689454
200.12178073923758
198.86335158462398
198.01844394490718
197.52104146150958
197.1888803115409
197.30542958685868
197.65714669494653
198.0271775331019
198.03921186354987
197.7515708181602
197.4192088507349
197.28568135608523
197.32637056772734
197.45225432121066
197.5707038147637
197.67652561430964
197.6925502779159
197.61932370017524
197.76199956803413
198.1388551282544
198.91216358352693
199.5825629153021
200.17860713300738
200.0971742638422
0.0
189.2193282334723
186.2337266629077
0.0
206.88267038064166
210.20232003440225
211.71281157008664
213.32305904568062
0.0
0.0
0.0
0.0
0.0
204.9927163756264
203.88699424695292
202.44773809760255
200.13243229321336
197.10202393231302
195.3230748899195
194.5079875655979
193.50697480533952
191.32731654637413
187.98224771218588
184.54126091743365
181.82617515216663
182.99241886498282
183.21428497124492
196.51133235068028
201.8427680515574
205.47029758438865
0.0
0.0
0.0
217.53623864245145
213.4240442400821
211.73386715213806
210.6716181665043
209.2837523795841
208.72001874452314
208.65414898300784
208.7158312544467
208.78704165348086
207.61440340919268
205.55510106876358
203.5502096954842
0.0
189.8707695391708
0.0
224.09650984497588
223.93433913291534
222.75698820599573
218.59276440487156
214.76367389924985
212.11502805731385
209.50851915995716
205.07540083059013
202.49280087030297
201.23408247689778
200.56727731234145
200.65901231758463
201.27003990181467
202.265323818532
203.14231201417044
203.45815273304237
202.93904472910995
200.04345180470943
195.87076737928032
193.37631434662512
0.0
0.0
0.0
0.0
0.0
0.0
0.0
0.0
0.0
0.0
0.0
0.0
0.0
0.0
0.0
0.0
0.0
0.0
0.0
0.0
0.0
202.78483631180126
200.94838030828552
196.60780416679074
190.40744704947434
186.75915454049434
184.26375757060936
182.59207810882202
181.48506018098328
180.23268233608115
178.46686821212356
177.1491037507894
176.2186792829898
175.64503710969834
174.80531197780763
173.79576304145988
172.97719031806054
0.0
152.70564890954924
137.15414861091358
120.44120549667286
107.42928872300152
97.39276996699036
0.0
0.0
0.0
0.0
0.0
0.0
0.0
0.0
0.0
0.0
0.0
0.0
0.0
0.0
0.0
0.0
0.0
0.0
0.0
0.0
0.0
0.0
0.0
0.0
0.0
0.0
0.0
33.5551110611676
0.0
0.0
0.0
0.0
0.0
0.0
0.0
0.0
0.0
0.0
0.0
0.0
0.0
0.0
0.0
0.0
0.0
0.0
0.0
0.0
0.0
0.0
0.0
0.0
0.0
0.0
0.0
0.0
0.0
0.0
0.0
0.0
0.0
0.0
0.0
0.0
0.0
0.0
0.0
0.0
0.0
0.0
0.0
0.0
0.0
0.0
0.0
0.0
0.0
0.0
0.0
0.0
0.0
0.0
0.0
0.0
0.0
0.0
0.0
0.0
0.0
0.0
0.0
0.0
0.0
0.0
0.0
0.0
0.0
0.0
0.0
0.0
0.0
0.0
0.0
0.0
0.0
0.0
0.0
0.0
0.0
0.0
0.0
0.0
0.0
0.0
0.0
32.99895831712762
0.0
0.0
0.0
0.0
0.0
0.0
0.0
0.0
0.0
0.0
0.0
0.0
0.0
0.0
0.0
0.0
0.0
0.0
0.0
0.0
0.0
0.0
0.0
0.0
0.0
0.0
0.0
0.0
0.0
0.0
0.0
0.0
0.0
0.0
0.0
0.0
0.0
0.0
0.0
0.0
0.0
0.0
0.0
0.0
0.0
0.0
0.0
0.0
0.0
0.0
0.0
0.0
0.0
0.0
0.0
0.0
0.0
0.0
0.0
