0.0
0.0
0.0
0.0
0.0
0.0
0.0
0.0
0.0
0.0
0.0
0.0
0.0
0.0
0.0
0.0
0.0
0.0
0.0
0.0
0.0
0.0
0.0
0.0
0.0
0.0
0.0
0.0
0.0
0.0
0.0
0.0
0.0
0.0
0.0
0.0
0.0
0.0
0.0
0.0
0.0
0.0
0.0
0.0
0.0
0.0
0.0
0.0
0.0
0.0
0.0
0.0
0.0
0.0
0.0
0.0
0.0
0.0
0.0
0.0
0.0
0.0
0.0
0.0
0.0
0.0
0.0
121.42734886370943
0.0
0.0
0.0
0.0
0.0
0.0
0.0
0.0
0.0
0.0
0.0
0.0
0.0
0.0
0.0
0.0
0.0
0.0
0.0
0.0
0.0
0.0
0.0
0.0
0.0
0.0
0.0
0.0
0.0
0.0
0.0
0.0
0.0
0.0
0.0
0.0
0.0
0.0
0.0
0.0
0.0
0.0
0.0
0.0
0.0
0.0
0.0
0.0
0.0
0.0
0.0
0.0
0.0
0.0
0.0
0.0
0.0
0.0
0.0
0.0
0.0
0.0
0.0
0.0
0.0
0.0
0.0
0.0
0.0
0.0
0.0
0.0
0.0
0.0
0.0
0.0
0.0
0.0
0.0
0.0
0.0
0.0
0.0
0.0
0.0
0.0
0.0
0.0
0.0
0.0
0.0
0.0
0.0
0.0
0.0
0.0
0.0
0.0
0.0
0.0
0.0
0.0
0.0
0.0
0.0
0.0
0.0
0.0
0.0
0.0
0.0
0.0
0.0
0.0
0.0
0.0
0.0
0.0
0.0
0.0
0.0
0.0
0.0
0.0
0.0
274.5205144645961
0.0
0.0
0.0
0.0
0.0
0.0
0.0
0.0
0.0
0.0
0.0
0.0
0.0
0.0
0.0
0.0
0.0
0.0
0.0
0.0
0.0
0.0
0.0
0.0
0.0
0.0
0.0
0.0
0.0
0.0
0.0
0.0
0.0
0.0
0.0
288.12971323270335
0.0
0.0
0.0
0.0
0.0
0.0
0.0
0.0
0.0
0.0
0.0
0.0
0.0
0.0
0.0
0.0
0.0
0.0
301.1024011319986
0.0
302.2597082031537
296.3728259362927
0.0
0.0
0.0
0.0
0.0
0.0
245.92281814861454
248.57381495493297
249.95536981163667
250.02942654277228
245.17691884735126
238.44764935658299
0.0
0.0
0.0
0.0
0.0
0.0
0.0
0.0
0.0
0.0
0.0
255.43114270343216
256.6625098129267
256.5166483999034
255.98351731155518
253.97596327636177
252.1488382866842
252.0196749546323
254.02977931620381
257.18633243124066
261.0629132045167
269.27009410226157
274.31138969044423
277.718943798126
280.1296896592612
280.1708257060361
278.21155313567493
274.7072534498909
269.812784801509
0.0
0.0
0.0
0.0
333.1695409432266
331.2676920816633
327.4159397019463
324.4615741795587
321.5666296883767
316.29347799212417
312.9209475500886
310.481795962577
306.7293202411525
302.5406768510256
297.76717910880114
291.9917813417748
281.1985763152493
276.2944026352854
273.69193338827165
269.99832624814644
263.4179319585763
255.91431228600845
246.1434374319844
238.97573740228262
237.7041475839741
239.5597610845781
240.79298232407584
241.23660749451517
241.540878076771
242.289454926137
242.80866767434316
243.2604021526621
243.4995269827995
242.1152101451331
239.46652506608305
237.2387699806648
0.0
0.0
0.0
0.0
0.0
0.0
0.0
0.0
283.14422345703684
278.6106388779575
276.3854085667256
275.44850345431706
271.69045341033507
263.94627772453015
0.0
245.59469387540912
0.0
0.0
0.0
0.0
0.0
0.0
193.14894962065875
191.92261078772327
187.70048541338767
182.3355463222755
174.7952965791542
169.48817519870653
166.3286651019563
164.68943090495907
163.30905770644733
162.99574860941092
163.9598200531127
165.78780811931583
168.5720803701055
174.39042711405972
176.9986597312066
177.01742913795985
0.0
0.0
0.0
0.0
0.0
0.0
0.0
0.0
0.0
0.0
0.0
0.0
0.0
0.0
238.27467971638058
234.66280463949798
233.68879982726196
232.722303231964
231.40749677031954
226.6862838855057
0.0
0.0
0.0
0.0
0.0
0.0
0.0
246.5563536964671
244.89736429609465
244.06537993587318
244.01046455090392
242.96787269516952
240.67690777717604
238.15363441922773
235.90162256309952
0.0
0.0
0.0
241.07126208370428
239.55175627903543
237.24399533082692
236.16081849721985
235.21339961545368
230.69187707863233
221.77719434803896
218.09171034699145
217.9505098519885
218.33269054776736
219.98243618536023
221.82653096460726
222.03682873358952
220.26150750134488
0.0
0.0
0.0
0.0
0.0
0.0
0.0
0.0
0.0
0.0
0.0
236.93568335139747
238.73601509802356
239.48720639339672
240.3505402869153
241.6369071343761
241.8699535600521
240.83961152763632
0.0
0.0
0.0
0.0
0.0
0.0
0.0
0.0
0.0
256.7266911397457
254.70481803972714
253.43794217735217
252.45632710229523
247.11802639720554
236.94642330716565
225.42061526405138
220.4778681016236
216.39081331147537
208.8370261972528
204.00178346631918
194.36147047493765
188.10121195213196
180.15491916635295
171.14172603454037
168.18063167745836
165.86337707692894
164.47053577199284
163.62865282986075
163.21465719319121
162.75888657252085
161.87431532136492
160.71728654640654
159.57007332821922
159.2553267626781
0.0
0.0
0.0
0.0
176.93317108200534
177.27363073389495
180.6327723871482
0.0
0.0
0.0
0.0
0.0
0.0
0.0
0.0
0.0
0.0
0.0
210.56702345293024
212.55777415813293
213.7235368712349
217.35880853218217
205.76675237575336
181.78671411513926
161.41991871029447
147.76822709741265
137.4160450569224
145.16942937829617
150.68260674194218
0.0
0.0
0.0
0.0
0.0
0.0
0.0
0.0
0.0
0.0
0.0
0.0
0.0
0.0
0.0
0.0
0.0
0.0
0.0
0.0
0.0
0.0
0.0
0.0
0.0
0.0
0.0
0.0
0.0
0.0
0.0
0.0
0.0
0.0
0.0
0.0
0.0
0.0
0.0
0.0
0.0
0.0
0.0
0.0
34.65784655573504
0.0
0.0
0.0
0.0
0.0
0.0
0.0
0.0
0.0
0.0
0.0
0.0
0.0
0.0
0.0
0.0
0.0
0.0
0.0
0.0
0.0
0.0
0.0
0.0
0.0
0.0
0.0
0.0
0.0
0.0
0.0
0.0
0.0
0.0
0.0
0.0
0.0
0.0
0.0
0.0
0.0
0.0
32.36749906439715
32.37006198598725
0.0
0.0
0.0
0.0
0.0
0.0
0.0
0.0
0.0
0.0
0.0
0.0
0.0
0.0
0.0
0.0
0.0
0.0
0.0
0.0
0.0
0.0
0.0
0.0
0.0
0.0
0.0
0.0
0.0
0.0
0.0
0.0
0.0
0.0
0.0
0.0
0.0
0.0
0.0
0.0
0.0
0.0
0.0
0.0
0.0
32.25229965059381
0.0
32.20522658564328
0.0
0.0
0.0
0.0
0.0
0.0
0.0
0.0
0.0
0.0
0.0
0.0
0.0
0.0
0.0
0.0
0.0
0.0
0.0
0.0
0.0
0.0
0.0
0.0
0.0
0.0
0.0
0.0
0.0
0.0
0.0
0.0
0.0
0.0
0.0
0.0
0.0
0.0
0.0
0.0
0.0
0.0
0.0
0.0
0.0
