0.0
0.0
0.0
0.0
0.0
0.0
0.0
0.0
0.0
0.0
0.0
0.0
0.0
0.0
0.0
0.0
0.0
0.0
0.0
0.0
0.0
0.0
0.0
0.0
0.0
0.0
0.0
0.0
0.0
0.0
0.0
0.0
0.0
0.0
0.0
0.0
0.0
0.0
0.0
0.0
0.0
0.0
0.0
0.0
0.0
0.0
0.0
0.0
0.0
0.0
0.0
0.0
0.0
0.0
0.0
0.0
0.0
0.0
0.0
0.0
0.0
0.0
0.0
0.0
0.0
0.0
0.0
0.0
0.0
0.0
0.0
0.0
0.0
0.0
0.0
0.0
0.0
0.0
0.0
0.0
0.0
0.0
0.0
0.0
0.0
0.0
0.0
0.0
0.0
0.0
0.0
0.0
0.0
0.0
0.0
0.0
0.0
0.0
0.0
0.0
0.0
0.0
0.0
0.0
0.0
0.0
0.0
0.0
0.0
0.0
0.0
0.0
0.0
0.0
0.0
0.0
0.0
0.0
0.0
0.0
0.0
0.0
0.0
0.0
0.0
0.0
0.0
0.0
0.0
0.0
0.0
0.0
0.0
0.0
0.0
0.0
0.0
0.0
0.0
0.0
0.0
0.0
0.0
0.0
0.0
0.0
0.0
0.0
0.0
0.0
0.0
0.0
0.0
0.0
0.0
0.0
0.0
0.0
0.0
0.0
0.0
0.0
0.0
0.0
0.0
0.0
0.0
0.0
0.0
0.0
0.0
0.0
0.0
0.0
0.0
0.0
0.0
0.0
0.0
0.0
0.0
0.0
0.0
0.0
0.0
0.0
0.0
0.0
0.0
0.0
0.0
0.0
0.0
0.0
0.0
0.0
0.0
0.0
0.0
0.0
0.0
0.0
0.0
0.0
0.0
0.0
0.0
0.0
0.0
0.0
0.0
0.0
0.0
0.0
0.0
0.0
0.0
0.0
0.0
0.0
0.0
0.0
0.0
0.0
0.0
0.0
0.0
0.0
0.0
0.0
0.0
0.0
0.0
0.0
0.0
0.0
0.0
0.0
0.0
0.0
0.0
0.0
0.0
0.0
0.0
0.0
0.0
0.0
0.0
0.0
0.0
0.0
0.0
0.0
0.0
0.0
0.0
0.0
0.0
0.0
0.0
0.0
0.0
0.0
0.0
0.0
0.0
0.0
0.0
0.0
0.0
0.0
0.0
0.0
0.0
0.0
0.0
0.0
0.0
0.0
0.0
0.0
0.0
0.0
0.0
0.0
0.0
0.0
0.0
0.0
0.0
0.0
0.0
0.0
0.0
0.0
0.0
0.0
0.0
0.0
0.0
0.0
0.0
0.0
0.0
0.0
0.0
0.0
0.0
0.0
0.0
0.0
0.0
0.0
0.0
0.0
0.0
0.0
0.0
0.0
0.0
0.0
0.0
0.0
0.0
0.0
0.0
0.0
0.0
0.0
0.0
0.0
0.0
0.0
0.0
0.0
0.0
0.0
0.0
0.0
0.0
0.0
183.18135439049016
183.804129342773
183.89199091629084
184.57676873360515
186.29915401772675
187.46686795276287
187.11220861481382
186.4913202444639
188.879914176127
194.96594196616792
200.78153985227942
206.8659321725713
211.30715867755472
214.02893247876392
215.19421399777727
214.9983540318777
212.66791495518612
209.32372303605865
207.42944577298107
206.0186645623763
0.0
0.0
224.03300516093648
222.93887314555627
222.449643972888
221.32106784965802
219.37161911945483
217.7937777845221
216.89398823879498
216.55316666862728
216.77285911348025
216.53837005547808
215.41955174410234
213.86000700202635
212.43517033115387
210.63571377779323
208.61313067478522
206.2947773735101
201.21977896144926
197.88727573930367
196.52254455639138
193.0066160144089
187.96042057227584
185.27754054324575
183.60273228214703
182.4495636394699
181.08208053174576
178.62640635210795
175.68909878774232
173.53892734813488
172.33830758919314
171.50555918505466
168.0677666998631
164.89062404036457
0.0
0.0
0.0
178.90673072589436
175.95533174249948
172.53633818829155
168.09117531861375
165.2318856509206
163.69113591463898
163.16826216260822
163.44810086951134
165.00987525904392
168.88041612691484
174.80807765755074
180.9358089097305
185.01332060868333
187.90354580555925
191.5133591036096
0.0
208.22504414471524
220.96074238621665
227.34231226416182
236.8967418927034
243.1572950847027
247.86666474796192
252.26006064688715
256.2899462711077
259.30627744524617
261.61155782549025
263.7462398459082
266.8333611135659
269.4311248473529
271.5898959068669
273.06021766738513
274.87264813791376
276.2116640725288
276.95226513545117
277.1626826544589
277.2091803258953
277.89285925221884
279.4210889813123
281.15495546803794
283.03545808683407
284.65051564023213
285.03207727153983
283.92072836766243
280.4517503398247
276.6458726654134
0.0
0.0
0.0
272.79840224617664
0.0
0.0
0.0
0.0
0.0
0.0
0.0
248.40900249240963
244.13175015744912
242.82663671295072
240.87002861681722
237.45373474839485
235.29730323571363
234.45746303776716
231.62527420340243
224.0429147189754
216.3325178968209
211.04428875859102
205.3914487512091
197.32400704535172
192.18297020872174
188.58972929696813
186.3712779238824
184.33577165769827
182.13576308095736
179.52765971646636
177.03453916067713
175.1237527718638
173.4832800414062
171.33658304429753
168.2858095163418
165.69368183872774
163.63557898048472
161.88983351486547
159.49686287440068
157.56487735182324
156.5794617268173
156.19924736708148
155.85223074578778
155.30092987696668
154.20338413296238
153.8763416100719
0.0
0.0
0.0
0.0
0.0
0.0
0.0
0.0
0.0
0.0
0.0
0.0
0.0
0.0
0.0
0.0
0.0
0.0
0.0
0.0
0.0
179.37154271262895
178.47869461089408
177.07029421265787
174.87106392079977
172.68785208626767
0.0
0.0
0.0
0.0
0.0
0.0
0.0
0.0
169.24177970625405
165.7374191590425
164.13004622854083
162.68762122894924
161.49110592486838
160.29975142240588
159.15725253214708
158.0439595640812
156.58570139155438
155.43800981061582
154.61250622301404
154.642148803899
155.28628359409856
155.95478671065987
155.98418421093115
155.10245795479443
154.76638825040263
0.0
0.0
0.0
0.0
0.0
0.0
0.0
0.0
0.0
0.0
0.0
0.0
0.0
0.0
0.0
0.0
0.0
156.15792176820108
152.7842474736682
149.5640382075536
147.55372535686496
146.6391225724675
146.28704466185786
146.34169718025774
146.72511153405281
147.42345540072907
148.77662696390504
150.35690614550325
152.7481982632699
154.35924536561436
154.93902226871649
154.3372894958871
152.64954717389955
150.61238096573754
147.64695476215806
0.0
0.0
0.0
0.0
0.0
0.0
0.0
0.0
0.0
0.0
0.0
0.0
0.0
0.0
0.0
0.0
0.0
0.0
0.0
0.0
0.0
0.0
0.0
0.0
0.0
0.0
0.0
0.0
0.0
0.0
0.0
0.0
0.0
0.0
0.0
0.0
0.0
0.0
0.0
0.0
0.0
0.0
0.0
0.0
0.0
0.0
0.0
0.0
0.0
0.0
0.0
0.0
0.0
0.0
0.0
0.0
0.0
0.0
0.0
0.0
0.0
0.0
0.0
321.6827767585853
0.0
0.0
0.0
0.0
0.0
0.0
0.0
0.0
0.0
0.0
0.0
0.0
0.0
0.0
0.0
0.0
0.0
0.0
0.0
0.0
0.0
0.0
0.0
0.0
0.0
0.0
0.0
0.0
0.0
0.0
0.0
0.0
0.0
168.7266562023029
167.7346422566137
0.0
0.0
0.0
0.0
0.0
0.0
0.0
0.0
0.0
0.0
0.0
0.0
0.0
0.0
0.0
0.0
0.0
0.0
0.0
0.0
0.0
0.0
0.0
0.0
0.0
0.0
0.0
0.0
0.0
0.0
0.0
0.0
0.0
0.0
0.0
0.0
0.0
0.0
0.0
0.0
0.0
0.0
0.0
0.0
0.0
0.0
0.0
0.0
0.0
0.0
0.0
0.0
0.0
0.0
0.0
0.0
0.0
0.0
