0.0
0.0
0.0
0.0
0.0
0.0
0.0
0.0
0.0
0.0
0.0
0.0
0.0
0.0
0.0
0.0
0.0
0.0
0.0
0.0
0.0
0.0
0.0
0.0
0.0
0.0
0.0
0.0
0.0
0.0
0.0
0.0
0.0
0.0
0.0
0.0
0.0
0.0
0.0
0.0
0.0
0.0
0.0
0.0
0.0
0.0
0.0
0.0
0.0
0.0
0.0
0.0
0.0
0.0
0.0
0.0
0.0
0.0
0.0
0.0
0.0
0.0
0.0
0.0
0.0
0.0
0.0
0.0
0.0
0.0
0.0
0.0
0.0
0.0
0.0
0.0
0.0
0.0
0.0
0.0
0.0
0.0
0.0
0.0
0.0
0.0
0.0
0.0
0.0
0.0
0.0
0.0
0.0
0.0
0.0
0.0
0.0
0.0
0.0
0.0
0.0
0.0
0.0
0.0
0.0
0.0
0.0
0.0
0.0
0.0
0.0
0.0
0.0
0.0
0.0
0.0
0.0
0.0
0.0
0.0
0.0
0.0
0.0
0.0
0.0
0.0
0.0
0.0
0.0
0.0
0.0
0.0
0.0
0.0
0.0
0.0
64.48459258958182
0.0
0.0
0.0
0.0
0.0
0.0
0.0
0.0
0.0
0.0
0.0
0.0
0.0
0.0
0.0
0.0
0.0
0.0
0.0
0.0
0.0
0.0
0.0
0.0
0.0
0.0
0.0
0.0
0.0
0.0
0.0
0.0
0.0
0.0
0.0
0.0
0.0
0.0
0.0
0.0
0.0
0.0
0.0
0.0
0.0
0.0
0.0
0.0
0.0
0.0
0.0
0.0
0.0
0.0
0.0
0.0
0.0
0.0
0.0
0.0
0.0
0.0
0.0
0.0
0.0
0.0
0.0
0.0
0.0
0.0
0.0
0.0
0.0
0.0
0.0
0.0
0.0
34.21364151942066
0.0
0.0
0.0
0.0
0.0
0.0
0.0
0.0
0.0
0.0
0.0
0.0
0.0
0.0
0.0
0.0
0.0
0.0
0.0
0.0
0.0
0.0
0.0
0.0
0.0
0.0
0.0
0.0
0.0
0.0
0.0
0.0
0.0
0.0
0.0
0.0
0.0
0.0
0.0
0.0
0.0
0.0
0.0
0.0
0.0
0.0
0.0
0.0
0.0
0.0
0.0
0.0
0.0
0.0
0.0
0.0
0.0
0.0
0.0
0.0
0.0
0.0
0.0
0.0
0.0
0.0
0.0
0.0
0.0
0.0
0.0
0.0
0.0
0.0
0.0
0.0
0.0
0.0
0.0
0.0
0.0
0.0
0.0
0.0
0.0
0.0
0.0
80.79251220209711
0.0
0.0
88.32693937883258
88.2083062835949
87.89288808405544
87.98270827914672
88.7908878035848
0.0
0.0
99.02691989063524
100.47549793325288
101.41715792172849
101.70831946251035
100.31165887335112
0.0
0.0
0.0
0.0
0.0
0.0
0.0
0.0
0.0
0.0
0.0
0.0
0.0
0.0
0.0
0.0
114.53193002891925
114.31142193986234
114.18950539881376
113.98487761020576
113.67269919444809
113.16118194000971
112.7220332879617
113.43650839026786
114.3909076554385
115.12072125518806
115.43974770636152
115.12939750274364
114.58860742031973
113.98881514138223
113.28160142426074
111.79396111346188
111.19165002945232
0.0
0.0
0.0
100.42112037729716
0.0
0.0
0.0
0.0
0.0
0.0
0.0
92.85740723404899
92.02123460709134
0.0
0.0
0.0
0.0
0.0
0.0
0.0
0.0
0.0
0.0
0.0
0.0
87.86063609713574
86.4852269386003
85.23040894558034
83.54526343211988
82.25875532627258
81.66925054125046
81.63331791149773
81.8232799766711
82.3812308573536
83.58817783715139
85.93576894817289
87.23122498811712
87.7452602242559
0.0
0.0
0.0
0.0
0.0
0.0
0.0
0.0
0.0
0.0
0.0
0.0
0.0
0.0
0.0
0.0
0.0
0.0
0.0
0.0
0.0
0.0
0.0
0.0
0.0
0.0
0.0
0.0
0.0
0.0
0.0
0.0
0.0
0.0
0.0
0.0
0.0
0.0
0.0
0.0
0.0
0.0
32.397647977436826
0.0
0.0
0.0
0.0
0.0
0.0
0.0
0.0
81.1178037968057
80.51333079585406
80.3552326432415
80.22968233093869
80.28979039223171
80.59699913455246
80.73128476833304
0.0
80.2863759996052
0.0
0.0
80.44591038931063
0.0
0.0
0.0
0.0
0.0
0.0
0.0
0.0
90.63102397870276
0.0
93.20352320283274
93.54819549577937
93.67150831698977
93.78252896780668
0.0
0.0
0.0
0.0
0.0
0.0
0.0
0.0
0.0
0.0
0.0
0.0
0.0
105.25465861424189
105.19910745371021
105.13351187653429
105.4714160688755
105.57526125849245
104.72721491312292
103.18023021510069
101.7974668670221
101.05374357360435
100.50456310757825
99.68819653993563
98.88310513530442
98.55155320237445
99.00174839223004
99.56390181151451
99.43536092034924
98.60764736241022
97.88936879990969
97.2741701904296
96.30678989023123
95.18532837425965
0.0
0.0
0.0
0.0
0.0
0.0
0.0
0.0
0.0
0.0
0.0
0.0
0.0
0.0
0.0
0.0
0.0
0.0
0.0
0.0
89.31803885627885
89.27025327209824
89.27271472004378
88.76142299986478
87.6476799045396
86.47594710637144
85.09706337668787
0.0
0.0
85.99314643845135
0.0
0.0
0.0
0.0
85.9156849444121
86.97073045409027
88.43760609431833
0.0
0.0
87.43698990159204
85.46719357515894
84.03535359187187
82.86054561955295
82.02092891981097
81.68578950626632
81.18416050606263
80.48820512429387
79.60531188194895
78.58102962227008
78.0507344390806
77.62695618843814
76.93094584583407
76.23675280733694
74.8858348515612
73.69537283531105
73.43841324418257
0.0
0.0
0.0
0.0
0.0
0.0
0.0
0.0
0.0
0.0
0.0
0.0
0.0
0.0
77.40987342083385
77.92641243446464
78.2749114284372
78.34496373976886
78.57034416888287
78.66300576381263
78.58393295034023
78.02542926021731
77.1432450702116
0.0
0.0
0.0
0.0
0.0
0.0
0.0
0.0
0.0
0.0
0.0
0.0
0.0
0.0
0.0
0.0
0.0
0.0
33.811722607014644
0.0
0.0
0.0
0.0
0.0
0.0
0.0
0.0
0.0
0.0
0.0
0.0
0.0
0.0
0.0
0.0
0.0
0.0
0.0
0.0
0.0
0.0
0.0
34.81394442607011
0.0
0.0
0.0
0.0
0.0
0.0
0.0
0.0
39.03041832775702
0.0
0.0
0.0
0.0
72.88347201066709
73.59177159421205
74.32940512751873
74.08943020490497
73.11965072006583
70.1581168724285
0.0
0.0
0.0
71.30875415866993
0.0
0.0
77.11065138118995
80.53341663559281
83.17651680263128
85.26267829926633
87.00166876408872
88.11977021013433
90.30085437602104
93.1066827615762
96.44443660147229
99.25619547598222
102.00299024199128
106.35592834014268
109.72418106775487
112.29371387771062
114.75765982686343
116.6052638846732
117.34937727964093
118.09814163481985
118.94993574782052
119.02386890015086
118.34000907407659
117.53466693956901
117.02932940222269
0.0
0.0
0.0
0.0
0.0
0.0
0.0
96.34859483194731
95.65274374176973
94.28282710771401
0.0
0.0
87.1056896526345
86.79440117772097
86.63472353946268
86.26061411499299
86.25035670528791
86.85652150313267
87.18089905491782
87.53179263975154
87.61368226206756
87.97190981104572
88.31265254804632
88.47211599204874
88.66528578744843
88.57134360442421
88.24354552922905
87.71687027718886
87.23810602399507
86.41009632247504
86.05843635030129
86.34765098288428
86.46871725750529
86.56941780453704
0.0
0.0
0.0
86.93000163669497
86.6449525367767
85.88888793748754
85.7210256861089
84.45442766142949
0.0
0.0
85.6539599899174
86.69661601374992
88.09325309647281
89.52273232416574
90.2437571904784
90.47625915657031
90.2164746250479
89.95886894424783
89.37268365126528
88.54883812581195
87.54224421761785
85.76472977275584
0.0
0.0
0.0
0.0
0.0
0.0
0.0
0.0
0.0
0.0
0.0
0.0
0.0
84.12897514284509
84.3100039886759
84.47009844445165
84.12836227791395
83.66032799670128
82.99049034428059
81.72935853744542
0.0
0.0
0.0
0.0
0.0
0.0
0.0
0.0
0.0
0.0
0.0
0.0
0.0
82.50073814933138
82.75244058004091
82.74361739377764
82.38843723438998
81.75218318395574
81.0610217293326
80.40369680372442
79.788106414078
79.36178755042194
79.31036064707801
79.7956095453161
80.09490984686002
80.30822314644739
80.74720321201033
80.49168590485145
0.0
0.0
0.0
0.0
0.0
0.0
0.0
0.0
0.0
0.0
0.0
0.0
0.0
0.0
0.0
0.0
0.0
0.0
0.0
91.63599062395375
89.4906178340493
0.0
0.0
0.0
0.0
0.0
78.5509481624977
77.13714834919931
75.22618017874572
0.0
0.0
0.0
0.0
0.0
0.0
0.0
0.0
0.0
0.0
57.293535506342124
57.33697202494149
57.708957533967734
56.93043385053065
55.747902693537306
55.33536441422673
55.12152631691209
55.19248958761253
55.552493785772
57.28308633987143
57.330592293268026
0.0
0.0
0.0
0.0
0.0
0.0
0.0
0.0
0.0
0.0
0.0
0.0
0.0
0.0
0.0
0.0
0.0
0.0
0.0
0.0
0.0
0.0
0.0
35.30487424713443
0.0
0.0
0.0
0.0
0.0
0.0
0.0
0.0
0.0
0.0
0.0
0.0
0.0
0.0
0.0
0.0
0.0
0.0
0.0
0.0
0.0
0.0
0.0
0.0
0.0
0.0
0.0
0.0
0.0
0.0
0.0
0.0
0.0
0.0
0.0
0.0
0.0
0.0
0.0
0.0
0.0
0.0
0.0
0.0
0.0
0.0
0.0
0.0
0.0
0.0
0.0
0.0
0.0
0.0
0.0
0.0
0.0
0.0
0.0
0.0
0.0
0.0
0.0
0.0
0.0
0.0
0.0
0.0
0.0
0.0
0.0
0.0
0.0
0.0
0.0
0.0
0.0
0.0
0.0
0.0
0.0
0.0
0.0
0.0
0.0
0.0
0.0
0.0
0.0
0.0
