0.0
0.0
0.0
0.0
0.0
0.0
0.0
0.0
0.0
0.0
0.0
0.0
0.0
0.0
0.0
0.0
0.0
0.0
0.0
0.0
0.0
0.0
0.0
0.0
0.0
0.0
0.0
0.0
0.0
0.0
0.0
0.0
0.0
0.0
0.0
0.0
0.0
0.0
0.0
0.0
0.0
0.0
0.0
0.0
0.0
0.0
0.0
0.0
0.0
0.0
0.0
0.0
0.0
0.0
0.0
0.0
0.0
0.0
0.0
0.0
0.0
0.0
0.0
0.0
0.0
0.0
0.0
0.0
0.0
0.0
0.0
0.0
0.0
0.0
0.0
0.0
0.0
0.0
0.0
0.0
0.0
0.0
0.0
0.0
0.0
0.0
0.0
0.0
0.0
0.0
0.0
0.0
0.0
0.0
0.0
0.0
0.0
0.0
0.0
0.0
0.0
0.0
0.0
0.0
0.0
0.0
0.0
0.0
0.0
0.0
0.0
0.0
0.0
0.0
0.0
0.0
0.0
0.0
0.0
0.0
0.0
0.0
0.0
0.0
0.0
0.0
0.0
0.0
0.0
0.0
0.0
0.0
0.0
0.0
0.0
0.0
0.0
0.0
0.0
0.0
0.0
0.0
0.0
0.0
0.0
0.0
0.0
0.0
0.0
0.0
0.0
0.0
0.0
0.0
0.0
0.0
0.0
0.0
32.10531335112457
0.0
0.0
0.0
0.0
0.0
0.0
0.0
0.0
0.0
0.0
0.0
0.0
0.0
0.0
0.0
0.0
0.0
0.0
0.0
0.0
0.0
33.09390649972377
0.0
0.0
0.0
0.0
0.0
0.0
0.0
0.0
0.0
0.0
0.0
0.0
0.0
0.0
0.0
0.0
0.0
0.0
0.0
0.0
0.0
0.0
0.0
0.0
0.0
0.0
0.0
0.0
0.0
0.0
0.0
0.0
0.0
0.0
0.0
0.0
0.0
0.0
99.48560602481339
0.0
0.0
0.0
0.0
0.0
0.0
0.0
0.0
0.0
0.0
0.0
0.0
0.0
0.0
0.0
0.0
0.0
0.0
0.0
0.0
0.0
0.0
0.0
0.0
0.0
0.0
0.0
153.13644987109396
150.86863533846926
0.0
0.0
0.0
0.0
0.0
0.0
0.0
0.0
0.0
0.0
0.0
0.0
0.0
0.0
0.0
0.0
0.0
0.0
0.0
0.0
0.0
0.0
109.2253890092407
108.66202014146853
108.23310363094292
108.1412728038073
108.58434003278305
109.31356671921131
110.82028237372144
113.43561233610984
115.28440004425383
116.17215331544146
116.46444469187159
116.18166383877173
115.08271069676928
0.0
0.0
0.0
0.0
0.0
0.0
0.0
118.78509524150783
119.90379216445582
120.1008772788734
119.94475679486129
119.14055692804368
118.25905892772025
117.60247521135094
116.73070798350126
116.13893005516874
115.31707575586809
114.31996306301025
113.69837227483428
113.19069268243743
112.37469790663144
111.17953123575342
109.82604464015253
109.39749816303446
0.0
0.0
0.0
0.0
0.0
111.01435363858008
111.00688934593931
110.77881433046669
110.34720489287366
110.08644911952476
109.7364950023254
108.98880527594896
107.64854001925713
105.8691371239653
104.08651472423796
101.36394433688226
99.84138090380262
0.0
0.0
0.0
0.0
0.0
0.0
113.67065869140927
113.49232814422163
112.70460444996688
110.96351452681856
110.04691736717322
107.76069191877788
0.0
99.169051012966
0.0
0.0
0.0
0.0
0.0
0.0
0.0
0.0
0.0
0.0
85.59784879338507
86.22215825571972
87.11054776619854
88.4297228963701
88.62053675082606
88.34072230674542
88.23289775661038
0.0
0.0
0.0
0.0
0.0
0.0
0.0
0.0
0.0
0.0
0.0
0.0
0.0
0.0
0.0
0.0
0.0
0.0
0.0
0.0
0.0
0.0
0.0
0.0
0.0
0.0
0.0
99.87719678321149
0.0
99.28671997248044
98.57062886107411
97.81937012753684
97.40837030154297
97.31757421635905
97.49320756612278
97.82279071379162
98.00851046188478
0.0
0.0
0.0
0.0
0.0
0.0
0.0
0.0
0.0
0.0
0.0
0.0
131.94401130671494
0.0
115.08048803507528
112.99533605960715
111.52092680756616
110.59297209760983
109.29590154282397
0.0
0.0
0.0
0.0
0.0
0.0
0.0
0.0
114.43822066965043
112.09232187459068
110.04656570987044
107.748164633536
0.0
0.0
0.0
0.0
93.92737724867308
93.7146440669771
93.20538796691832
92.75412352329623
93.29407266723719
94.40587182910693
94.65246554067207
0.0
0.0
0.0
0.0
98.08237340143178
97.54689806459083
96.92094431683455
0.0
0.0
0.0
0.0
0.0
0.0
0.0
0.0
0.0
0.0
0.0
0.0
0.0
0.0
0.0
0.0
114.47130384462844
0.0
0.0
0.0
112.98953175527456
110.64978898345103
110.09145396300144
110.2899754316472
111.37303126212727
113.32572897964332
0.0
0.0
0.0
0.0
0.0
0.0
0.0
0.0
0.0
0.0
0.0
0.0
0.0
0.0
0.0
0.0
0.0
0.0
0.0
0.0
0.0
0.0
0.0
0.0
0.0
0.0
0.0
0.0
0.0
0.0
0.0
0.0
0.0
0.0
0.0
0.0
0.0
0.0
0.0
0.0
0.0
0.0
0.0
0.0
0.0
0.0
0.0
0.0
0.0
0.0
0.0
0.0
0.0
0.0
0.0
0.0
0.0
0.0
0.0
0.0
0.0
33.8038474575133
0.0
0.0
0.0
0.0
0.0
0.0
0.0
0.0
0.0
0.0
0.0
0.0
0.0
0.0
0.0
0.0
0.0
0.0
0.0
0.0
0.0
0.0
0.0
0.0
0.0
0.0
0.0
0.0
0.0
0.0
0.0
0.0
0.0
0.0
0.0
0.0
0.0
0.0
0.0
0.0
0.0
0.0
0.0
0.0
0.0
0.0
0.0
0.0
0.0
0.0
0.0
0.0
0.0
0.0
0.0
0.0
0.0
0.0
0.0
0.0
0.0
0.0
0.0
0.0
0.0
0.0
0.0
0.0
0.0
0.0
0.0
0.0
0.0
0.0
0.0
0.0
0.0
0.0
0.0
0.0
0.0
0.0
0.0
0.0
0.0
0.0
0.0
0.0
0.0
0.0
0.0
0.0
0.0
32.65926999514723
0.0
0.0
0.0
0.0
0.0
0.0
0.0
0.0
0.0
0.0
0.0
0.0
0.0
0.0
0.0
0.0
0.0
0.0
0.0
0.0
0.0
0.0
0.0
0.0
0.0
0.0
0.0
0.0
0.0
0.0
0.0
0.0
