0.0
0.0
0.0
0.0
0.0
0.0
0.0
0.0
0.0
0.0
180.67029035404994
180.44878979575327
176.75737627193894
0.0
0.0
0.0
0.0
0.0
0.0
0.0
0.0
0.0
0.0
0.0
0.0
0.0
0.0
0.0
106.62237467106964
0.0
0.0
0.0
0.0
0.0
0.0
0.0
0.0
0.0
0.0
0.0
0.0
0.0
0.0
0.0
0.0
0.0
0.0
0.0
0.0
0.0
0.0
0.0
0.0
0.0
0.0
0.0
0.0
0.0
0.0
0.0
0.0
0.0
0.0
167.75837481544156
0.0
0.0
0.0
0.0
0.0
0.0
0.0
0.0
0.0
0.0
0.0
0.0
0.0
0.0
0.0
0.0
0.0
0.0
0.0
0.0
0.0
0.0
0.0
0.0
0.0
0.0
0.0
0.0
0.0
0.0
0.0
0.0
0.0
0.0
0.0
0.0
0.0
0.0
0.0
0.0
0.0
0.0
0.0
0.0
0.0
0.0
0.0
0.0
0.0
0.0
0.0
0.0
0.0
0.0
0.0
0.0
0.0
0.0
0.0
0.0
0.0
0.0
0.0
0.0
0.0
0.0
0.0
0.0
0.0
0.0
0.0
0.0
0.0
0.0
0.0
0.0
0.0
0.0
0.0
0.0
0.0
0.0
0.0
0.0
0.0
0.0
0.0
0.0
0.0
0.0
0.0
0.0
0.0
0.0
0.0
0.0
0.0
0.0
0.0
0.0
0.0
0.0
0.0
0.0
0.0
0.0
177.08545521218696
0.0
0.0
0.0
0.0
0.0
0.0
0.0
0.0
0.0
0.0
0.0
0.0
0.0
0.0
0.0
0.0
0.0
0.0
0.0
0.0
0.0
0.0
0.0
0.0
0.0
0.0
0.0
0.0
192.923617079716
0.0
0.0
0.0
0.0
0.0
0.0
0.0
0.0
0.0
0.0
0.0
0.0
0.0
0.0
0.0
0.0
0.0
0.0
0.0
0.0
0.0
0.0
0.0
0.0
0.0
0.0
0.0
0.0
0.0
0.0
0.0
0.0
0.0
0.0
0.0
0.0
0.0
0.0
0.0
0.0
0.0
0.0
0.0
0.0
0.0
0.0
0.0
0.0
0.0
0.0
0.0
0.0
0.0
0.0
0.0
0.0
0.0
0.0
161.95424214188674
0.0
0.0
0.0
0.0
0.0
0.0
0.0
0.0
116.47382936454123
117.04935077835385
116.49257927627596
115.51067285128215
114.68343818527329
109.68316498882125
108.62330789405536
108.93801944861322
0.0
0.0
0.0
0.0
0.0
0.0
0.0
0.0
0.0
0.0
0.0
0.0
124.83178012768616
121.09049602326706
118.40116776885274
116.80601863337324
115.35629457614475
114.13106057958717
113.9795517918918
114.58283537938735
115.80831353108591
117.13054962614328
118.01537531295861
118.82185583317586
119.3232546536278
119.47578631916687
118.89748271668981
118.27380710091548
118.25846376763836
120.83341950236233
130.78215109207645
133.71398903409823
0.0
137.01546803860873
136.2283186027344
135.20353362919386
134.4684730083177
133.21111594927896
131.78842541601693
130.7154494237819
130.40441913397564
130.52342333430866
130.70054650737495
130.19844571502514
128.2594450401668
126.83376221481915
125.38227225841658
123.51976141939708
122.5398265966801
0.0
0.0
0.0
0.0
0.0
0.0
0.0
0.0
117.18302009106394
0.0
0.0
0.0
0.0
0.0
114.62314724291817
114.3958545798107
114.26888649809018
114.26106478406783
114.06821932096248
113.90650286882946
113.96705658610702
113.81611074403685
113.4019880052608
112.98942161111002
111.89991914373917
110.8485508994427
109.85192935519592
109.61101207562804
110.5626980966052
110.3977338200495
109.06377546036877
106.606340311915
104.83897339670449
0.0
0.0
109.8181011849544
108.94969849626342
107.97292547654465
106.95711667068608
106.37714462794749
106.06400517005096
105.1760221735532
104.48069889931705
0.0
0.0
0.0
0.0
0.0
0.0
0.0
0.0
0.0
0.0
0.0
0.0
0.0
0.0
0.0
0.0
0.0
127.22661003805975
120.87008305027857
118.49986591014121
117.1243489492238
116.18394301215146
115.53783397398837
114.77168233385298
114.19366802525504
113.93005745671007
114.08026997408797
114.49793842206093
114.54902133483954
113.98003889495078
112.06335230839743
0.0
0.0
0.0
119.06996113117725
116.99337550163676
116.13633321245297
114.47922465766857
112.35560867420597
110.27077413532503
0.0
0.0
0.0
0.0
0.0
0.0
0.0
0.0
0.0
0.0
0.0
0.0
0.0
0.0
128.2903411985614
121.85456013778352
119.55056374520453
0.0
109.03198744084278
107.47951376089604
107.26292930473102
106.55104710347723
105.39095524017652
105.30061087505874
105.61121828947884
105.89202699935784
106.01977420456069
106.35333624691958
106.83413370891734
107.73720808466271
108.653110142775
109.56632262415324
109.90637640189577
109.68240515023692
109.2858009428079
109.11261022114707
109.22378411347128
109.55048572448419
109.94491221472124
110.64206224403235
111.47128367304109
112.21805091657407
112.77352987582182
112.74536781983662
112.48002296188675
111.8085482908708
111.23909497535776
110.49155581551348
0.0
0.0
0.0
0.0
0.0
0.0
0.0
102.9711931699232
105.03215229370552
0.0
0.0
0.0
108.78499473083927
104.62573278528964
103.42414640602932
102.63640985384967
103.03708827797847
103.42963356182312
102.88085723144616
101.74656943287643
100.8687286870603
99.85080511346625
99.13824121634062
98.92963710697526
98.90735977790118
98.79723963462921
98.3287006397452
97.75222468914875
97.32606866715658
96.84064143979523
95.5895373626788
0.0
89.1376030689821
0.0
0.0
0.0
0.0
0.0
0.0
0.0
0.0
0.0
0.0
0.0
0.0
0.0
0.0
102.97633289184338
100.41235674798673
98.23549532716638
96.95289752967238
96.32647442474044
96.45823698545937
0.0
0.0
0.0
0.0
0.0
0.0
121.52364747373656
120.5374894741402
0.0
0.0
0.0
0.0
0.0
0.0
0.0
109.19872843594905
109.28551580115153
0.0
0.0
0.0
0.0
0.0
0.0
0.0
0.0
0.0
0.0
0.0
0.0
0.0
0.0
0.0
0.0
0.0
0.0
0.0
0.0
0.0
0.0
0.0
0.0
0.0
0.0
0.0
0.0
0.0
0.0
0.0
0.0
0.0
0.0
0.0
0.0
0.0
0.0
0.0
0.0
0.0
0.0
0.0
0.0
0.0
0.0
0.0
0.0
0.0
0.0
0.0
0.0
0.0
0.0
0.0
0.0
0.0
0.0
0.0
185.85683461841424
0.0
0.0
0.0
0.0
0.0
0.0
0.0
0.0
0.0
0.0
0.0
0.0
0.0
0.0
0.0
0.0
0.0
0.0
0.0
0.0
0.0
0.0
0.0
0.0
0.0
0.0
0.0
0.0
0.0
0.0
0.0
0.0
0.0
0.0
0.0
0.0
0.0
0.0
0.0
0.0
0.0
0.0
0.0
0.0
0.0
0.0
0.0
0.0
0.0
0.0
0.0
0.0
0.0
0.0
0.0
0.0
0.0
0.0
0.0
0.0
0.0
0.0
0.0
204.30476142113798
0.0
0.0
0.0
0.0
0.0
0.0
0.0
0.0
0.0
0.0
0.0
0.0
0.0
0.0
0.0
0.0
0.0
0.0
0.0
0.0
0.0
0.0
0.0
0.0
0.0
0.0
0.0
0.0
0.0
0.0
0.0
0.0
