0.0
0.0
0.0
0.0
0.0
0.0
0.0
0.0
0.0
0.0
0.0
0.0
0.0
0.0
0.0
0.0
0.0
0.0
0.0
0.0
0.0
0.0
0.0
0.0
35.5386032774549
0.0
0.0
0.0
0.0
0.0
0.0
0.0
0.0
0.0
0.0
0.0
0.0
0.0
0.0
0.0
0.0
0.0
0.0
0.0
0.0
0.0
0.0
0.0
0.0
32.614012364221566
0.0
0.0
0.0
0.0
0.0
0.0
0.0
0.0
0.0
0.0
0.0
0.0
0.0
0.0
0.0
0.0
0.0
0.0
0.0
0.0
0.0
0.0
0.0
0.0
0.0
0.0
0.0
0.0
0.0
0.0
0.0
0.0
0.0
0.0
0.0
0.0
0.0
0.0
0.0
0.0
0.0
0.0
0.0
0.0
0.0
0.0
0.0
0.0
0.0
0.0
0.0
0.0
0.0
0.0
0.0
0.0
0.0
0.0
0.0
0.0
0.0
0.0
0.0
0.0
0.0
0.0
0.0
0.0
0.0
0.0
0.0
0.0
0.0
0.0
0.0
0.0
0.0
0.0
0.0
0.0
0.0
0.0
0.0
0.0
0.0
0.0
0.0
0.0
0.0
0.0
0.0
0.0
0.0
0.0
0.0
0.0
0.0
0.0
0.0
0.0
0.0
0.0
0.0
0.0
0.0
0.0
0.0
0.0
0.0
0.0
0.0
0.0
0.0
0.0
0.0
0.0
0.0
0.0
0.0
0.0
0.0
0.0
0.0
0.0
0.0
0.0
0.0
0.0
0.0
0.0
0.0
0.0
0.0
0.0
0.0
0.0
0.0
0.0
0.0
0.0
0.0
0.0
0.0
0.0
0.0
0.0
0.0
0.0
0.0
0.0
32.414553221581436
0.0
0.0
0.0
0.0
0.0
0.0
0.0
0.0
0.0
0.0
0.0
0.0
0.0
0.0
0.0
0.0
0.0
0.0
0.0
0.0
0.0
0.0
0.0
0.0
0.0
0.0
0.0
0.0
0.0
0.0
0.0
0.0
0.0
0.0
0.0
0.0
32.33628829836107
0.0
0.0
0.0
0.0
0.0
0.0
0.0
0.0
0.0
0.0
0.0
0.0
0.0
0.0
0.0
0.0
0.0
0.0
0.0
0.0
0.0
0.0
0.0
0.0
0.0
0.0
0.0
0.0
0.0
0.0
0.0
0.0
0.0
0.0
0.0
0.0
0.0
0.0
0.0
0.0
0.0
0.0
0.0
0.0
0.0
0.0
0.0
0.0
0.0
0.0
0.0
0.0
0.0
0.0
0.0
0.0
0.0
0.0
241.92924297559068
239.41124358846417
236.11573710204186
233.18267832485174
228.29961954190804
221.59907505931875
213.86011850862388
210.3593318860586
208.4824970697426
208.07599995732474
208.0738715017386
207.72602524879198
206.3804859983448
205.30515008271308
204.72184290109269
203.97555031675606
202.96365790912245
201.8094768121699
200.591159781448
199.33775636494798
197.85744412452613
0.0
0.0
0.0
0.0
0.0
0.0
0.0
0.0
0.0
0.0
0.0
0.0
0.0
0.0
0.0
0.0
222.2270857418545
217.68011759866357
213.79548582394048
210.22771110621534
207.26916555019884
204.68815373674144
202.2024462581456
198.02049564001095
194.69130180777955
193.7535715634782
192.75148877903857
191.0731609673233
188.8489747128158
186.89409302282186
185.73729813972994
185.1866368732698
184.08447850476767
181.2119163120521
178.19551594520374
0.0
0.0
0.0
0.0
219.80262298671175
214.49409222845884
213.6164526086265
213.7495938896096
214.16901771696422
215.18387969147705
216.29312763029907
216.80955450565267
216.98339876820052
216.99725298952583
217.58195283908134
218.62397293820953
219.29519489264936
219.0486643088646
217.78530114720132
215.75786404276408
212.5689611032518
210.0887602280112
209.9390550829183
0.0
0.0
0.0
0.0
0.0
0.0
0.0
0.0
0.0
0.0
0.0
0.0
0.0
0.0
0.0
0.0
0.0
0.0
0.0
0.0
0.0
0.0
0.0
0.0
233.27063539891122
228.4025833283436
225.05447719020938
222.11710044713075
220.5435925235736
219.62719685831203
219.20150007143988
219.0948581559681
0.0
222.71151136732226
219.0477491194305
219.4202746821286
221.31666816453134
223.8456353790788
0.0
0.0
203.64649254860805
200.65734256558355
198.50809621215816
197.24091678851983
194.14286489740047
189.80706215115555
183.52877311304266
177.60430194299238
0.0
0.0
0.0
0.0
0.0
0.0
202.98193437591635
0.0
223.34519391309243
221.28347124974366
217.6706613690422
213.46898098357502
210.77596886495712
207.56538277702035
206.05200283948727
204.86352678448057
203.52926558043964
202.08254697022338
202.33451044848064
204.38560651437712
205.54521555477604
204.91402528360877
203.84223124273774
202.15333413447226
200.0916564990597
199.00809046221912
198.21334736189456
197.38009791067483
197.0182989135527
197.61462864022263
199.98051253143882
200.74399322663524
200.68535497317086
199.85808884228925
199.16703668728331
198.6101161602345
197.70746448434184
195.38428352019685
193.31740510568056
192.20369012588918
191.89222610232486
191.1465913191916
188.18742183651406
0.0
0.0
0.0
0.0
188.29768527675571
0.0
0.0
0.0
0.0
0.0
0.0
206.589868375105
0.0
0.0
0.0
0.0
0.0
0.0
0.0
0.0
0.0
0.0
0.0
220.92201557067943
218.0332811921494
213.31312521690197
210.593446219835
207.50691234540344
205.0633098778648
201.31732375579915
193.83224320781207
187.8845977137999
182.66501036978778
0.0
0.0
0.0
0.0
0.0
0.0
0.0
0.0
0.0
0.0
0.0
213.6755672814827
213.74900818400778
213.66752705428155
212.57813559092497
210.884682578742
209.26400110084828
208.5526719241918
208.56536869583186
208.80719134636558
208.1610231770806
206.70604593905762
205.46574171298278
204.47350276686183
203.4301086649043
202.28776488937848
200.96632525027044
200.09784086075302
199.779352462619
199.38180410367653
198.39267106256142
196.27910975156496
192.26801883973397
0.0
0.0
0.0
0.0
0.0
0.0
0.0
0.0
0.0
195.9533083410937
195.3208309969042
192.73120754948778
190.97197427304167
190.07337715216488
189.33859202562508
187.71168710941993
186.43739539533868
185.84107554166866
186.04525144341807
187.0374081478344
188.0332444873169
189.4554026414333
191.89412914000133
195.347196296993
199.28644367124267
205.55440315324202
208.69895124743158
0.0
0.0
0.0
0.0
0.0
0.0
0.0
0.0
0.0
0.0
0.0
0.0
0.0
199.36602634156355
199.29179399807427
196.6129724772216
194.12670918982008
192.0889977223446
189.85116520023706
186.91143487330496
184.99803380048135
183.20108630498865
181.70358305748974
0.0
0.0
0.0
0.0
213.22267211164416
210.03945026289273
208.79692968249404
207.99200435937854
206.7366074054205
206.0213175857858
205.28096725143243
204.18742623638778
202.79946607649774
200.73118822441685
198.568913758014
197.0419120000992
196.20333406591794
195.6928296722019
195.4284616339729
195.1107834748281
195.0220281606595
193.64936258551435
191.78231974118546
0.0
0.0
0.0
0.0
213.63743767036343
213.97345626555082
214.0595644647987
214.27732483483862
214.64199939141625
214.92466744107725
214.7505149411977
214.46984205347587
214.21894563495871
214.32855350497744
215.36045620982304
216.44876565510168
217.7146175899544
218.4787981772158
219.20349794630116
220.02085961549412
221.3070083157769
222.74563822793598
223.54486747428072
223.45948009114005
222.02392429282636
219.96667855726972
216.2957726110305
0.0
0.0
0.0
0.0
0.0
215.3793471531179
0.0
0.0
0.0
0.0
195.0770439235343
193.9713643708144
193.80941529740383
193.94785004291637
195.07333045991786
196.95711675183045
199.5592208683217
202.93735323027317
205.43712683340016
208.67595937613913
0.0
0.0
0.0
0.0
0.0
0.0
0.0
0.0
0.0
0.0
198.3914288494055
197.15740587213307
196.27141258442555
194.90818919524884
193.76845646867537
193.60888194919983
194.2127481896426
194.47117151557245
194.22416803850797
193.87700888867894
193.5941209386623
192.74145951319016
190.6776819488118
187.0703613168175
183.58904900841392
0.0
0.0
0.0
0.0
196.20032692633822
194.58743984219814
192.08431297856552
189.55247250834972
186.30696519974063
184.10817144507467
182.0220400351257
181.5383491142541
182.21010843093762
184.19241594852562
188.055206063613
189.63729102858844
189.53915391076802
188.77336674197682
187.7412267435182
187.06287324171615
186.26721492773464
185.78806745921523
185.08856534068082
183.64370230275784
181.23229568199747
177.98053715408318
176.67079215007132
175.55052892367743
175.68877638427082
0.0
0.0
0.0
0.0
0.0
0.0
0.0
0.0
0.0
199.11308518908822
196.52511307080158
193.60235705762364
190.73128505977292
187.76275506400907
185.96247346978197
185.0261349056817
184.88184710748743
185.02771429182442
185.03558254282757
184.75933192432663
184.59507108719095
184.4274492659253
183.90830075584103
182.81496628369436
180.8498578052587
178.50738124466343
179.95189169750003
182.05232625323652
182.82973707553222
183.28575700781835
182.86557209728926
182.48292504210522
0.0
0.0
0.0
0.0
0.0
0.0
0.0
0.0
0.0
0.0
0.0
207.5381100572358
206.48356404738104
205.29452662118962
203.7645216931757
202.2839484192519
195.51829775560327
189.6046223441425
188.20556521869068
187.25608753940338
186.1376420621011
185.38534437772145
184.92540639421992
184.9554699007299
184.7060649267355
183.98772036811323
182.61479060326351
180.64937894043058
178.53710474532048
177.53472488495746
0.0
0.0
0.0
0.0
192.58059299410067
190.85074340779033
189.17041188553048
187.37444615359607
185.45355883576494
183.45094269673774
181.64486203912116
180.05039557367425
179.2509414012824
180.11476358447652
180.33516311985963
180.36660859134776
179.46001842618276
177.98266018923047
176.56991890202463
176.75450027962725
0.0
183.91413183143385
186.0576577574859
0.0
0.0
0.0
0.0
0.0
0.0
0.0
0.0
0.0
0.0
0.0
0.0
0.0
0.0
0.0
0.0
0.0
0.0
0.0
0.0
0.0
0.0
0.0
0.0
0.0
0.0
0.0
0.0
0.0
0.0
0.0
0.0
0.0
0.0
0.0
0.0
0.0
0.0
0.0
0.0
0.0
0.0
0.0
0.0
0.0
0.0
0.0
0.0
0.0
0.0
0.0
0.0
0.0
0.0
0.0
0.0
0.0
0.0
0.0
0.0
0.0
0.0
0.0
0.0
0.0
0.0
0.0
0.0
0.0
0.0
0.0
0.0
0.0
0.0
0.0
0.0
0.0
0.0
0.0
0.0
0.0
0.0
0.0
0.0
0.0
0.0
0.0
0.0
0.0
0.0
0.0
0.0
0.0
0.0
0.0
0.0
0.0
0.0
0.0
0.0
0.0
0.0
0.0
0.0
0.0
0.0
0.0
0.0
0.0
0.0
0.0
0.0
0.0
0.0
0.0
0.0
0.0
0.0
0.0
