0.0
0.0
0.0
0.0
0.0
0.0
0.0
0.0
0.0
0.0
0.0
0.0
0.0
0.0
0.0
0.0
0.0
0.0
0.0
0.0
0.0
0.0
0.0
0.0
0.0
0.0
0.0
0.0
0.0
0.0
0.0
0.0
0.0
0.0
0.0
0.0
0.0
0.0
0.0
0.0
0.0
0.0
0.0
0.0
0.0
0.0
0.0
0.0
0.0
0.0
0.0
0.0
0.0
0.0
0.0
0.0
0.0
0.0
0.0
0.0
0.0
0.0
0.0
0.0
0.0
0.0
0.0
0.0
0.0
0.0
0.0
0.0
0.0
0.0
0.0
0.0
0.0
0.0
0.0
0.0
0.0
0.0
0.0
0.0
0.0
0.0
0.0
0.0
0.0
0.0
0.0
0.0
0.0
0.0
0.0
0.0
0.0
0.0
0.0
0.0
0.0
0.0
0.0
0.0
0.0
0.0
0.0
0.0
0.0
0.0
0.0
0.0
0.0
0.0
0.0
0.0
0.0
0.0
0.0
0.0
0.0
0.0
0.0
0.0
0.0
0.0
0.0
0.0
0.0
0.0
0.0
0.0
0.0
0.0
0.0
0.0
0.0
0.0
0.0
0.0
0.0
0.0
0.0
0.0
0.0
0.0
0.0
0.0
0.0
0.0
0.0
0.0
0.0
0.0
0.0
0.0
0.0
0.0
0.0
0.0
0.0
0.0
0.0
0.0
0.0
0.0
0.0
0.0
0.0
0.0
0.0
0.0
0.0
0.0
0.0
33.1385651730012
0.0
0.0
0.0
0.0
0.0
0.0
0.0
0.0
0.0
0.0
0.0
0.0
0.0
0.0
0.0
0.0
0.0
0.0
0.0
0.0
0.0
0.0
0.0
0.0
0.0
0.0
0.0
0.0
0.0
0.0
0.0
0.0
0.0
0.0
0.0
0.0
0.0
0.0
0.0
0.0
0.0
0.0
0.0
0.0
0.0
0.0
0.0
0.0
0.0
0.0
0.0
0.0
0.0
0.0
0.0
0.0
0.0
0.0
0.0
0.0
0.0
0.0
0.0
0.0
0.0
0.0
0.0
0.0
0.0
0.0
0.0
0.0
0.0
0.0
0.0
0.0
0.0
0.0
153.65323829711178
150.87571566888627
148.4388383589619
146.62272440439241
144.60725415447493
141.0952179614896
138.32936212353627
136.56708995099748
136.16159359477166
139.5960765895605
141.54287810383207
141.89422036036692
141.41592494286417
140.57874657658374
139.31429616683818
138.20596237144463
137.07580235193717
134.86889988431005
131.96274358925427
125.82427489980466
124.16446934968839
0.0
0.0
0.0
0.0
0.0
0.0
0.0
0.0
0.0
0.0
139.4839137657969
139.1774897015115
138.11881027167226
137.5005494361856
137.45265296238514
137.98077794010146
139.22968436378818
141.71798228461964
145.61427896813527
149.08933386458935
151.68969955236162
153.55002738986337
156.48703704235533
164.63484842959298
0.0
183.3212970098097
186.05822185279223
187.97363330877047
189.22350693244505
189.99405468594546
190.30721967423034
189.39626267702099
186.95522602500006
183.70383202740715
177.96657465278196
174.63601469663774
0.0
0.0
0.0
0.0
0.0
0.0
169.27013809939757
166.94080867910293
162.83785920117325
158.09918991159708
154.34428885690974
150.72789739400667
148.21067946912922
146.90784450607123
146.74620759721589
147.2852157268657
148.14053775473047
148.54999346963177
148.0177197479438
146.81955716637086
145.95443212128447
145.57625233966974
144.87446770163572
143.70737254305033
142.37184356192378
140.3551519005489
138.11663236873235
136.40799756461467
134.90463106108396
133.90796766122438
133.11589658799642
132.722818690813
132.40572131226105
131.88541447948384
131.39311381776974
130.2043928159554
128.949915049546
128.4849302254317
128.12861847011936
127.91580574167173
127.7532169793032
127.70592190662909
127.7493456521043
127.4581052150159
126.81261332532158
124.42526530005055
120.96639242480244
0.0
0.0
0.0
0.0
0.0
0.0
0.0
0.0
0.0
0.0
0.0
0.0
0.0
0.0
0.0
0.0
0.0
0.0
0.0
0.0
0.0
0.0
0.0
0.0
0.0
0.0
0.0
0.0
0.0
0.0
0.0
0.0
0.0
0.0
0.0
0.0
0.0
0.0
0.0
0.0
0.0
0.0
0.0
0.0
0.0
0.0
0.0
0.0
0.0
0.0
0.0
0.0
0.0
0.0
0.0
0.0
0.0
0.0
0.0
0.0
0.0
0.0
0.0
0.0
0.0
0.0
0.0
0.0
0.0
156.7005815266562
155.14588544801344
152.33807498282022
149.98093524106326
148.22771257106095
147.18965257660005
146.67015349714515
146.69593748203192
147.0503591891369
147.5128773493356
148.15386256219386
149.6616256141238
152.76113849710046
154.67848150296652
154.77208250059476
153.3486647582115
0.0
0.0
0.0
162.88833954544333
170.38209083532797
169.33765392232698
168.70919267070514
168.35946941392254
167.98273303941116
167.81653001911522
167.44862183056568
167.00290943975716
166.26802460820323
165.1288775930632
163.33794863882954
0.0
0.0
0.0
0.0
0.0
0.0
0.0
0.0
154.1233082003269
152.27544181916397
151.1044032123609
150.24294440702772
150.22386384257186
150.61321334448667
150.32888464207687
150.08577584406854
148.18683804934716
147.99830633207552
0.0
0.0
0.0
0.0
0.0
0.0
0.0
0.0
0.0
0.0
0.0
0.0
0.0
0.0
163.4383433955352
160.46651262378307
158.23873055592904
156.13810161933472
154.3314638886314
151.5912898018031
149.01008719312108
145.42889537924887
0.0
0.0
0.0
0.0
0.0
0.0
0.0
0.0
0.0
0.0
0.0
0.0
0.0
0.0
0.0
145.33904082684916
141.65665903143804
139.68732392295055
137.75205226077668
136.17623347967898
134.2307156842506
132.7338099219063
131.36588731906252
130.15072121708477
129.0888050013842
128.22083283816508
127.61891951064142
127.08077608348789
126.46156836836725
126.62283273235572
126.83919871614836
129.00945927745985
131.66492378785824
134.44922596093915
0.0
0.0
0.0
0.0
0.0
0.0
0.0
156.15408092513326
0.0
0.0
135.35446652952257
134.8831572381403
134.211352755985
132.34357593274177
128.51882964208235
126.52405558219799
127.20401279181955
127.81501875874406
127.34658258224691
126.14054246292083
125.15830266829752
125.66384845783523
130.80681460395925
132.00797303631865
131.71650082558946
131.29609505403093
130.74047178361957
129.78769564127927
122.846294159312
119.52565512341303
116.96974811291645
116.66423284260819
117.25695431398918
0.0
0.0
0.0
0.0
0.0
120.76787267221653
0.0
132.91054721745314
131.43629850282488
130.44893779511716
129.1628471854109
127.16011665256835
124.658071642087
123.76330015923804
123.72464332128595
123.59445143002145
125.10397548493964
127.95580710540412
131.1522543009335
135.02153234533165
138.1355986639723
139.35940100318774
139.230182562487
138.60961114250807
0.0
0.0
0.0
0.0
0.0
0.0
0.0
0.0
0.0
0.0
0.0
0.0
0.0
0.0
0.0
0.0
0.0
156.84546749323712
157.1295228135991
156.6548157963728
155.52979809609567
154.5049077642835
153.73715886430614
152.52049413297118
151.29024441800897
151.05140743255032
151.75339056220113
152.44107009486805
153.41806024980724
153.844846166073
153.73965756890183
152.91901692421027
151.9519078235915
151.1416546663
147.76143757556616
0.0
0.0
0.0
0.0
0.0
0.0
0.0
0.0
0.0
0.0
0.0
163.1577960434578
160.1040335038938
155.3589740028721
150.72130675000724
147.66369473832927
142.84489451027451
138.71000260209453
135.58143852495922
132.24461315810174
129.9343454276848
127.31298302199133
125.75451369021452
124.8954827640473
123.7032286182953
122.5854551109648
121.27912158608028
119.0780572137005
117.64649020842222
116.77757131844443
114.84290603905055
0.0
0.0
0.0
0.0
0.0
0.0
0.0
0.0
0.0
0.0
0.0
0.0
0.0
0.0
0.0
0.0
0.0
0.0
0.0
0.0
0.0
0.0
0.0
0.0
0.0
0.0
0.0
132.49313700113106
129.13113703293473
129.7168046390376
130.16789667850526
130.48454928829824
130.27305773346498
129.63402227914287
128.533921989064
127.19043332175886
126.51118362287559
124.51349495337581
122.0349222458648
118.4922985779734
0.0
0.0
0.0
0.0
0.0
0.0
0.0
0.0
0.0
0.0
135.1249368468078
132.35329414631516
129.80060356486354
127.31090999869193
123.91495416638418
119.57559070359993
115.78328688835467
113.28798444824203
111.15885333108872
109.17746944124416
107.77110576587161
107.65909278135241
107.82148275665358
107.97365978225706
0.0
0.0
0.0
78.90062234516118
0.0
0.0
0.0
0.0
0.0
0.0
47.71038478743427
0.0
0.0
0.0
0.0
0.0
0.0
0.0
0.0
0.0
0.0
0.0
0.0
0.0
0.0
0.0
0.0
0.0
0.0
0.0
0.0
0.0
0.0
0.0
0.0
0.0
0.0
0.0
0.0
0.0
0.0
0.0
0.0
0.0
0.0
0.0
0.0
0.0
0.0
0.0
0.0
0.0
0.0
0.0
0.0
0.0
0.0
0.0
0.0
0.0
0.0
0.0
0.0
0.0
0.0
0.0
0.0
0.0
0.0
0.0
0.0
0.0
0.0
0.0
0.0
0.0
0.0
0.0
0.0
0.0
0.0
0.0
0.0
0.0
0.0
0.0
0.0
0.0
0.0
32.58537258806848
32.57525965627587
0.0
0.0
0.0
0.0
0.0
0.0
0.0
0.0
0.0
0.0
0.0
0.0
0.0
0.0
0.0
0.0
0.0
0.0
0.0
0.0
0.0
0.0
0.0
0.0
0.0
0.0
0.0
0.0
0.0
0.0
0.0
0.0
0.0
0.0
0.0
0.0
0.0
0.0
0.0
0.0
0.0
0.0
0.0
0.0
0.0
0.0
0.0
0.0
0.0
0.0
0.0
0.0
0.0
0.0
0.0
0.0
0.0
0.0
0.0
0.0
0.0
0.0
0.0
0.0
0.0
0.0
0.0
0.0
0.0
0.0
0.0
0.0
0.0
0.0
0.0
