0.0
0.0
0.0
0.0
0.0
0.0
0.0
0.0
0.0
0.0
0.0
0.0
0.0
0.0
0.0
0.0
0.0
0.0
0.0
0.0
0.0
0.0
0.0
0.0
0.0
0.0
0.0
0.0
0.0
0.0
0.0
0.0
0.0
0.0
0.0
0.0
0.0
0.0
0.0
0.0
0.0
0.0
0.0
0.0
0.0
0.0
0.0
0.0
0.0
0.0
0.0
0.0
0.0
0.0
0.0
0.0
0.0
0.0
0.0
0.0
0.0
0.0
0.0
0.0
0.0
0.0
0.0
0.0
0.0
0.0
0.0
0.0
0.0
0.0
0.0
0.0
0.0
0.0
0.0
0.0
0.0
0.0
50.0
50.0
50.0
50.0
50.0
51.76324619206888
53.899109152142756
52.66805179774179
52.66805179774179
50.28964705339267
52.66805179774179
51.46511183217461
51.16869459983875
52.364706141031334
52.364706141031334
51.16869459983875
0.0
0.0
0.0
0.0
0.0
0.0
0.0
0.0
0.0
0.0
0.0
0.0
0.0
0.0
0.0
0.0
0.0
0.0
0.0
0.0
0.0
0.0
0.0
0.0
0.0
0.0
0.0
0.0
0.0
0.0
0.0
0.0
0.0
0.0
0.0
0.0
0.0
0.0
0.0
0.0
0.0
0.0
0.0
0.0
0.0
0.0
0.0
0.0
0.0
0.0
0.0
0.0
0.0
0.0
0.0
0.0
0.0
0.0
0.0
0.0
0.0
0.0
0.0
0.0
0.0
0.0
0.0
0.0
0.0
0.0
0.0
0.0
0.0
0.0
50.28964705339267
50.28964705339267
50.28964705339267
50.0
50.0
50.0
50.0
50.0
50.28964705339267
50.0
0.0
0.0
0.0
0.0
0.0
0.0
0.0
0.0
0.0
0.0
0.0
0.0
0.0
0.0
51.16869459983875
50.87398460513432
50.0
50.0
50.0
50.28964705339267
50.28964705339267
50.28964705339267
50.28964705339267
51.16869459983875
50.0
0.0
0.0
0.0
0.0
0.0
0.0
0.0
0.0
0.0
0.0
0.0
0.0
0.0
0.0
0.0
0.0
0.0
0.0
0.0
0.0
0.0
0.0
0.0
0.0
0.0
0.0
0.0
0.0
0.0
0.0
0.0
0.0
0.0
0.0
0.0
0.0
0.0
0.0
0.0
0.0
0.0
0.0
0.0
0.0
0.0
0.0
0.0
0.0
0.0
0.0
0.0
0.0
0.0
0.0
0.0
0.0
0.0
0.0
0.0
0.0
0.0
0.0
0.0
0.0
0.0
0.0
0.0
0.0
0.0
0.0
0.0
0.0
0.0
0.0
0.0
0.0
0.0
0.0
0.0
0.0
0.0
0.0
0.0
0.0
0.0
0.0
0.0
0.0
0.0
0.0
0.0
0.0
0.0
0.0
0.0
0.0
0.0
0.0
0.0
0.0
0.0
0.0
210.67220719096719
210.67220719096719
210.67220719096719
211.89261887185907
213.12010032569688
216.8453740602837
223.1994285260446
231.07053937445463
237.8414230005442
243.40070273411817
247.65527207548806
259.3679109302019
266.96797083400685
273.20805135087915
277.98364396846745
284.4812036394563
291.13063656843747
294.5134116201051
299.66141537533633
303.14331330207966
304.8994046511524
304.8994046511524
303.14331330207966
301.3973362949152
0.0
0.0
0.0
0.0
0.0
0.0
0.0
0.0
310.2289523667469
289.4538474880756
276.38257599355524
274.79072949161787
273.20805135087915
271.6344887654643
270.06998923363795
268.51450055605267
266.96797083400685
265.4303484677136
265.4303484677136
266.96797083400685
268.51450055605267
271.6344887654643
274.79072949161787
279.5939868358039
282.842712474619
284.4812036394563
286.12918648705164
286.12918648705164
273.20805135087915
281.2136583244699
284.4812036394563
0.0
0.0
0.0
0.0
0.0
0.0
0.0
0.0
216.8453740602837
215.59643660857103
211.89261887185907
209.4588245641254
204.67477839935495
200.0
196.56411970905023
194.30638823072118
192.07458901020084
189.86842419010387
188.7748625363387
187.68759933422865
186.60659830736148
184.46323871718783
184.46323871718783
182.34449771164336
181.29427068562208
177.1535038204721
168.1792830507429
168.1792830507429
174.11011265922482
176.1331747192297
177.1535038204721
177.1535038204721
177.1535038204721
177.1535038204721
178.17974362806785
177.1535038204721
177.1535038204721
177.1535038204721
177.1535038204721
177.1535038204721
177.1535038204721
176.1331747192297
176.1331747192297
175.11872228117704
175.11872228117704
175.11872228117704
174.11011265922482
174.11011265922482
175.11872228117704
176.1331747192297
176.1331747192297
177.1535038204721
179.21192838239048
180.25009252216606
181.29427068562208
183.40080864093423
184.46323871718783
184.46323871718783
184.46323871718783
174.11011265922482
182.34449771164336
182.34449771164336
181.29427068562208
181.29427068562208
182.34449771164336
0.0
0.0
0.0
0.0
0.0
0.0
0.0
0.0
208.25243050696125
203.49593842053727
200.0
198.8480847635095
196.56411970905023
195.43199368684918
193.1872657849691
190.9683207820833
188.7748625363387
186.60659830736148
183.40080864093423
172.11028744886602
168.1792830507429
0.0
0.0
0.0
0.0
201.15858821357068
196.56411970905023
195.43199368684918
196.56411970905023
197.70280407057922
198.8480847635095
201.15858821357068
203.49593842053727
205.86044732869837
207.05298476827548
209.4588245641254
210.67220719096719
213.12010032569688
215.59643660857103
218.10154653305153
221.91389441356898
224.49240966187455
229.73967099940702
232.40911739156792
235.10958125672175
236.47155720542963
237.8414230005442
235.10958125672175
221.91389441356898
232.40911739156792
0.0
0.0
0.0
0.0
0.0
0.0
0.0
0.0
0.0
0.0
0.0
232.40911739156792
233.75544971224912
233.75544971224912
233.75544971224912
233.75544971224912
233.75544971224912
232.40911739156792
231.07053937445463
225.79288096122622
219.36499593892518
214.35469250725862
214.35469250725862
233.75544971224912
241.99881784385852
240.60500721642333
237.8414230005442
236.47155720542963
233.75544971224912
229.73967099940702
223.1994285260446
216.8453740602837
210.67220719096719
205.86044732869837
200.0
193.1872657849691
186.60659830736148
182.34449771164336
180.25009252216606
178.17974362806785
176.1331747192297
174.11011265922482
172.11028744886602
170.13343219017113
169.1535357262897
168.1792830507429
167.2106416577019
166.24757922855756
165.29006363084235
164.33806291715806
165.29006363084235
159.65967727133
159.65967727133
175.11872228117704
175.11872228117704
176.1331747192297
170.13343219017113
170.13343219017113
170.13343219017113
169.1535357262897
168.1792830507429
167.2106416577019
166.24757922855756
164.33806291715806
163.39154532410998
162.4504792712471
160.5845763726753
160.5845763726753
160.5845763726753
161.5148333600084
162.4504792712471
163.39154532410998
164.33806291715806
166.24757922855756
168.1792830507429
170.13343219017113
172.11028744886602
175.11872228117704
180.25009252216606
177.1535038204721
178.17974362806785
0.0
0.0
0.0
0.0
0.0
0.0
0.0
0.0
0.0
0.0
0.0
0.0
0.0
0.0
0.0
0.0
0.0
0.0
0.0
0.0
0.0
0.0
0.0
0.0
0.0
0.0
0.0
0.0
0.0
0.0
0.0
0.0
0.0
0.0
0.0
0.0
0.0
0.0
0.0
0.0
0.0
0.0
0.0
0.0
0.0
0.0
0.0
0.0
0.0
0.0
0.0
0.0
0.0
0.0
0.0
0.0
0.0
0.0
0.0
0.0
0.0
0.0
0.0
0.0
0.0
0.0
0.0
0.0
0.0
0.0
0.0
0.0
0.0
0.0
0.0
0.0
0.0
0.0
0.0
0.0
0.0
0.0
0.0
0.0
0.0
0.0
0.0
0.0
0.0
0.0
0.0
0.0
0.0
0.0
0.0
0.0
0.0
0.0
0.0
0.0
0.0
0.0
0.0
0.0
0.0
0.0
0.0
0.0
0.0
0.0
0.0
0.0
0.0
0.0
0.0
0.0
0.0
0.0
0.0
0.0
0.0
0.0
0.0
0.0
0.0
0.0
0.0
0.0
0.0
0.0
0.0
0.0
0.0
0.0
0.0
0.0
0.0
0.0
0.0
0.0
0.0
0.0
0.0
0.0
0.0
0.0
0.0
0.0
0.0
0.0
0.0
0.0
0.0
0.0
0.0
0.0
0.0
0.0
0.0
50.0
50.0
50.0
50.0
50.0
50.28964705339267
50.0
50.0
50.0
50.0
50.87398460513432
0.0
0.0
50.0
50.0
50.0
50.0
50.0
50.0
50.0
50.28964705339267
