0.0
0.0
0.0
0.0
0.0
0.0
0.0
0.0
0.0
0.0
0.0
0.0
0.0
0.0
0.0
0.0
0.0
0.0
0.0
0.0
0.0
0.0
0.0
0.0
0.0
0.0
0.0
0.0
0.0
0.0
0.0
0.0
0.0
0.0
0.0
0.0
0.0
0.0
0.0
0.0
0.0
0.0
0.0
0.0
0.0
0.0
0.0
0.0
0.0
0.0
0.0
0.0
0.0
0.0
0.0
0.0
0.0
0.0
0.0
0.0
0.0
0.0
0.0
0.0
0.0
0.0
0.0
0.0
0.0
0.0
0.0
0.0
0.0
0.0
0.0
0.0
0.0
0.0
0.0
0.0
0.0
0.0
0.0
0.0
0.0
0.0
0.0
0.0
0.0
0.0
0.0
0.0
0.0
0.0
0.0
0.0
0.0
0.0
0.0
0.0
0.0
0.0
0.0
0.0
0.0
0.0
0.0
0.0
0.0
0.0
0.0
0.0
0.0
0.0
0.0
0.0
0.0
0.0
0.0
0.0
0.0
0.0
0.0
0.0
0.0
0.0
0.0
0.0
0.0
0.0
0.0
0.0
0.0
0.0
0.0
0.0
0.0
0.0
0.0
0.0
0.0
0.0
0.0
0.0
0.0
0.0
0.0
0.0
0.0
0.0
0.0
0.0
0.0
0.0
0.0
0.0
0.0
0.0
0.0
0.0
0.0
0.0
0.0
0.0
0.0
0.0
0.0
0.0
0.0
0.0
0.0
0.0
0.0
0.0
0.0
0.0
0.0
0.0
0.0
0.0
0.0
0.0
0.0
0.0
0.0
0.0
0.0
0.0
0.0
0.0
0.0
0.0
0.0
0.0
0.0
0.0
0.0
0.0
0.0
0.0
0.0
0.0
0.0
0.0
0.0
0.0
0.0
0.0
50.58097201509612
50.0
50.0
50.0
50.0
50.0
50.0
55.79985713151117
54.21134351507092
52.364706141031334
50.0
50.0
50.0
50.0
0.0
0.0
0.0
0.0
0.0
0.0
0.0
0.0
0.0
0.0
0.0
0.0
0.0
0.0
0.0
0.0
0.0
0.0
0.0
0.0
0.0
0.0
0.0
0.0
0.0
0.0
0.0
0.0
0.0
0.0
0.0
0.0
162.4504792712471
156.0130452026747
151.57165665103983
149.83070768766817
145.56531828421873
143.893358001082
142.24060181972814
140.60682916223496
137.3953647458089
137.3953647458089
143.06459324352582
142.24060181972814
142.24060181972814
141.4213562373095
140.60682916223496
140.60682916223496
139.79699341790194
139.79699341790194
138.1912879967776
135.034994616819
128.1944081920729
128.9370308439579
125.99210498948732
135.034994616819
0.0
0.0
0.0
0.0
0.0
0.0
0.0
140.60682916223496
139.79699341790194
138.99182198423372
137.3953647458089
137.3953647458089
137.3953647458089
137.3953647458089
137.3953647458089
142.24060181972814
143.06459324352582
149.83070768766817
151.57165665103983
150.69866814745757
153.33283446696007
156.91681957935012
0.0
185.5318233882619
187.68759933422865
188.7748625363387
188.7748625363387
189.86842419010387
189.86842419010387
189.86842419010387
189.86842419010387
189.86842419010387
188.7748625363387
176.1331747192297
0.0
0.0
0.0
0.0
0.0
0.0
0.0
161.5148333600084
161.5148333600084
153.33283446696007
150.69866814745757
148.96774631227024
146.40856959456255
146.40856959456255
146.40856959456255
146.40856959456255
147.25670581005258
147.25670581005258
148.1097552286564
148.1097552286564
147.25670581005258
145.56531828421873
145.56531828421873
143.893358001082
143.06459324352582
141.4213562373095
138.99182198423372
136.60402567543954
135.81724438273213
134.25725027802636
133.48398541700342
133.48398541700342
132.71517423385683
132.71517423385683
131.9507910772894
130.43520697655643
129.68395546510095
128.9370308439579
128.9370308439579
128.1944081920729
128.1944081920729
128.1944081920729
128.1944081920729
127.45606273192622
127.45606273192622
126.72196982870621
125.99210498948732
123.82763603774404
123.82763603774404
123.82763603774404
0.0
0.0
0.0
0.0
0.0
0.0
0.0
0.0
0.0
0.0
0.0
0.0
0.0
0.0
0.0
0.0
0.0
0.0
0.0
0.0
0.0
0.0
0.0
0.0
0.0
0.0
0.0
0.0
0.0
0.0
0.0
0.0
0.0
0.0
0.0
0.0
0.0
0.0
0.0
0.0
0.0
0.0
0.0
0.0
0.0
0.0
0.0
0.0
0.0
0.0
0.0
0.0
0.0
0.0
0.0
0.0
0.0
0.0
0.0
0.0
0.0
0.0
0.0
0.0
155.11447618337345
156.91681957935012
155.11447618337345
153.33283446696007
152.4497023255762
151.57165665103983
149.83070768766817
148.1097552286564
148.1097552286564
147.25670581005258
147.25670581005258
147.25670581005258
148.1097552286564
149.83070768766817
150.69866814745757
152.4497023255762
154.22108254079407
155.11447618337345
154.22108254079407
151.57165665103983
0.0
0.0
176.1331747192297
169.1535357262897
169.1535357262897
169.1535357262897
168.1792830507429
168.1792830507429
168.1792830507429
168.1792830507429
167.2106416577019
167.2106416577019
167.2106416577019
165.29006363084235
165.29006363084235
0.0
0.0
0.0
0.0
0.0
0.0
0.0
151.57165665103983
150.69866814745757
150.69866814745757
150.69866814745757
149.83070768766817
149.83070768766817
151.57165665103983
155.11447618337345
149.83070768766817
152.4497023255762
0.0
0.0
0.0
0.0
0.0
0.0
0.0
0.0
0.0
0.0
0.0
0.0
0.0
166.24757922855756
162.4504792712471
158.74010519681997
156.91681957935012
155.11447618337345
154.22108254079407
153.33283446696007
151.57165665103983
145.56531828421873
0.0
0.0
0.0
0.0
0.0
0.0
0.0
0.0
0.0
0.0
0.0
0.0
0.0
0.0
145.56531828421873
143.06459324352582
140.60682916223496
138.99182198423372
137.3953647458089
135.81724438273213
135.034994616819
133.48398541700342
131.9507910772894
131.19081044374488
129.68395546510095
128.9370308439579
128.1944081920729
127.45606273192622
128.1944081920729
128.9370308439579
128.9370308439579
128.9370308439579
132.71517423385683
134.25725027802636
140.60682916223496
142.24060181972814
0.0
0.0
0.0
0.0
0.0
0.0
0.0
134.25725027802636
135.034994616819
134.25725027802636
134.25725027802636
132.71517423385683
130.43520697655643
126.72196982870621
126.72196982870621
128.1944081920729
128.1944081920729
128.1944081920729
127.45606273192622
125.26644386241279
134.25725027802636
133.48398541700342
132.71517423385683
131.9507910772894
131.9507910772894
131.19081044374488
127.45606273192622
117.55479062836088
119.60961217374037
117.55479062836088
116.87772485612456
118.9207115002721
126.72196982870621
0.0
0.0
0.0
0.0
0.0
0.0
129.68395546510095
130.43520697655643
128.9370308439579
126.72196982870621
125.26644386241279
125.26644386241279
125.26644386241279
125.99210498948732
126.72196982870621
128.1944081920729
0.0
131.9507910772894
135.034994616819
137.3953647458089
140.60682916223496
141.4213562373095
138.1912879967776
142.24060181972814
0.0
0.0
0.0
0.0
0.0
0.0
0.0
0.0
0.0
0.0
0.0
0.0
0.0
0.0
161.5148333600084
158.74010519681997
156.91681957935012
156.0130452026747
154.22108254079407
154.22108254079407
153.33283446696007
151.57165665103983
150.69866814745757
151.57165665103983
151.57165665103983
152.4497023255762
152.4497023255762
153.33283446696007
153.33283446696007
153.33283446696007
152.4497023255762
151.57165665103983
147.25670581005258
138.99182198423372
0.0
0.0
0.0
0.0
0.0
0.0
0.0
0.0
0.0
0.0
0.0
0.0
0.0
0.0
0.0
0.0
0.0
135.81724438273213
134.25725027802636
131.19081044374488
129.68395546510095
128.1944081920729
126.72196982870621
125.99210498948732
121.7003513670591
120.99940892192926
118.9207115002721
118.23577860271482
117.55479062836088
115.5352696872273
114.20823393107715
0.0
0.0
0.0
0.0
0.0
0.0
0.0
0.0
0.0
0.0
0.0
0.0
0.0
0.0
0.0
0.0
0.0
0.0
0.0
0.0
0.0
0.0
0.0
147.25670581005258
151.57165665103983
139.79699341790194
130.43520697655643
128.9370308439579
129.68395546510095
131.19081044374488
132.71517423385683
131.9507910772894
130.43520697655643
129.68395546510095
128.1944081920729
127.45606273192622
126.72196982870621
125.99210498948732
121.7003513670591
121.7003513670591
0.0
0.0
0.0
0.0
0.0
0.0
0.0
0.0
0.0
0.0
0.0
0.0
0.0
0.0
0.0
0.0
0.0
0.0
0.0
0.0
0.0
0.0
0.0
0.0
0.0
0.0
0.0
0.0
0.0
0.0
0.0
0.0
0.0
0.0
0.0
0.0
0.0
0.0
0.0
0.0
0.0
0.0
0.0
0.0
0.0
0.0
0.0
0.0
0.0
0.0
0.0
0.0
0.0
0.0
0.0
0.0
0.0
0.0
0.0
0.0
0.0
0.0
0.0
0.0
0.0
0.0
0.0
0.0
0.0
0.0
0.0
0.0
0.0
0.0
0.0
0.0
50.0
50.0
50.28964705339267
50.28964705339267
52.97315471796477
52.97315471796477
53.588673126814655
53.588673126814655
50.87398460513432
50.87398460513432
0.0
0.0
0.0
0.0
0.0
0.0
0.0
0.0
0.0
0.0
0.0
0.0
0.0
0.0
0.0
0.0
0.0
0.0
0.0
0.0
0.0
0.0
0.0
0.0
0.0
0.0
0.0
0.0
0.0
0.0
0.0
0.0
0.0
0.0
0.0
0.0
0.0
0.0
0.0
0.0
0.0
0.0
0.0
0.0
0.0
0.0
0.0
0.0
0.0
0.0
0.0
0.0
0.0
0.0
0.0
0.0
0.0
0.0
0.0
0.0
0.0
0.0
0.0
0.0
0.0
0.0
0.0
0.0
0.0
0.0
0.0
0.0
0.0
0.0
0.0
0.0
0.0
0.0
0.0
0.0
0.0
0.0
0.0
0.0
0.0
0.0
0.0
0.0
0.0
0.0
0.0
0.0
0.0
0.0
0.0
0.0
0.0
0.0
0.0
0.0
