0.0
0.0
0.0
0.0
0.0
0.0
0.0
0.0
0.0
0.0
0.0
0.0
0.0
0.0
0.0
0.0
0.0
0.0
0.0
0.0
0.0
0.0
0.0
0.0
0.0
0.0
0.0
0.0
0.0
0.0
0.0
0.0
0.0
0.0
0.0
0.0
0.0
0.0
0.0
0.0
0.0
0.0
0.0
0.0
0.0
0.0
0.0
0.0
0.0
0.0
0.0
0.0
0.0
0.0
0.0
0.0
0.0
0.0
0.0
0.0
0.0
0.0
50.0
50.0
50.0
50.0
50.0
50.0
50.0
50.0
50.0
50.0
50.0
50.0
50.0
50.0
50.0
50.0
50.0
50.0
50.0
50.0
50.0
50.28964705339267
51.16869459983875
54.21134351507092
57.10411696553857
57.10411696553857
57.10411696553857
55.47847360339225
55.47847360339225
0.0
0.0
0.0
0.0
50.0
50.0
50.0
50.0
50.0
50.0
50.0
50.0
50.0
0.0
0.0
0.0
0.0
0.0
0.0
0.0
0.0
0.0
0.0
0.0
0.0
0.0
0.0
0.0
50.0
51.16869459983875
50.58097201509612
51.16869459983875
51.16869459983875
51.16869459983875
51.16869459983875
51.16869459983875
50.87398460513432
51.16869459983875
50.0
51.76324619206888
52.364706141031334
50.87398460513432
50.0
50.0
50.0
50.0
0.0
0.0
0.0
0.0
0.0
0.0
0.0
0.0
0.0
0.0
0.0
0.0
0.0
0.0
0.0
0.0
0.0
0.0
0.0
0.0
0.0
0.0
0.0
0.0
0.0
0.0
0.0
0.0
0.0
0.0
0.0
0.0
0.0
0.0
0.0
0.0
0.0
0.0
0.0
0.0
0.0
0.0
0.0
0.0
0.0
0.0
0.0
0.0
0.0
0.0
0.0
0.0
0.0
0.0
0.0
0.0
0.0
0.0
0.0
0.0
0.0
0.0
0.0
0.0
0.0
0.0
0.0
0.0
0.0
0.0
0.0
0.0
0.0
0.0
0.0
0.0
0.0
0.0
0.0
0.0
0.0
0.0
0.0
0.0
0.0
0.0
0.0
0.0
0.0
0.0
0.0
0.0
0.0
0.0
0.0
0.0
0.0
0.0
0.0
0.0
0.0
0.0
0.0
0.0
0.0
0.0
0.0
0.0
0.0
0.0
0.0
0.0
0.0
0.0
0.0
0.0
0.0
0.0
0.0
0.0
0.0
0.0
0.0
0.0
0.0
0.0
0.0
0.0
0.0
0.0
0.0
0.0
0.0
214.35469250725862
219.36499593892518
221.91389441356898
223.1994285260446
223.1994285260446
223.1994285260446
224.49240966187455
224.49240966187455
220.63576443274928
0.0
0.0
232.40911739156792
236.47155720542963
235.10958125672175
235.10958125672175
233.75544971224912
233.75544971224912
231.07053937445463
228.41646786215435
227.10088581417543
225.79288096122622
224.49240966187455
223.1994285260446
220.63576443274928
216.8453740602837
216.8453740602837
215.59643660857103
215.59643660857103
219.36499593892518
220.63576443274928
221.91389441356898
221.91389441356898
220.63576443274928
220.63576443274928
220.63576443274928
219.36499593892518
220.63576443274928
220.63576443274928
223.1994285260446
223.1994285260446
224.49240966187455
224.49240966187455
224.49240966187455
220.63576443274928
204.67477839935495
202.3238880603845
201.15858821357068
201.15858821357068
0.0
0.0
0.0
0.0
0.0
0.0
0.0
0.0
0.0
0.0
0.0
0.0
0.0
0.0
0.0
0.0
0.0
0.0
0.0
0.0
0.0
0.0
0.0
0.0
0.0
0.0
0.0
0.0
0.0
0.0
0.0
0.0
0.0
0.0
207.05298476827548
214.35469250725862
215.59643660857103
214.35469250725862
211.89261887185907
210.67220719096719
208.25243050696125
205.86044732869837
203.49593842053727
202.3238880603845
201.15858821357068
201.15858821357068
203.49593842053727
205.86044732869837
208.25243050696125
209.4588245641254
210.67220719096719
210.67220719096719
210.67220719096719
207.05298476827548
205.86044732869837
200.0
205.86044732869837
0.0
0.0
0.0
0.0
0.0
0.0
0.0
0.0
0.0
0.0
0.0
0.0
0.0
0.0
214.35469250725862
211.89261887185907
210.67220719096719
209.4588245641254
207.05298476827548
204.67477839935495
202.3238880603845
201.15858821357068
200.0
198.8480847635095
198.8480847635095
198.8480847635095
197.70280407057922
197.70280407057922
197.70280407057922
197.70280407057922
197.70280407057922
198.8480847635095
200.0
201.15858821357068
202.3238880603845
203.49593842053727
204.67477839935495
207.05298476827548
209.4588245641254
210.67220719096719
211.89261887185907
211.89261887185907
211.89261887185907
209.4588245641254
209.4588245641254
202.3238880603845
207.05298476827548
0.0
0.0
0.0
0.0
0.0
0.0
0.0
0.0
0.0
0.0
0.0
0.0
271.6344887654643
271.6344887654643
250.53288772482563
250.53288772482563
241.99881784385852
236.47155720542963
220.63576443274928
213.12010032569688
202.3238880603845
198.8480847635095
197.70280407057922
196.56411970905023
190.9683207820833
180.25009252216606
177.1535038204721
187.68759933422865
0.0
0.0
0.0
216.8453740602837
214.35469250725862
213.12010032569688
213.12010032569688
211.89261887185907
210.67220719096719
207.05298476827548
203.49593842053727
200.0
0.0
0.0
0.0
0.0
0.0
0.0
0.0
0.0
227.10088581417543
224.49240966187455
223.1994285260446
221.91389441356898
221.91389441356898
220.63576443274928
219.36499593892518
219.36499593892518
218.10154653305153
216.8453740602837
215.59643660857103
214.35469250725862
210.67220719096719
208.25243050696125
210.67220719096719
211.89261887185907
0.0
0.0
0.0
0.0
0.0
259.3679109302019
246.2288826689832
250.53288772482563
253.44393965741244
254.91212546385245
256.3888163841458
259.3679109302019
263.9015821545788
270.06998923363795
279.5939868358039
289.4538474880756
301.3973362949152
310.2289523667469
315.65165893545657
321.1691527453505
324.9009585424942
326.78309064822
326.78309064822
324.9009585424942
324.9009585424942
321.1691527453505
317.4802103936399
312.0260904053494
289.4538474880756
297.93549262454053
297.93549262454053
0.0
0.0
0.0
0.0
0.0
0.0
0.0
0.0
0.0
0.0
0.0
0.0
0.0
0.0
0.0
0.0
0.0
0.0
0.0
0.0
0.0
0.0
0.0
0.0
0.0
0.0
0.0
0.0
0.0
0.0
0.0
0.0
0.0
0.0
0.0
0.0
0.0
0.0
0.0
0.0
0.0
0.0
0.0
0.0
0.0
0.0
0.0
0.0
0.0
0.0
0.0
0.0
0.0
0.0
0.0
0.0
0.0
0.0
0.0
0.0
0.0
0.0
0.0
0.0
0.0
0.0
0.0
0.0
0.0
0.0
0.0
0.0
0.0
0.0
0.0
0.0
0.0
0.0
0.0
0.0
0.0
0.0
0.0
0.0
0.0
0.0
0.0
0.0
0.0
0.0
0.0
0.0
0.0
0.0
0.0
0.0
0.0
0.0
0.0
0.0
0.0
0.0
0.0
0.0
0.0
0.0
0.0
0.0
0.0
0.0
0.0
0.0
0.0
0.0
0.0
0.0
0.0
0.0
0.0
0.0
0.0
0.0
0.0
0.0
0.0
0.0
0.0
0.0
0.0
0.0
0.0
0.0
0.0
0.0
0.0
0.0
0.0
0.0
