0.0
0.0
0.0
0.0
0.0
0.0
0.0
0.0
0.0
0.0
0.0
0.0
0.0
0.0
0.0
0.0
0.0
0.0
0.0
0.0
0.0
0.0
0.0
0.0
0.0
0.0
0.0
0.0
0.0
0.0
0.0
0.0
0.0
0.0
0.0
0.0
0.0
0.0
0.0
0.0
0.0
0.0
0.0
0.0
0.0
0.0
0.0
0.0
0.0
0.0
0.0
0.0
0.0
0.0
0.0
0.0
0.0
0.0
0.0
0.0
0.0
0.0
0.0
0.0
0.0
0.0
50.0
50.0
50.0
50.0
50.0
50.28964705339267
50.58097201509612
51.16869459983875
50.0
50.0
50.0
50.0
50.0
50.0
50.0
50.0
50.0
50.0
50.0
50.0
50.0
0.0
0.0
0.0
0.0
0.0
0.0
0.0
0.0
0.0
0.0
0.0
0.0
0.0
0.0
0.0
0.0
0.0
0.0
0.0
0.0
0.0
0.0
0.0
0.0
0.0
0.0
0.0
0.0
0.0
0.0
0.0
0.0
0.0
0.0
0.0
0.0
0.0
0.0
0.0
0.0
0.0
0.0
0.0
0.0
0.0
0.0
0.0
0.0
0.0
0.0
0.0
0.0
0.0
0.0
0.0
0.0
0.0
0.0
0.0
0.0
0.0
0.0
0.0
0.0
0.0
0.0
0.0
0.0
0.0
0.0
52.97315471796477
53.280025081424206
53.899109152142756
54.21134351507092
55.47847360339225
54.841248984731294
54.841248984731294
55.15894110818732
55.15894110818732
55.15894110818732
55.47847360339225
52.97315471796477
55.79985713151117
53.588673126814655
53.588673126814655
53.588673126814655
52.364706141031334
52.66805179774179
0.0
0.0
0.0
0.0
0.0
0.0
0.0
0.0
0.0
0.0
0.0
0.0
0.0
0.0
0.0
0.0
0.0
0.0
0.0
0.0
0.0
0.0
0.0
0.0
0.0
0.0
0.0
0.0
0.0
0.0
0.0
0.0
0.0
0.0
0.0
0.0
0.0
0.0
0.0
0.0
0.0
0.0
0.0
0.0
0.0
0.0
0.0
0.0
0.0
0.0
0.0
0.0
0.0
0.0
0.0
0.0
0.0
0.0
0.0
0.0
0.0
0.0
0.0
0.0
0.0
0.0
0.0
0.0
0.0
0.0
0.0
0.0
0.0
0.0
0.0
0.0
0.0
0.0
0.0
0.0
0.0
0.0
0.0
0.0
0.0
250.53288772482563
249.08992447176465
249.08992447176465
249.08992447176465
246.2288826689832
239.21922434748075
221.91389441356898
0.0
0.0
0.0
0.0
0.0
0.0
0.0
0.0
0.0
253.44393965741244
257.8740616879158
257.8740616879158
254.91212546385245
254.91212546385245
253.44393965741244
253.44393965741244
253.44393965741244
254.91212546385245
257.8740616879158
262.38162088748976
266.96797083400685
279.5939868358039
281.2136583244699
284.4812036394563
284.4812036394563
286.12918648705164
284.4812036394563
277.98364396846745
263.9015821545788
270.06998923363795
0.0
324.9009585424942
330.5801272616847
326.78309064822
324.9009585424942
321.1691527453505
319.31935454265994
313.83363915870024
310.2289523667469
306.66566893392013
304.8994046511524
301.3973362949152
297.93549262454053
292.81713918912504
282.842712474619
274.79072949161787
270.06998923363795
262.38162088748976
256.3888163841458
250.53288772482563
240.60500721642333
239.21922434748075
239.21922434748075
240.60500721642333
240.60500721642333
240.60500721642333
241.99881784385852
241.99881784385852
243.40070273411817
243.40070273411817
243.40070273411817
243.40070273411817
240.60500721642333
236.47155720542963
247.65527207548806
0.0
0.0
0.0
0.0
0.0
0.0
297.93549262454053
282.842712474619
276.38257599355524
274.79072949161787
273.20805135087915
271.6344887654643
266.96797083400685
251.98420997897463
235.10958125672175
225.79288096122622
0.0
0.0
0.0
0.0
193.1872657849691
193.1872657849691
187.68759933422865
183.40080864093423
176.1331747192297
171.11900513652043
167.2106416577019
165.29006363084235
164.33806291715806
163.39154532410998
163.39154532410998
163.39154532410998
164.33806291715806
167.2106416577019
170.13343219017113
177.1535038204721
180.25009252216606
0.0
0.0
0.0
0.0
0.0
0.0
0.0
0.0
0.0
0.0
0.0
0.0
0.0
0.0
236.47155720542963
235.10958125672175
233.75544971224912
233.75544971224912
232.40911739156792
227.10088581417543
219.36499593892518
0.0
0.0
0.0
0.0
0.0
243.40070273411817
244.81070866093103
244.81070866093103
244.81070866093103
243.40070273411817
243.40070273411817
243.40070273411817
240.60500721642333
237.8414230005442
229.73967099940702
0.0
0.0
239.21922434748075
237.8414230005442
236.47155720542963
235.10958125672175
233.75544971224912
231.07053937445463
223.1994285260446
219.36499593892518
218.10154653305153
219.36499593892518
220.63576443274928
221.91389441356898
223.1994285260446
223.1994285260446
219.36499593892518
216.8453740602837
202.3238880603845
213.12010032569688
228.41646786215435
0.0
0.0
0.0
0.0
216.8453740602837
233.75544971224912
237.8414230005442
239.21922434748075
239.21922434748075
239.21922434748075
239.21922434748075
240.60500721642333
243.40070273411817
237.8414230005442
236.47155720542963
240.60500721642333
0.0
0.0
0.0
0.0
0.0
259.3679109302019
256.3888163841458
256.3888163841458
253.44393965741244
251.98420997897463
250.53288772482563
240.60500721642333
227.10088581417543
219.36499593892518
214.35469250725862
208.25243050696125
201.15858821357068
196.56411970905023
0.0
170.13343219017113
169.1535357262897
167.2106416577019
165.29006363084235
164.33806291715806
163.39154532410998
162.4504792712471
162.4504792712471
161.5148333600084
161.5148333600084
160.5845763726753
159.65967727133
154.22108254079407
0.0
0.0
0.0
0.0
0.0
0.0
0.0
0.0
0.0
0.0
0.0
0.0
0.0
0.0
0.0
0.0
0.0
0.0
0.0
0.0
0.0
0.0
0.0
0.0
0.0
0.0
0.0
0.0
0.0
0.0
0.0
0.0
0.0
0.0
0.0
0.0
0.0
0.0
0.0
0.0
0.0
0.0
0.0
0.0
0.0
0.0
0.0
0.0
0.0
0.0
0.0
0.0
0.0
0.0
0.0
0.0
0.0
0.0
0.0
0.0
0.0
0.0
0.0
0.0
0.0
0.0
0.0
0.0
0.0
0.0
0.0
0.0
0.0
0.0
0.0
0.0
0.0
0.0
0.0
0.0
0.0
0.0
0.0
0.0
0.0
0.0
0.0
0.0
0.0
0.0
0.0
0.0
0.0
0.0
0.0
0.0
0.0
0.0
0.0
0.0
0.0
0.0
0.0
0.0
0.0
0.0
0.0
0.0
0.0
0.0
50.0
50.0
52.364706141031334
52.063107626740326
50.0
52.364706141031334
51.76324619206888
50.0
51.76324619206888
51.76324619206888
51.46511183217461
51.16869459983875
50.28964705339267
50.0
50.0
50.0
50.0
50.0
50.0
50.0
0.0
0.0
0.0
0.0
0.0
0.0
0.0
0.0
0.0
0.0
0.0
0.0
0.0
0.0
0.0
0.0
0.0
0.0
0.0
0.0
0.0
0.0
0.0
0.0
0.0
0.0
0.0
0.0
0.0
0.0
0.0
0.0
0.0
0.0
0.0
0.0
0.0
0.0
0.0
0.0
0.0
0.0
0.0
0.0
0.0
0.0
0.0
0.0
0.0
0.0
0.0
0.0
0.0
0.0
0.0
0.0
0.0
0.0
0.0
0.0
0.0
0.0
0.0
0.0
0.0
0.0
0.0
0.0
0.0
0.0
0.0
0.0
0.0
0.0
0.0
0.0
0.0
