0.0
0.0
0.0
0.0
0.0
0.0
0.0
0.0
0.0
0.0
0.0
0.0
0.0
0.0
0.0
0.0
0.0
0.0
0.0
0.0
0.0
0.0
0.0
0.0
0.0
0.0
0.0
0.0
0.0
0.0
0.0
0.0
0.0
0.0
0.0
0.0
0.0
0.0
0.0
0.0
0.0
0.0
0.0
0.0
0.0
0.0
0.0
0.0
0.0
0.0
0.0
0.0
0.0
0.0
0.0
0.0
0.0
0.0
0.0
0.0
0.0
0.0
0.0
0.0
0.0
0.0
0.0
0.0
0.0
0.0
0.0
0.0
0.0
0.0
0.0
0.0
0.0
0.0
0.0
0.0
0.0
0.0
0.0
0.0
0.0
0.0
0.0
0.0
0.0
0.0
0.0
0.0
0.0
0.0
0.0
0.0
0.0
0.0
0.0
0.0
0.0
0.0
0.0
0.0
0.0
0.0
0.0
0.0
0.0
0.0
0.0
0.0
0.0
0.0
0.0
0.0
0.0
0.0
0.0
0.0
0.0
0.0
0.0
0.0
0.0
0.0
0.0
0.0
0.0
0.0
0.0
0.0
0.0
0.0
0.0
0.0
0.0
0.0
0.0
0.0
0.0
0.0
0.0
0.0
0.0
0.0
0.0
0.0
0.0
0.0
0.0
0.0
0.0
0.0
0.0
0.0
0.0
0.0
0.0
0.0
0.0
0.0
0.0
0.0
0.0
0.0
0.0
0.0
0.0
0.0
0.0
0.0
0.0
0.0
0.0
0.0
0.0
0.0
0.0
0.0
0.0
0.0
0.0
0.0
0.0
0.0
0.0
0.0
0.0
0.0
0.0
0.0
0.0
0.0
0.0
0.0
0.0
0.0
0.0
0.0
0.0
0.0
0.0
0.0
0.0
0.0
0.0
0.0
0.0
0.0
0.0
0.0
0.0
0.0
0.0
0.0
52.063107626740326
52.364706141031334
51.76324619206888
51.16869459983875
50.58097201509612
50.28964705339267
50.28964705339267
50.28964705339267
52.97315471796477
50.58097201509612
0.0
0.0
0.0
0.0
0.0
0.0
0.0
0.0
0.0
0.0
0.0
0.0
0.0
0.0
0.0
0.0
0.0
0.0
0.0
0.0
0.0
0.0
0.0
0.0
0.0
0.0
0.0
0.0
0.0
0.0
0.0
0.0
0.0
0.0
0.0
0.0
0.0
0.0
0.0
0.0
0.0
0.0
0.0
0.0
0.0
0.0
109.05077326652577
108.42268703014184
107.79821830428551
108.42268703014184
108.42268703014184
109.05077326652577
109.68249796946259
110.31788221637464
110.95694720678449
115.5352696872273
116.87772485612456
118.23577860271482
118.9207115002721
118.9207115002721
111.59971426302234
106.56005016284841
0.0
0.0
0.0
0.0
0.0
118.23577860271482
118.23577860271482
118.23577860271482
118.23577860271482
118.23577860271482
117.55479062836088
117.55479062836088
116.87772485612456
115.5352696872273
114.86983549970348
114.20823393107715
114.20823393107715
113.55044290708773
112.89644048061314
111.59971426302234
110.31788221637464
109.05077326652577
0.0
0.0
0.0
0.0
0.0
111.59971426302234
110.95694720678449
110.95694720678449
110.31788221637464
109.68249796946259
109.05077326652577
108.42268703014184
107.79821830428551
105.94630943592954
101.74796921026864
104.12621525348065
104.12621525348065
114.20823393107715
0.0
110.31788221637464
109.68249796946259
117.55479062836088
112.89644048061314
112.89644048061314
112.2462048309373
110.95694720678449
110.31788221637464
109.05077326652577
107.79821830428551
105.94630943592954
94.93421209505193
0.0
0.0
0.0
0.0
0.0
0.0
0.0
0.0
0.0
0.0
0.0
0.0
0.0
0.0
0.0
0.0
0.0
0.0
0.0
0.0
0.0
0.0
0.0
0.0
0.0
0.0
0.0
0.0
0.0
0.0
0.0
0.0
0.0
0.0
0.0
0.0
0.0
0.0
0.0
0.0
0.0
0.0
0.0
0.0
98.85140203528961
98.2820598545251
97.71599684342459
97.71599684342459
97.71599684342459
97.71599684342459
97.71599684342459
98.2820598545251
98.85140203528961
99.42404238175475
0.0
0.0
0.0
0.0
0.0
0.0
0.0
0.0
0.0
0.0
0.0
0.0
0.0
114.86983549970348
112.2462048309373
112.89644048061314
110.95694720678449
110.31788221637464
110.31788221637464
106.56005016284841
102.93022366434921
109.68249796946259
120.99940892192926
115.5352696872273
114.20823393107715
120.30250360821167
112.2462048309373
112.2462048309373
110.31788221637464
108.42268703014184
105.33610359548358
104.72941228206267
103.52649238413775
99.42404238175475
94.93421209505193
93.84379966711431
93.84379966711431
93.30329915368074
95.48416039104166
96.03729450510042
92.76591169413095
96.59363289248455
96.59363289248455
0.0
0.0
0.0
0.0
0.0
0.0
0.0
0.0
0.0
0.0
0.0
0.0
0.0
0.0
0.0
0.0
0.0
0.0
0.0
0.0
0.0
0.0
0.0
0.0
0.0
0.0
0.0
0.0
0.0
0.0
0.0
0.0
0.0
0.0
0.0
0.0
0.0
0.0
0.0
0.0
0.0
0.0
0.0
0.0
0.0
0.0
0.0
0.0
0.0
0.0
0.0
0.0
0.0
0.0
0.0
0.0
0.0
0.0
0.0
0.0
0.0
0.0
0.0
0.0
0.0
0.0
0.0
0.0
0.0
0.0
0.0
0.0
0.0
0.0
0.0
0.0
0.0
0.0
0.0
0.0
0.0
0.0
0.0
0.0
0.0
0.0
0.0
0.0
0.0
0.0
0.0
0.0
0.0
0.0
0.0
0.0
0.0
0.0
0.0
0.0
0.0
0.0
0.0
0.0
0.0
0.0
0.0
0.0
0.0
0.0
52.364706141031334
52.364706141031334
53.280025081424206
50.0
50.0
50.0
50.0
51.16869459983875
51.16869459983875
55.15894110818732
56.448220240306554
55.47847360339225
55.47847360339225
55.79985713151117
0.0
0.0
0.0
0.0
0.0
0.0
0.0
0.0
0.0
0.0
0.0
0.0
0.0
0.0
0.0
0.0
0.0
0.0
0.0
0.0
0.0
0.0
0.0
0.0
0.0
0.0
0.0
0.0
0.0
0.0
0.0
0.0
0.0
0.0
0.0
0.0
0.0
0.0
0.0
0.0
0.0
0.0
0.0
0.0
0.0
0.0
0.0
0.0
0.0
0.0
0.0
0.0
0.0
0.0
0.0
0.0
0.0
0.0
0.0
0.0
0.0
0.0
0.0
0.0
0.0
0.0
0.0
0.0
0.0
0.0
0.0
0.0
0.0
0.0
0.0
0.0
0.0
0.0
0.0
0.0
0.0
0.0
0.0
0.0
0.0
0.0
0.0
0.0
0.0
0.0
0.0
0.0
0.0
