0.0
0.0
0.0
0.0
0.0
0.0
0.0
0.0
0.0
0.0
0.0
0.0
0.0
0.0
0.0
0.0
0.0
0.0
0.0
0.0
0.0
0.0
0.0
0.0
0.0
0.0
0.0
0.0
0.0
0.0
0.0
0.0
0.0
0.0
0.0
0.0
0.0
0.0
0.0
0.0
0.0
0.0
0.0
0.0
0.0
0.0
0.0
0.0
0.0
0.0
0.0
0.0
0.0
0.0
0.0
0.0
0.0
0.0
0.0
0.0
0.0
0.0
0.0
0.0
0.0
0.0
0.0
0.0
0.0
0.0
0.0
0.0
0.0
0.0
0.0
0.0
0.0
0.0
0.0
0.0
0.0
0.0
0.0
0.0
0.0
0.0
0.0
0.0
0.0
0.0
0.0
0.0
0.0
0.0
0.0
0.0
0.0
0.0
0.0
0.0
0.0
0.0
0.0
0.0
0.0
0.0
0.0
0.0
0.0
0.0
0.0
0.0
0.0
0.0
0.0
0.0
0.0
0.0
0.0
0.0
0.0
0.0
0.0
0.0
0.0
0.0
0.0
0.0
0.0
0.0
0.0
0.0
0.0
0.0
0.0
0.0
0.0
0.0
0.0
0.0
0.0
0.0
0.0
0.0
0.0
0.0
0.0
0.0
0.0
0.0
0.0
0.0
0.0
0.0
0.0
0.0
0.0
0.0
0.0
0.0
0.0
0.0
0.0
0.0
0.0
0.0
0.0
0.0
0.0
0.0
0.0
0.0
0.0
0.0
0.0
0.0
0.0
0.0
0.0
0.0
0.0
0.0
0.0
0.0
0.0
0.0
0.0
0.0
50.28964705339267
50.28964705339267
50.28964705339267
50.0
50.0
50.0
50.0
50.0
53.280025081424206
53.588673126814655
55.79985713151117
55.79985713151117
57.10411696553857
53.280025081424206
50.87398460513432
50.87398460513432
0.0
0.0
0.0
0.0
0.0
0.0
0.0
0.0
50.0
50.0
50.0
50.0
50.0
50.87398460513432
50.58097201509612
50.58097201509612
52.97315471796477
52.97315471796477
56.448220240306554
56.448220240306554
54.52538663326288
54.52538663326288
0.0
0.0
0.0
0.0
0.0
0.0
0.0
0.0
0.0
0.0
0.0
0.0
0.0
0.0
0.0
0.0
0.0
0.0
0.0
0.0
0.0
0.0
0.0
0.0
0.0
0.0
0.0
0.0
0.0
0.0
0.0
0.0
0.0
0.0
0.0
0.0
0.0
0.0
0.0
0.0
0.0
0.0
0.0
0.0
0.0
0.0
0.0
0.0
0.0
0.0
0.0
0.0
0.0
0.0
0.0
0.0
135.034994616819
136.60402567543954
136.60402567543954
138.1912879967776
139.79699341790194
142.24060181972814
139.79699341790194
141.4213562373095
0.0
0.0
182.34449771164336
181.29427068562208
181.29427068562208
180.25009252216606
177.1535038204721
169.1535357262897
162.4504792712471
158.74010519681997
172.11028744886602
180.25009252216606
182.34449771164336
0.0
0.0
0.0
0.0
0.0
0.0
0.0
0.0
133.48398541700342
132.71517423385683
131.19081044374488
130.43520697655643
129.68395546510095
128.9370308439579
128.9370308439579
128.9370308439579
128.1944081920729
128.1944081920729
127.45606273192622
126.72196982870621
126.72196982870621
127.45606273192622
129.68395546510095
131.9507910772894
133.48398541700342
134.25725027802636
134.25725027802636
134.25725027802636
134.25725027802636
132.71517423385683
125.99210498948732
116.87772485612456
0.0
0.0
0.0
0.0
0.0
0.0
0.0
0.0
0.0
0.0
0.0
0.0
115.5352696872273
115.5352696872273
114.86983549970348
114.20823393107715
113.55044290708773
112.2462048309373
111.59971426302234
110.31788221637464
109.68249796946259
107.79821830428551
105.94630943592954
104.12621525348065
101.74796921026864
100.0
98.85140203528961
98.2820598545251
98.2820598545251
98.85140203528961
100.0
100.57929410678534
102.3373891996775
102.93022366434921
103.52649238413775
103.52649238413775
104.12621525348065
104.72941228206267
104.72941228206267
104.72941228206267
104.12621525348065
103.52649238413775
102.93022366434921
102.3373891996775
101.16194403019225
100.57929410678534
99.42404238175475
97.71599684342459
96.59363289248455
94.93421209505193
93.84379966711431
93.30329915368074
92.23161935859392
92.23161935859392
92.23161935859392
91.70040432046711
91.70040432046711
92.76591169413095
93.30329915368074
93.30329915368074
92.76591169413095
93.30329915368074
87.55936114058852
0.0
0.0
0.0
0.0
0.0
0.0
0.0
0.0
0.0
0.0
0.0
0.0
0.0
0.0
0.0
0.0
0.0
0.0
0.0
0.0
0.0
0.0
0.0
0.0
0.0
0.0
0.0
0.0
0.0
0.0
0.0
0.0
0.0
0.0
0.0
0.0
0.0
0.0
0.0
0.0
0.0
0.0
104.72941228206267
104.72941228206267
104.12621525348065
104.12621525348065
103.52649238413775
102.3373891996775
96.03729450510042
93.30329915368074
92.23161935859392
90.12504626108301
98.85140203528961
0.0
0.0
0.0
0.0
111.59971426302234
110.31788221637464
110.95694720678449
111.59971426302234
110.95694720678449
111.59971426302234
112.2462048309373
112.89644048061314
0.0
124.5449622358823
128.9370308439579
128.9370308439579
126.72196982870621
124.5449622358823
124.5449622358823
123.82763603774404
122.40535433046553
121.7003513670591
120.99940892192926
120.30250360821167
114.20823393107715
111.59971426302234
0.0
0.0
0.0
0.0
0.0
0.0
0.0
0.0
0.0
0.0
0.0
0.0
0.0
0.0
0.0
0.0
0.0
0.0
0.0
0.0
108.42268703014184
105.94630943592954
103.52649238413775
101.74796921026864
99.42404238175475
97.15319411536059
94.38743126816934
92.76591169413095
92.23161935859392
91.17224885582168
90.64713534281104
0.0
0.0
0.0
0.0
0.0
0.0
0.0
0.0
0.0
0.0
0.0
0.0
0.0
0.0
0.0
0.0
0.0
0.0
0.0
0.0
0.0
0.0
0.0
0.0
0.0
0.0
0.0
0.0
0.0
0.0
0.0
0.0
0.0
0.0
0.0
51.16869459983875
50.28964705339267
50.0
50.28964705339267
50.28964705339267
50.28964705339267
50.28964705339267
50.0
51.76324619206888
0.0
0.0
0.0
0.0
0.0
0.0
0.0
0.0
0.0
0.0
0.0
0.0
0.0
0.0
0.0
0.0
0.0
0.0
0.0
0.0
0.0
0.0
0.0
0.0
0.0
0.0
0.0
0.0
0.0
0.0
0.0
0.0
0.0
0.0
0.0
0.0
0.0
0.0
0.0
0.0
0.0
0.0
0.0
0.0
0.0
0.0
0.0
0.0
0.0
0.0
0.0
0.0
0.0
0.0
0.0
0.0
0.0
0.0
0.0
0.0
0.0
0.0
0.0
0.0
0.0
0.0
0.0
0.0
0.0
0.0
0.0
0.0
0.0
0.0
0.0
0.0
0.0
0.0
0.0
0.0
0.0
0.0
0.0
0.0
0.0
50.28964705339267
52.66805179774179
52.66805179774179
52.66805179774179
52.66805179774179
52.66805179774179
52.66805179774179
52.364706141031334
52.063107626740326
56.448220240306554
52.063107626740326
50.28964705339267
50.0
0.0
0.0
0.0
0.0
0.0
0.0
