0.0
0.0
0.0
0.0
0.0
0.0
0.0
0.0
0.0
0.0
0.0
0.0
0.0
0.0
0.0
0.0
0.0
0.0
0.0
0.0
0.0
0.0
0.0
0.0
0.0
0.0
0.0
0.0
0.0
0.0
0.0
0.0
0.0
0.0
0.0
0.0
0.0
0.0
0.0
0.0
0.0
0.0
0.0
0.0
0.0
0.0
0.0
0.0
0.0
0.0
0.0
0.0
0.0
0.0
0.0
0.0
0.0
0.0
0.0
0.0
0.0
0.0
0.0
0.0
0.0
0.0
0.0
0.0
0.0
0.0
0.0
0.0
0.0
0.0
0.0
0.0
0.0
0.0
0.0
0.0
0.0
0.0
0.0
0.0
0.0
0.0
0.0
0.0
0.0
0.0
0.0
0.0
0.0
0.0
0.0
0.0
0.0
0.0
0.0
0.0
0.0
0.0
0.0
0.0
0.0
0.0
0.0
0.0
0.0
0.0
0.0
0.0
0.0
0.0
0.0
0.0
0.0
0.0
0.0
0.0
0.0
0.0
0.0
0.0
0.0
0.0
0.0
0.0
0.0
0.0
0.0
0.0
0.0
0.0
0.0
0.0
0.0
0.0
0.0
0.0
0.0
0.0
0.0
0.0
0.0
0.0
0.0
0.0
0.0
0.0
0.0
0.0
0.0
0.0
0.0
0.0
0.0
0.0
0.0
0.0
0.0
0.0
0.0
0.0
0.0
0.0
0.0
0.0
0.0
0.0
0.0
0.0
0.0
0.0
0.0
0.0
0.0
0.0
0.0
0.0
0.0
0.0
0.0
0.0
0.0
0.0
0.0
0.0
0.0
0.0
0.0
0.0
0.0
0.0
0.0
0.0
0.0
0.0
0.0
0.0
0.0
0.0
0.0
0.0
0.0
0.0
0.0
0.0
0.0
0.0
0.0
0.0
0.0
0.0
0.0
0.0
0.0
0.0
0.0
0.0
0.0
0.0
0.0
0.0
0.0
0.0
0.0
0.0
0.0
0.0
0.0
0.0
0.0
0.0
0.0
0.0
0.0
0.0
0.0
0.0
0.0
0.0
0.0
0.0
0.0
0.0
0.0
0.0
0.0
0.0
0.0
0.0
0.0
0.0
0.0
0.0
0.0
0.0
0.0
0.0
0.0
0.0
0.0
0.0
0.0
0.0
0.0
0.0
0.0
0.0
0.0
0.0
0.0
0.0
0.0
0.0
0.0
0.0
0.0
0.0
0.0
0.0
0.0
0.0
265.4303484677136
249.08992447176465
235.10958125672175
229.73967099940702
227.10088581417543
224.49240966187455
221.91389441356898
218.10154653305153
215.59643660857103
202.3238880603845
195.43199368684918
194.30638823072118
200.0
0.0
0.0
0.0
0.0
215.59643660857103
213.12010032569688
210.67220719096719
209.4588245641254
208.25243050696125
208.25243050696125
209.4588245641254
210.67220719096719
213.12010032569688
213.12010032569688
214.35469250725862
214.35469250725862
216.8453740602837
221.91389441356898
227.10088581417543
229.73967099940702
229.73967099940702
231.07053937445463
231.07053937445463
231.07053937445463
231.07053937445463
231.07053937445463
229.73967099940702
229.73967099940702
229.73967099940702
228.41646786215435
227.10088581417543
224.49240966187455
220.63576443274928
215.59643660857103
211.89261887185907
207.05298476827548
202.3238880603845
197.70280407057922
196.56411970905023
197.70280407057922
196.56411970905023
196.56411970905023
196.56411970905023
197.70280407057922
198.8480847635095
198.8480847635095
198.8480847635095
198.8480847635095
197.70280407057922
197.70280407057922
198.8480847635095
198.8480847635095
198.8480847635095
198.8480847635095
198.8480847635095
198.8480847635095
198.8480847635095
200.0
200.0
200.0
200.0
200.0
200.0
200.0
198.8480847635095
198.8480847635095
198.8480847635095
197.70280407057922
197.70280407057922
197.70280407057922
197.70280407057922
196.56411970905023
196.56411970905023
196.56411970905023
196.56411970905023
196.56411970905023
196.56411970905023
193.1872657849691
185.5318233882619
175.11872228117704
195.43199368684918
0.0
0.0
0.0
0.0
0.0
0.0
0.0
0.0
0.0
0.0
0.0
0.0
0.0
0.0
0.0
0.0
0.0
218.10154653305153
205.86044732869837
201.15858821357068
200.0
200.0
200.0
200.0
201.15858821357068
201.15858821357068
202.3238880603845
202.3238880603845
202.3238880603845
204.67477839935495
205.86044732869837
207.05298476827548
205.86044732869837
208.25243050696125
218.10154653305153
216.8453740602837
216.8453740602837
215.59643660857103
214.35469250725862
213.12010032569688
213.12010032569688
211.89261887185907
210.67220719096719
208.25243050696125
207.05298476827548
207.05298476827548
204.67477839935495
203.49593842053727
201.15858821357068
200.0
198.8480847635095
196.56411970905023
195.43199368684918
193.1872657849691
192.07458901020084
189.86842419010387
185.5318233882619
186.60659830736148
200.0
194.30638823072118
193.1872657849691
195.43199368684918
197.70280407057922
0.0
0.0
0.0
0.0
0.0
0.0
0.0
0.0
210.67220719096719
205.86044732869837
203.49593842053727
202.3238880603845
201.15858821357068
200.0
197.70280407057922
195.43199368684918
185.5318233882619
0.0
0.0
0.0
0.0
0.0
0.0
0.0
0.0
0.0
0.0
213.12010032569688
203.49593842053727
200.0
197.70280407057922
196.56411970905023
195.43199368684918
194.30638823072118
194.30638823072118
193.1872657849691
193.1872657849691
192.07458901020084
192.07458901020084
190.9683207820833
192.07458901020084
192.07458901020084
192.07458901020084
190.9683207820833
192.07458901020084
192.07458901020084
0.0
0.0
0.0
0.0
0.0
0.0
0.0
197.70280407057922
194.30638823072118
190.9683207820833
189.86842419010387
188.7748625363387
187.68759933422865
186.60659830736148
185.5318233882619
185.5318233882619
185.5318233882619
186.60659830736148
188.7748625363387
190.9683207820833
196.56411970905023
200.0
192.07458901020084
190.9683207820833
194.30638823072118
192.07458901020084
201.15858821357068
0.0
0.0
0.0
0.0
189.86842419010387
189.86842419010387
189.86842419010387
189.86842419010387
189.86842419010387
188.7748625363387
188.7748625363387
188.7748625363387
188.7748625363387
189.86842419010387
190.9683207820833
193.1872657849691
193.1872657849691
195.43199368684918
196.56411970905023
200.0
198.8480847635095
0.0
0.0
0.0
0.0
0.0
0.0
0.0
0.0
0.0
0.0
0.0
0.0
0.0
0.0
0.0
0.0
220.63576443274928
207.05298476827548
204.67477839935495
203.49593842053727
202.3238880603845
201.15858821357068
200.0
200.0
200.0
200.0
200.0
198.8480847635095
198.8480847635095
198.8480847635095
197.70280407057922
195.43199368684918
198.8480847635095
198.8480847635095
198.8480847635095
0.0
0.0
0.0
0.0
0.0
0.0
0.0
0.0
0.0
0.0
0.0
0.0
0.0
0.0
188.7748625363387
190.9683207820833
193.1872657849691
192.07458901020084
193.1872657849691
193.1872657849691
193.1872657849691
193.1872657849691
194.30638823072118
194.30638823072118
195.43199368684918
194.30638823072118
194.30638823072118
193.1872657849691
193.1872657849691
192.07458901020084
192.07458901020084
0.0
0.0
0.0
0.0
0.0
0.0
0.0
0.0
0.0
0.0
0.0
0.0
0.0
0.0
0.0
0.0
0.0
0.0
0.0
0.0
0.0
0.0
0.0
0.0
192.07458901020084
193.1872657849691
194.30638823072118
195.43199368684918
195.43199368684918
0.0
0.0
0.0
0.0
0.0
0.0
0.0
0.0
0.0
202.3238880603845
192.07458901020084
189.86842419010387
187.68759933422865
186.60659830736148
186.60659830736148
185.5318233882619
0.0
0.0
0.0
0.0
0.0
0.0
0.0
0.0
231.07053937445463
225.79288096122622
221.91389441356898
220.63576443274928
210.67220719096719
210.67220719096719
209.4588245641254
207.05298476827548
205.86044732869837
203.49593842053727
202.3238880603845
201.15858821357068
198.8480847635095
198.8480847635095
197.70280407057922
195.43199368684918
184.46323871718783
0.0
0.0
0.0
0.0
0.0
0.0
0.0
0.0
0.0
0.0
0.0
0.0
0.0
0.0
0.0
0.0
0.0
0.0
0.0
0.0
0.0
0.0
0.0
0.0
0.0
0.0
0.0
0.0
0.0
0.0
0.0
0.0
0.0
0.0
0.0
0.0
0.0
50.0
50.0
50.0
50.0
50.0
50.0
50.0
50.0
50.0
50.0
50.28964705339267
50.0
50.0
0.0
0.0
0.0
0.0
0.0
0.0
0.0
0.0
0.0
0.0
0.0
0.0
0.0
0.0
0.0
0.0
0.0
0.0
0.0
0.0
0.0
50.28964705339267
50.28964705339267
50.58097201509612
50.58097201509612
50.58097201509612
50.0
50.58097201509612
50.58097201509612
0.0
0.0
0.0
0.0
0.0
0.0
0.0
0.0
0.0
0.0
0.0
0.0
0.0
0.0
0.0
0.0
0.0
0.0
0.0
0.0
0.0
0.0
0.0
0.0
0.0
0.0
0.0
0.0
0.0
0.0
0.0
0.0
0.0
0.0
0.0
0.0
0.0
0.0
0.0
0.0
0.0
0.0
0.0
0.0
0.0
0.0
0.0
0.0
0.0
0.0
0.0
0.0
0.0
0.0
0.0
0.0
0.0
0.0
0.0
0.0
0.0
0.0
0.0
0.0
0.0
0.0
0.0
0.0
0.0
0.0
0.0
0.0
0.0
0.0
0.0
0.0
0.0
0.0
0.0
0.0
0.0
0.0
0.0
0.0
0.0
0.0
0.0
0.0
0.0
0.0
0.0
0.0
0.0
0.0
