0.0
0.0
0.0
0.0
0.0
0.0
0.0
0.0
0.0
0.0
0.0
0.0
0.0
0.0
0.0
0.0
0.0
0.0
0.0
0.0
0.0
0.0
0.0
0.0
0.0
0.0
0.0
0.0
0.0
0.0
0.0
0.0
0.0
0.0
0.0
0.0
0.0
0.0
0.0
0.0
0.0
0.0
0.0
0.0
0.0
0.0
0.0
0.0
0.0
0.0
0.0
0.0
0.0
0.0
0.0
0.0
0.0
0.0
0.0
0.0
0.0
0.0
0.0
0.0
0.0
0.0
0.0
0.0
0.0
0.0
0.0
0.0
0.0
0.0
0.0
0.0
0.0
0.0
0.0
0.0
0.0
0.0
0.0
0.0
0.0
0.0
0.0
0.0
0.0
0.0
0.0
0.0
0.0
0.0
0.0
0.0
0.0
0.0
0.0
0.0
0.0
0.0
0.0
0.0
0.0
0.0
0.0
0.0
0.0
0.0
0.0
0.0
0.0
0.0
0.0
0.0
0.0
0.0
0.0
0.0
0.0
0.0
0.0
0.0
0.0
0.0
0.0
0.0
0.0
0.0
0.0
0.0
0.0
0.0
0.0
0.0
0.0
0.0
0.0
0.0
0.0
0.0
0.0
0.0
0.0
0.0
0.0
0.0
0.0
0.0
0.0
0.0
0.0
0.0
0.0
0.0
0.0
0.0
0.0
0.0
0.0
0.0
0.0
0.0
0.0
0.0
0.0
0.0
0.0
0.0
0.0
0.0
0.0
0.0
0.0
0.0
0.0
0.0
0.0
0.0
0.0
0.0
0.0
0.0
0.0
0.0
0.0
0.0
0.0
0.0
0.0
0.0
0.0
0.0
0.0
0.0
0.0
0.0
0.0
0.0
0.0
0.0
0.0
0.0
0.0
0.0
0.0
0.0
0.0
0.0
0.0
0.0
0.0
0.0
0.0
0.0
0.0
0.0
0.0
0.0
0.0
0.0
0.0
0.0
0.0
0.0
0.0
0.0
0.0
0.0
0.0
0.0
0.0
0.0
0.0
0.0
0.0
0.0
0.0
0.0
0.0
0.0
0.0
0.0
0.0
0.0
0.0
0.0
0.0
0.0
0.0
0.0
0.0
0.0
0.0
0.0
0.0
0.0
0.0
0.0
0.0
0.0
0.0
0.0
0.0
0.0
0.0
0.0
0.0
0.0
0.0
0.0
0.0
0.0
0.0
0.0
0.0
0.0
0.0
0.0
0.0
0.0
0.0
0.0
0.0
0.0
0.0
0.0
0.0
0.0
0.0
0.0
0.0
0.0
0.0
0.0
257.8740616879158
246.2288826689832
241.99881784385852
236.47155720542963
231.07053937445463
227.10088581417543
223.1994285260446
218.10154653305153
213.12010032569688
209.4588245641254
209.4588245641254
208.25243050696125
207.05298476827548
205.86044732869837
205.86044732869837
204.67477839935495
203.49593842053727
203.49593842053727
202.3238880603845
202.3238880603845
202.3238880603845
201.15858821357068
198.8480847635095
194.30638823072118
0.0
0.0
0.0
0.0
0.0
0.0
0.0
0.0
0.0
0.0
0.0
0.0
0.0
0.0
0.0
223.1994285260446
214.35469250725862
211.89261887185907
209.4588245641254
207.05298476827548
204.67477839935495
202.3238880603845
198.8480847635095
196.56411970905023
194.30638823072118
192.07458901020084
190.9683207820833
188.7748625363387
187.68759933422865
186.60659830736148
186.60659830736148
185.5318233882619
185.5318233882619
186.60659830736148
181.29427068562208
0.0
203.49593842053727
216.8453740602837
214.35469250725862
214.35469250725862
214.35469250725862
214.35469250725862
215.59643660857103
215.59643660857103
216.8453740602837
216.8453740602837
218.10154653305153
218.10154653305153
218.10154653305153
218.10154653305153
219.36499593892518
218.10154653305153
216.8453740602837
215.59643660857103
214.35469250725862
211.89261887185907
211.89261887185907
218.10154653305153
0.0
0.0
0.0
0.0
0.0
0.0
0.0
0.0
0.0
0.0
0.0
0.0
0.0
0.0
0.0
0.0
0.0
0.0
0.0
0.0
0.0
0.0
0.0
0.0
223.1994285260446
221.91389441356898
220.63576443274928
220.63576443274928
219.36499593892518
218.10154653305153
215.59643660857103
0.0
0.0
0.0
0.0
0.0
0.0
213.12010032569688
201.15858821357068
202.3238880603845
201.15858821357068
198.8480847635095
197.70280407057922
196.56411970905023
194.30638823072118
190.9683207820833
186.60659830736148
0.0
185.5318233882619
189.86842419010387
190.9683207820833
0.0
0.0
0.0
239.21922434748075
236.47155720542963
218.10154653305153
215.59643660857103
214.35469250725862
211.89261887185907
208.25243050696125
205.86044732869837
204.67477839935495
202.3238880603845
202.3238880603845
202.3238880603845
203.49593842053727
203.49593842053727
203.49593842053727
202.3238880603845
201.15858821357068
200.0
198.8480847635095
198.8480847635095
197.70280407057922
198.8480847635095
198.8480847635095
198.8480847635095
200.0
200.0
198.8480847635095
198.8480847635095
197.70280407057922
196.56411970905023
194.30638823072118
193.1872657849691
192.07458901020084
192.07458901020084
190.9683207820833
192.07458901020084
188.7748625363387
182.34449771164336
184.46323871718783
189.86842419010387
0.0
0.0
0.0
0.0
0.0
0.0
0.0
0.0
0.0
0.0
0.0
0.0
0.0
0.0
0.0
0.0
0.0
0.0
227.10088581417543
220.63576443274928
215.59643660857103
211.89261887185907
209.4588245641254
207.05298476827548
203.49593842053727
200.0
195.43199368684918
192.07458901020084
188.7748625363387
184.46323871718783
187.68759933422865
188.7748625363387
189.86842419010387
0.0
0.0
0.0
0.0
0.0
209.4588245641254
219.36499593892518
214.35469250725862
213.12010032569688
211.89261887185907
210.67220719096719
209.4588245641254
209.4588245641254
209.4588245641254
209.4588245641254
208.25243050696125
208.25243050696125
208.25243050696125
207.05298476827548
204.67477839935495
203.49593842053727
202.3238880603845
201.15858821357068
200.0
200.0
198.8480847635095
198.8480847635095
197.70280407057922
196.56411970905023
196.56411970905023
187.68759933422865
0.0
0.0
0.0
0.0
0.0
0.0
196.56411970905023
194.30638823072118
192.07458901020084
192.07458901020084
190.9683207820833
190.9683207820833
189.86842419010387
189.86842419010387
188.7748625363387
187.68759933422865
187.68759933422865
187.68759933422865
188.7748625363387
189.86842419010387
192.07458901020084
195.43199368684918
200.0
204.67477839935495
213.12010032569688
224.49240966187455
0.0
0.0
0.0
0.0
0.0
0.0
0.0
0.0
0.0
0.0
211.89261887185907
204.67477839935495
198.8480847635095
197.70280407057922
196.56411970905023
194.30638823072118
193.1872657849691
190.9683207820833
187.68759933422865
187.68759933422865
185.5318233882619
0.0
0.0
0.0
0.0
214.35469250725862
211.89261887185907
209.4588245641254
207.05298476827548
205.86044732869837
205.86044732869837
204.67477839935495
203.49593842053727
202.3238880603845
202.3238880603845
200.0
198.8480847635095
197.70280407057922
196.56411970905023
195.43199368684918
195.43199368684918
195.43199368684918
203.49593842053727
0.0
0.0
0.0
0.0
218.10154653305153
218.10154653305153
218.10154653305153
214.35469250725862
214.35469250725862
214.35469250725862
214.35469250725862
214.35469250725862
214.35469250725862
214.35469250725862
214.35469250725862
214.35469250725862
215.59643660857103
216.8453740602837
218.10154653305153
218.10154653305153
219.36499593892518
220.63576443274928
221.91389441356898
223.1994285260446
223.1994285260446
224.49240966187455
224.49240966187455
223.1994285260446
213.12010032569688
0.0
0.0
0.0
0.0
0.0
0.0
0.0
0.0
207.05298476827548
195.43199368684918
194.30638823072118
193.1872657849691
193.1872657849691
193.1872657849691
194.30638823072118
197.70280407057922
200.0
201.15858821357068
204.67477839935495
207.05298476827548
213.12010032569688
223.1994285260446
239.21922434748075
259.3679109302019
0.0
0.0
0.0
0.0
0.0
207.05298476827548
198.8480847635095
196.56411970905023
196.56411970905023
195.43199368684918
195.43199368684918
194.30638823072118
194.30638823072118
194.30638823072118
194.30638823072118
194.30638823072118
194.30638823072118
193.1872657849691
193.1872657849691
192.07458901020084
190.9683207820833
193.1872657849691
0.0
0.0
0.0
202.3238880603845
195.43199368684918
193.1872657849691
192.07458901020084
188.7748625363387
186.60659830736148
184.46323871718783
181.29427068562208
181.29427068562208
184.46323871718783
192.07458901020084
189.86842419010387
189.86842419010387
188.7748625363387
188.7748625363387
187.68759933422865
186.60659830736148
186.60659830736148
185.5318233882619
185.5318233882619
184.46323871718783
183.40080864093423
176.1331747192297
176.1331747192297
175.11872228117704
175.11872228117704
179.21192838239048
0.0
0.0
0.0
0.0
0.0
0.0
0.0
201.15858821357068
195.43199368684918
193.1872657849691
190.9683207820833
188.7748625363387
187.68759933422865
185.5318233882619
184.46323871718783
184.46323871718783
184.46323871718783
184.46323871718783
184.46323871718783
184.46323871718783
184.46323871718783
183.40080864093423
183.40080864093423
182.34449771164336
175.11872228117704
181.29427068562208
182.34449771164336
186.60659830736148
185.5318233882619
0.0
0.0
0.0
0.0
0.0
0.0
0.0
0.0
0.0
0.0
227.10088581417543
220.63576443274928
224.49240966187455
209.4588245641254
205.86044732869837
204.67477839935495
204.67477839935495
202.3238880603845
197.70280407057922
187.68759933422865
186.60659830736148
186.60659830736148
186.60659830736148
185.5318233882619
184.46323871718783
184.46323871718783
184.46323871718783
183.40080864093423
182.34449771164336
181.29427068562208
178.17974362806785
178.17974362806785
176.1331747192297
181.29427068562208
201.15858821357068
192.07458901020084
192.07458901020084
189.86842419010387
188.7748625363387
186.60659830736148
185.5318233882619
184.46323871718783
182.34449771164336
181.29427068562208
180.25009252216606
181.29427068562208
181.29427068562208
180.25009252216606
179.21192838239048
178.17974362806785
177.1535038204721
175.11872228117704
175.11872228117704
179.21192838239048
187.68759933422865
187.68759933422865
0.0
0.0
0.0
0.0
0.0
0.0
0.0
0.0
0.0
0.0
0.0
0.0
0.0
0.0
0.0
0.0
0.0
0.0
0.0
0.0
0.0
0.0
0.0
0.0
0.0
0.0
0.0
0.0
0.0
0.0
0.0
0.0
0.0
0.0
0.0
0.0
0.0
0.0
0.0
0.0
0.0
0.0
0.0
0.0
0.0
0.0
0.0
0.0
0.0
0.0
0.0
0.0
0.0
0.0
0.0
0.0
0.0
0.0
0.0
0.0
0.0
0.0
0.0
0.0
0.0
0.0
0.0
0.0
0.0
0.0
0.0
0.0
0.0
0.0
0.0
0.0
0.0
0.0
0.0
0.0
0.0
0.0
0.0
0.0
0.0
0.0
0.0
0.0
0.0
0.0
0.0
0.0
0.0
0.0
0.0
0.0
0.0
0.0
0.0
0.0
0.0
0.0
0.0
0.0
0.0
0.0
0.0
0.0
0.0
0.0
0.0
0.0
0.0
0.0
