0.0
0.0
0.0
0.0
0.0
0.0
0.0
0.0
0.0
0.0
0.0
0.0
0.0
0.0
0.0
0.0
0.0
0.0
0.0
0.0
0.0
0.0
0.0
0.0
0.0
0.0
0.0
0.0
0.0
0.0
0.0
0.0
0.0
0.0
0.0
0.0
0.0
0.0
0.0
0.0
0.0
0.0
0.0
0.0
0.0
0.0
0.0
0.0
0.0
0.0
0.0
0.0
0.0
0.0
0.0
0.0
0.0
0.0
0.0
0.0
0.0
0.0
0.0
0.0
0.0
0.0
0.0
0.0
0.0
0.0
0.0
0.0
0.0
0.0
0.0
0.0
0.0
0.0
0.0
0.0
0.0
0.0
0.0
0.0
0.0
0.0
0.0
0.0
0.0
0.0
0.0
0.0
0.0
0.0
0.0
0.0
0.0
0.0
0.0
0.0
0.0
0.0
0.0
0.0
0.0
0.0
0.0
0.0
0.0
0.0
0.0
0.0
0.0
0.0
0.0
0.0
0.0
0.0
0.0
0.0
0.0
0.0
0.0
0.0
0.0
0.0
0.0
0.0
0.0
0.0
0.0
0.0
0.0
0.0
0.0
0.0
0.0
0.0
0.0
0.0
0.0
0.0
0.0
0.0
0.0
0.0
0.0
0.0
0.0
0.0
0.0
0.0
0.0
0.0
50.28964705339267
50.0
50.0
50.28964705339267
50.0
51.16869459983875
51.46511183217461
51.46511183217461
51.76324619206888
0.0
51.76324619206888
50.58097201509612
50.28964705339267
50.0
50.0
50.28964705339267
50.0
50.28964705339267
50.0
0.0
0.0
0.0
0.0
0.0
0.0
0.0
0.0
0.0
0.0
0.0
0.0
0.0
0.0
0.0
50.0
50.28964705339267
50.28964705339267
50.28964705339267
50.28964705339267
52.97315471796477
51.46511183217461
50.0
50.0
50.0
0.0
0.0
0.0
0.0
0.0
0.0
0.0
0.0
0.0
0.0
0.0
0.0
0.0
0.0
0.0
0.0
0.0
0.0
0.0
0.0
0.0
0.0
0.0
0.0
0.0
0.0
0.0
0.0
0.0
0.0
0.0
0.0
0.0
0.0
0.0
0.0
0.0
0.0
0.0
0.0
0.0
0.0
0.0
0.0
0.0
0.0
0.0
0.0
0.0
0.0
0.0
0.0
0.0
0.0
0.0
0.0
0.0
0.0
0.0
0.0
0.0
0.0
0.0
0.0
0.0
0.0
0.0
0.0
0.0
0.0
0.0
0.0
0.0
0.0
0.0
0.0
0.0
0.0
0.0
0.0
0.0
0.0
0.0
0.0
0.0
0.0
0.0
0.0
0.0
0.0
0.0
0.0
0.0
0.0
0.0
0.0
0.0
0.0
0.0
0.0
0.0
0.0
82.16903145857903
82.16903145857903
81.695772662055
81.695772662055
83.12378961427878
88.06658735961484
88.06658735961484
88.06658735961484
88.06658735961484
88.57675191023606
89.08987181403393
90.12504626108301
98.85140203528961
100.0
100.57929410678534
100.57929410678534
101.16194403019225
101.74796921026864
102.3373891996775
0.0
0.0
0.0
0.0
0.0
0.0
0.0
0.0
0.0
0.0
0.0
0.0
0.0
0.0
0.0
110.95694720678449
113.55044290708773
114.20823393107715
114.20823393107715
113.55044290708773
113.55044290708773
113.55044290708773
112.89644048061314
113.55044290708773
114.20823393107715
114.86983549970348
115.5352696872273
114.86983549970348
114.86983549970348
113.55044290708773
112.89644048061314
112.2462048309373
110.95694720678449
108.42268703014184
0.0
0.0
0.0
0.0
0.0
0.0
0.0
0.0
0.0
0.0
0.0
0.0
0.0
0.0
0.0
0.0
0.0
0.0
0.0
0.0
0.0
0.0
88.57675191023606
88.06658735961484
87.55936114058852
87.55936114058852
86.55365610061429
84.08964152537145
82.16903145857903
81.695772662055
81.22523963562355
81.695772662055
82.64503181542116
84.08964152537145
86.05514372443301
88.06658735961484
89.60596419119524
90.12504626108301
0.0
0.0
0.0
0.0
0.0
0.0
0.0
0.0
0.0
0.0
0.0
0.0
0.0
0.0
0.0
0.0
0.0
0.0
0.0
0.0
0.0
0.0
0.0
0.0
0.0
0.0
0.0
0.0
0.0
0.0
0.0
0.0
0.0
0.0
0.0
0.0
0.0
0.0
0.0
0.0
0.0
0.0
0.0
0.0
0.0
0.0
0.0
0.0
81.22523963562355
80.7574166800042
80.7574166800042
80.7574166800042
80.7574166800042
80.29228818633764
80.29228818633764
79.829838635665
79.37005259840997
78.91291473386416
0.0
0.0
0.0
0.0
0.0
0.0
0.0
0.0
0.0
0.0
0.0
0.0
93.84379966711431
94.38743126816934
94.38743126816934
94.38743126816934
93.84379966711431
94.93421209505193
96.03729450510042
92.76591169413095
0.0
0.0
0.0
0.0
0.0
0.0
0.0
0.0
94.38743126816934
105.33610359548358
105.33610359548358
104.72941228206267
104.72941228206267
105.33610359548358
105.33610359548358
104.12621525348065
102.3373891996775
101.74796921026864
101.16194403019225
100.57929410678534
100.0
100.0
99.42404238175475
99.42404238175475
99.42404238175475
99.42404238175475
98.85140203528961
98.2820598545251
97.71599684342459
97.15319411536059
97.15319411536059
97.15319411536059
92.76591169413095
90.12504626108301
0.0
0.0
0.0
0.0
0.0
0.0
0.0
0.0
0.0
0.0
0.0
0.0
0.0
0.0
0.0
89.60596419119524
89.08987181403393
89.60596419119524
89.60596419119524
89.60596419119524
89.08987181403393
89.08987181403393
88.06658735961484
87.05505632961241
86.05514372443301
82.64503181542116
81.22523963562355
0.0
0.0
0.0
0.0
85.55950256826023
86.55365610061429
87.05505632961241
93.84379966711431
86.55365610061429
85.55950256826023
85.55950256826023
85.06671609508557
82.64503181542116
82.16903145857903
81.695772662055
81.22523963562355
80.7574166800042
79.829838635665
79.37005259840997
78.45840978967507
78.00652260133735
77.55723809168673
77.11054127039704
76.66641723348003
76.2248511627881
74.91535384383408
72.78265914210937
72.78265914210937
0.0
0.0
0.0
0.0
0.0
0.0
0.0
0.0
0.0
0.0
74.91535384383408
76.66641723348003
76.66641723348003
77.11054127039704
77.55723809168673
78.45840978967507
78.45840978967507
78.91291473386416
78.45840978967507
78.45840978967507
78.45840978967507
78.00652260133735
74.48387315613512
73.62835290502629
0.0
0.0
0.0
0.0
0.0
0.0
0.0
0.0
0.0
0.0
0.0
0.0
0.0
0.0
0.0
0.0
0.0
0.0
0.0
0.0
0.0
0.0
0.0
0.0
0.0
0.0
0.0
0.0
0.0
0.0
0.0
0.0
0.0
0.0
0.0
0.0
0.0
0.0
0.0
0.0
0.0
0.0
0.0
0.0
0.0
0.0
0.0
0.0
0.0
0.0
0.0
71.946679000541
71.53229662176292
71.946679000541
72.3634618720189
74.0548776143282
74.48387315613512
74.48387315613512
74.48387315613512
70.71067811865476
68.30201283771977
68.30201283771977
67.12862513901318
0.0
75.34933407372878
78.00652260133735
79.829838635665
81.22523963562355
83.60532082885095
86.05514372443301
88.06658735961484
90.12504626108301
91.70040432046711
94.93421209505193
98.2820598545251
101.16194403019225
102.93022366434921
107.17734625362931
109.68249796946259
112.89644048061314
114.86983549970348
116.20455869578394
117.55479062836088
118.9207115002721
118.9207115002721
119.60961217374037
118.9207115002721
118.9207115002721
118.23577860271482
116.20455869578394
114.20823393107715
109.05077326652577
102.93022366434921
0.0
0.0
96.03729450510042
95.48416039104166
95.48416039104166
93.84379966711431
91.17224885582168
90.12504626108301
88.06658735961484
86.55365610061429
86.55365610061429
86.55365610061429
86.55365610061429
87.05505632961241
87.55936114058852
88.06658735961484
88.06658735961484
88.57675191023606
88.57675191023606
88.57675191023606
89.08987181403393
88.57675191023606
88.57675191023606
88.06658735961484
87.55936114058852
87.55936114058852
87.05505632961241
86.55365610061429
85.06671609508557
87.55936114058852
87.55936114058852
87.55936114058852
0.0
0.0
0.0
0.0
0.0
0.0
83.12378961427878
83.60532082885095
84.08964152537145
86.05514372443301
88.57675191023606
89.60596419119524
90.64713534281104
90.64713534281104
90.64713534281104
90.12504626108301
90.12504626108301
89.08987181403393
88.57675191023606
87.55936114058852
85.55950256826023
81.695772662055
0.0
0.0
0.0
0.0
0.0
0.0
0.0
0.0
0.0
0.0
82.64503181542116
85.06671609508557
85.06671609508557
85.06671609508557
84.57676786314485
84.57676786314485
84.08964152537145
83.12378961427878
81.695772662055
79.829838635665
74.91535384383408
0.0
0.0
0.0
0.0
0.0
0.0
0.0
0.0
79.37005259840997
82.16903145857903
82.16903145857903
82.16903145857903
82.64503181542116
82.16903145857903
81.695772662055
80.7574166800042
79.829838635665
79.37005259840997
79.37005259840997
79.37005259840997
79.37005259840997
79.829838635665
79.829838635665
80.29228818633764
80.29228818633764
80.7574166800042
81.22523963562355
74.0548776143282
73.62835290502629
0.0
0.0
0.0
0.0
0.0
0.0
0.0
0.0
0.0
0.0
0.0
0.0
0.0
0.0
0.0
0.0
0.0
0.0
0.0
0.0
0.0
0.0
0.0
0.0
0.0
0.0
0.0
0.0
0.0
0.0
0.0
0.0
0.0
56.775221453543864
57.434917749851756
57.10411696553857
57.10411696553857
58.10227934789198
56.448220240306554
56.12310241546865
56.12310241546865
55.79985713151117
55.47847360339225
56.12310241546865
57.10411696553857
56.775221453543864
58.10227934789198
58.10227934789198
54.52538663326288
53.899109152142756
0.0
0.0
0.0
0.0
0.0
0.0
0.0
0.0
0.0
0.0
0.0
0.0
0.0
0.0
0.0
0.0
0.0
0.0
0.0
0.0
0.0
0.0
0.0
0.0
0.0
0.0
0.0
0.0
0.0
0.0
0.0
0.0
0.0
0.0
0.0
0.0
0.0
0.0
0.0
0.0
0.0
0.0
0.0
0.0
0.0
0.0
0.0
0.0
0.0
0.0
0.0
0.0
0.0
0.0
0.0
0.0
0.0
0.0
0.0
0.0
0.0
0.0
0.0
0.0
0.0
0.0
0.0
0.0
0.0
0.0
0.0
0.0
0.0
0.0
0.0
0.0
0.0
0.0
0.0
0.0
0.0
0.0
0.0
0.0
0.0
0.0
0.0
0.0
0.0
0.0
0.0
0.0
0.0
0.0
0.0
0.0
0.0
0.0
0.0
0.0
0.0
0.0
0.0
0.0
0.0
0.0
0.0
