0.0
0.0
0.0
0.0
0.0
0.0
0.0
0.0
0.0
0.0
0.0
0.0
0.0
0.0
0.0
0.0
0.0
0.0
0.0
0.0
0.0
0.0
0.0
0.0
0.0
0.0
0.0
0.0
0.0
0.0
0.0
0.0
0.0
0.0
0.0
0.0
0.0
0.0
0.0
0.0
0.0
0.0
0.0
0.0
0.0
0.0
0.0
0.0
0.0
0.0
0.0
0.0
0.0
0.0
0.0
0.0
0.0
0.0
0.0
0.0
0.0
0.0
0.0
0.0
0.0
0.0
0.0
0.0
0.0
0.0
0.0
0.0
0.0
0.0
0.0
0.0
0.0
0.0
0.0
0.0
0.0
0.0
0.0
0.0
0.0
0.0
0.0
0.0
0.0
0.0
0.0
0.0
0.0
0.0
0.0
0.0
0.0
0.0
0.0
0.0
0.0
0.0
0.0
0.0
0.0
0.0
0.0
0.0
0.0
0.0
0.0
0.0
0.0
0.0
0.0
0.0
0.0
0.0
0.0
0.0
0.0
0.0
0.0
0.0
0.0
0.0
0.0
0.0
0.0
0.0
0.0
0.0
0.0
0.0
0.0
0.0
0.0
0.0
0.0
0.0
0.0
0.0
0.0
0.0
0.0
0.0
0.0
0.0
0.0
0.0
0.0
0.0
0.0
0.0
0.0
0.0
0.0
0.0
0.0
0.0
0.0
0.0
0.0
0.0
0.0
0.0
0.0
0.0
0.0
0.0
0.0
0.0
0.0
0.0
0.0
0.0
0.0
0.0
0.0
0.0
0.0
0.0
0.0
0.0
0.0
50.0
50.87398460513432
50.87398460513432
50.87398460513432
50.0
50.0
50.0
50.0
52.364706141031334
51.76324619206888
51.76324619206888
51.76324619206888
0.0
0.0
0.0
0.0
0.0
0.0
0.0
0.0
0.0
0.0
0.0
0.0
0.0
0.0
0.0
0.0
0.0
0.0
0.0
0.0
0.0
0.0
0.0
0.0
0.0
0.0
0.0
0.0
0.0
0.0
0.0
0.0
0.0
0.0
0.0
0.0
0.0
0.0
0.0
0.0
0.0
0.0
0.0
0.0
0.0
0.0
0.0
0.0
0.0
0.0
0.0
0.0
0.0
0.0
0.0
0.0
0.0
0.0
0.0
0.0
0.0
0.0
0.0
0.0
0.0
0.0
0.0
0.0
0.0
0.0
0.0
0.0
0.0
0.0
0.0
0.0
0.0
0.0
0.0
0.0
0.0
0.0
0.0
0.0
0.0
0.0
0.0
132.71517423385683
131.19081044374488
131.19081044374488
130.43520697655643
130.43520697655643
129.68395546510095
128.9370308439579
128.9370308439579
127.45606273192622
126.72196982870621
124.5449622358823
120.30250360821167
113.55044290708773
107.79821830428551
112.2462048309373
0.0
0.0
0.0
0.0
131.19081044374488
129.68395546510095
129.68395546510095
129.68395546510095
129.68395546510095
129.68395546510095
129.68395546510095
130.43520697655643
131.9507910772894
133.48398541700342
135.034994616819
136.60402567543954
138.99182198423372
140.60682916223496
143.06459324352582
145.56531828421873
147.25670581005258
148.96774631227024
151.57165665103983
153.33283446696007
153.33283446696007
152.4497023255762
149.83070768766817
145.56531828421873
142.24060181972814
138.1912879967776
136.60402567543954
133.48398541700342
125.99210498948732
125.26644386241279
125.26644386241279
125.26644386241279
125.99210498948732
126.72196982870621
126.72196982870621
127.45606273192622
127.45606273192622
126.72196982870621
125.99210498948732
125.99210498948732
124.5449622358823
119.60961217374037
116.87772485612456
0.0
0.0
0.0
0.0
0.0
0.0
0.0
0.0
0.0
0.0
0.0
0.0
0.0
0.0
0.0
0.0
0.0
0.0
0.0
0.0
119.60961217374037
118.23577860271482
117.55479062836088
116.20455869578394
115.5352696872273
114.20823393107715
113.55044290708773
112.89644048061314
112.2462048309373
111.59971426302234
111.59971426302234
111.59971426302234
111.59971426302234
114.86983549970348
115.5352696872273
118.23577860271482
118.9207115002721
119.60961217374037
120.99940892192926
122.40535433046553
123.11444133449163
124.5449622358823
125.99210498948732
125.99210498948732
134.25725027802636
134.25725027802636
134.25725027802636
134.25725027802636
0.0
0.0
0.0
0.0
0.0
0.0
0.0
0.0
0.0
0.0
0.0
0.0
0.0
0.0
0.0
0.0
0.0
0.0
0.0
108.42268703014184
107.79821830428551
107.79821830428551
107.79821830428551
107.17734625362931
107.17734625362931
107.17734625362931
107.79821830428551
107.79821830428551
107.79821830428551
108.42268703014184
108.42268703014184
110.31788221637464
110.95694720678449
111.59971426302234
112.2462048309373
113.55044290708773
114.20823393107715
114.86983549970348
115.5352696872273
116.20455869578394
116.20455869578394
116.20455869578394
116.20455869578394
115.5352696872273
115.5352696872273
116.20455869578394
116.20455869578394
118.9207115002721
0.0
0.0
0.0
0.0
0.0
0.0
0.0
0.0
0.0
0.0
0.0
0.0
0.0
0.0
0.0
0.0
0.0
0.0
0.0
0.0
0.0
0.0
0.0
0.0
0.0
0.0
0.0
0.0
0.0
0.0
0.0
0.0
0.0
0.0
0.0
0.0
0.0
0.0
0.0
120.30250360821167
118.9207115002721
117.55479062836088
116.20455869578394
115.5352696872273
112.89644048061314
111.59971426302234
110.31788221637464
102.3373891996775
100.57929410678534
0.0
0.0
0.0
0.0
0.0
0.0
0.0
0.0
0.0
121.7003513670591
114.86983549970348
114.86983549970348
114.20823393107715
114.20823393107715
113.55044290708773
114.20823393107715
113.55044290708773
112.89644048061314
111.59971426302234
110.95694720678449
110.95694720678449
107.79821830428551
107.17734625362931
105.94630943592954
110.31788221637464
112.89644048061314
114.86983549970348
116.20455869578394
116.20455869578394
116.20455869578394
116.87772485612456
116.20455869578394
116.20455869578394
114.86983549970348
114.20823393107715
114.86983549970348
117.55479062836088
120.30250360821167
121.7003513670591
122.40535433046553
123.82763603774404
123.82763603774404
124.5449622358823
123.82763603774404
122.40535433046553
118.23577860271482
0.0
0.0
0.0
0.0
0.0
0.0
0.0
0.0
0.0
0.0
0.0
0.0
0.0
0.0
0.0
0.0
0.0
0.0
0.0
0.0
0.0
0.0
0.0
0.0
0.0
0.0
0.0
0.0
0.0
0.0
0.0
0.0
0.0
0.0
0.0
0.0
0.0
0.0
0.0
0.0
0.0
0.0
0.0
0.0
0.0
0.0
0.0
0.0
0.0
0.0
0.0
0.0
0.0
0.0
0.0
0.0
0.0
0.0
0.0
0.0
0.0
0.0
0.0
0.0
0.0
0.0
0.0
0.0
0.0
0.0
0.0
0.0
0.0
0.0
0.0
0.0
0.0
0.0
0.0
0.0
0.0
0.0
0.0
0.0
0.0
0.0
0.0
0.0
0.0
0.0
0.0
0.0
0.0
0.0
0.0
0.0
0.0
0.0
0.0
0.0
0.0
0.0
0.0
0.0
0.0
0.0
0.0
0.0
0.0
0.0
0.0
0.0
0.0
0.0
0.0
0.0
0.0
0.0
0.0
