0.0
0.0
50.0
50.0
50.0
50.0
54.52538663326288
50.87398460513432
50.87398460513432
50.87398460513432
50.87398460513432
52.063107626740326
0.0
0.0
0.0
0.0
0.0
0.0
0.0
0.0
0.0
0.0
0.0
0.0
0.0
0.0
0.0
0.0
0.0
0.0
0.0
0.0
0.0
0.0
0.0
0.0
0.0
0.0
0.0
0.0
0.0
0.0
0.0
0.0
0.0
0.0
0.0
0.0
0.0
0.0
0.0
0.0
0.0
0.0
0.0
0.0
0.0
0.0
0.0
0.0
0.0
0.0
0.0
0.0
0.0
0.0
0.0
0.0
0.0
0.0
0.0
0.0
0.0
0.0
0.0
0.0
0.0
0.0
0.0
0.0
0.0
0.0
0.0
0.0
0.0
0.0
0.0
0.0
0.0
0.0
0.0
0.0
0.0
0.0
0.0
0.0
0.0
0.0
0.0
0.0
0.0
0.0
0.0
0.0
0.0
0.0
0.0
0.0
0.0
0.0
0.0
0.0
0.0
0.0
0.0
0.0
0.0
0.0
0.0
0.0
0.0
0.0
0.0
0.0
0.0
0.0
0.0
0.0
0.0
0.0
0.0
0.0
0.0
0.0
0.0
0.0
0.0
0.0
0.0
0.0
0.0
0.0
0.0
0.0
0.0
0.0
0.0
0.0
0.0
0.0
0.0
0.0
0.0
0.0
0.0
0.0
0.0
0.0
0.0
0.0
0.0
50.0
50.0
50.0
50.0
50.0
51.76324619206888
51.76324619206888
50.87398460513432
50.87398460513432
50.87398460513432
50.0
50.58097201509612
50.58097201509612
50.87398460513432
52.66805179774179
52.66805179774179
52.97315471796477
52.364706141031334
51.16869459983875
51.16869459983875
51.16869459983875
0.0
0.0
0.0
0.0
0.0
0.0
0.0
0.0
0.0
0.0
0.0
0.0
0.0
0.0
0.0
0.0
0.0
0.0
0.0
0.0
0.0
0.0
0.0
0.0
0.0
0.0
0.0
0.0
0.0
0.0
0.0
0.0
0.0
0.0
0.0
0.0
0.0
0.0
0.0
0.0
0.0
0.0
0.0
0.0
0.0
0.0
0.0
0.0
0.0
0.0
0.0
0.0
0.0
0.0
0.0
0.0
0.0
0.0
0.0
0.0
0.0
0.0
0.0
0.0
0.0
0.0
0.0
0.0
0.0
0.0
0.0
0.0
0.0
0.0
0.0
0.0
0.0
0.0
0.0
0.0
0.0
0.0
0.0
0.0
0.0
0.0
0.0
0.0
0.0
0.0
0.0
0.0
0.0
0.0
0.0
0.0
0.0
0.0
0.0
0.0
0.0
0.0
0.0
0.0
0.0
0.0
0.0
0.0
0.0
0.0
0.0
0.0
0.0
0.0
0.0
0.0
0.0
0.0
0.0
0.0
0.0
0.0
0.0
0.0
0.0
0.0
0.0
0.0
0.0
0.0
0.0
0.0
0.0
0.0
0.0
0.0
0.0
0.0
0.0
0.0
0.0
0.0
0.0
0.0
0.0
0.0
0.0
0.0
0.0
0.0
0.0
0.0
0.0
0.0
0.0
0.0
110.95694720678449
108.42268703014184
108.42268703014184
107.79821830428551
107.79821830428551
107.17734625362931
105.33610359548358
105.33610359548358
105.94630943592954
105.94630943592954
105.94630943592954
107.17734625362931
107.79821830428551
109.68249796946259
111.59971426302234
115.5352696872273
128.9370308439579
131.19081044374488
131.9507910772894
132.71517423385683
133.48398541700342
135.81724438273213
138.99182198423372
143.893358001082
154.22108254079407
0.0
0.0
0.0
0.0
0.0
0.0
0.0
0.0
0.0
0.0
0.0
152.4497023255762
150.69866814745757
149.83070768766817
149.83070768766817
149.83070768766817
141.4213562373095
135.034994616819
141.4213562373095
0.0
0.0
0.0
0.0
0.0
0.0
0.0
0.0
0.0
0.0
158.74010519681997
150.69866814745757
147.25670581005258
146.40856959456255
146.40856959456255
143.893358001082
138.1912879967776
129.68395546510095
128.9370308439579
128.1944081920729
125.99210498948732
120.30250360821167
116.87772485612456
114.86983549970348
112.2462048309373
113.55044290708773
0.0
0.0
0.0
0.0
0.0
0.0
0.0
0.0
0.0
0.0
0.0
0.0
0.0
0.0
0.0
0.0
0.0
130.43520697655643
128.1944081920729
128.1944081920729
128.9370308439579
128.9370308439579
128.9370308439579
129.68395546510095
128.9370308439579
128.9370308439579
127.45606273192622
123.82763603774404
120.30250360821167
0.0
0.0
0.0
0.0
0.0
0.0
97.71599684342459
96.03729450510042
94.38743126816934
93.30329915368074
92.76591169413095
91.70040432046711
91.17224885582168
89.60596419119524
87.05505632961241
87.05505632961241
87.55936114058852
87.55936114058852
87.55936114058852
87.55936114058852
86.55365610061429
86.55365610061429
0.0
0.0
0.0
0.0
0.0
90.64713534281104
91.17224885582168
92.23161935859392
93.30329915368074
94.38743126816934
97.15319411536059
98.85140203528961
99.42404238175475
99.42404238175475
100.0
100.0
99.42404238175475
99.42404238175475
98.85140203528961
98.2820598545251
92.23161935859392
96.03729450510042
0.0
0.0
0.0
0.0
0.0
0.0
0.0
0.0
0.0
0.0
0.0
110.31788221637464
109.68249796946259
107.79821830428551
105.94630943592954
103.52649238413775
101.74796921026864
100.0
98.85140203528961
98.2820598545251
97.71599684342459
97.71599684342459
97.15319411536059
97.15319411536059
96.59363289248455
96.59363289248455
96.03729450510042
95.48416039104166
94.38743126816934
92.23161935859392
89.08987181403393
86.55365610061429
87.05505632961241
85.55950256826023
0.0
0.0
0.0
0.0
0.0
0.0
0.0
0.0
0.0
0.0
0.0
0.0
0.0
0.0
0.0
0.0
0.0
0.0
0.0
0.0
0.0
0.0
0.0
0.0
0.0
0.0
0.0
0.0
0.0
0.0
0.0
0.0
0.0
0.0
0.0
0.0
0.0
0.0
0.0
0.0
0.0
0.0
0.0
0.0
0.0
0.0
0.0
0.0
0.0
0.0
0.0
0.0
0.0
0.0
0.0
0.0
0.0
0.0
0.0
50.0
53.588673126814655
53.588673126814655
53.588673126814655
53.588673126814655
53.588673126814655
53.588673126814655
53.588673126814655
52.364706141031334
51.46511183217461
51.46511183217461
51.76324619206888
0.0
0.0
0.0
0.0
0.0
0.0
0.0
0.0
0.0
0.0
0.0
0.0
0.0
0.0
0.0
0.0
0.0
0.0
0.0
0.0
0.0
0.0
0.0
0.0
0.0
0.0
0.0
0.0
0.0
0.0
0.0
0.0
0.0
0.0
0.0
0.0
0.0
0.0
0.0
0.0
0.0
0.0
0.0
0.0
0.0
0.0
0.0
0.0
0.0
0.0
0.0
0.0
0.0
0.0
0.0
0.0
0.0
0.0
0.0
0.0
0.0
0.0
0.0
0.0
0.0
0.0
0.0
0.0
0.0
