0.0
0.0
0.0
0.0
0.0
0.0
0.0
0.0
0.0
0.0
0.0
0.0
0.0
0.0
0.0
0.0
0.0
0.0
0.0
0.0
0.0
0.0
0.0
0.0
0.0
0.0
0.0
0.0
0.0
0.0
0.0
0.0
0.0
0.0
0.0
0.0
0.0
0.0
0.0
0.0
0.0
0.0
0.0
0.0
0.0
0.0
0.0
0.0
0.0
0.0
0.0
0.0
0.0
0.0
0.0
0.0
0.0
0.0
0.0
0.0
0.0
0.0
0.0
0.0
0.0
0.0
0.0
0.0
0.0
0.0
0.0
0.0
0.0
0.0
0.0
0.0
0.0
0.0
0.0
0.0
0.0
0.0
0.0
0.0
0.0
0.0
0.0
0.0
0.0
0.0
0.0
0.0
0.0
0.0
0.0
0.0
0.0
0.0
0.0
0.0
0.0
0.0
0.0
0.0
0.0
0.0
0.0
0.0
0.0
0.0
0.0
0.0
0.0
0.0
0.0
0.0
0.0
0.0
0.0
0.0
0.0
0.0
0.0
0.0
0.0
0.0
0.0
0.0
0.0
0.0
0.0
0.0
0.0
0.0
0.0
0.0
0.0
0.0
0.0
0.0
0.0
0.0
0.0
0.0
0.0
0.0
0.0
0.0
0.0
0.0
0.0
0.0
0.0
0.0
0.0
0.0
0.0
0.0
0.0
0.0
0.0
0.0
0.0
0.0
0.0
0.0
0.0
0.0
0.0
0.0
0.0
0.0
0.0
0.0
0.0
0.0
0.0
0.0
0.0
0.0
0.0
0.0
0.0
0.0
0.0
0.0
0.0
0.0
0.0
0.0
0.0
0.0
0.0
0.0
0.0
0.0
0.0
0.0
0.0
0.0
0.0
0.0
0.0
0.0
0.0
0.0
0.0
0.0
0.0
0.0
0.0
0.0
0.0
0.0
0.0
0.0
0.0
0.0
0.0
0.0
0.0
0.0
0.0
0.0
0.0
0.0
0.0
0.0
0.0
0.0
0.0
0.0
0.0
0.0
0.0
0.0
0.0
0.0
0.0
0.0
0.0
0.0
0.0
0.0
0.0
0.0
0.0
0.0
0.0
0.0
0.0
0.0
0.0
0.0
0.0
0.0
0.0
0.0
0.0
0.0
0.0
0.0
0.0
0.0
0.0
0.0
0.0
0.0
0.0
0.0
0.0
0.0
0.0
0.0
0.0
0.0
0.0
0.0
0.0
0.0
0.0
0.0
0.0
0.0
0.0
0.0
0.0
0.0
0.0
0.0
0.0
0.0
0.0
0.0
0.0
0.0
0.0
211.89261887185907
214.35469250725862
211.89261887185907
210.67220719096719
210.67220719096719
210.67220719096719
205.86044732869837
202.3238880603845
0.0
0.0
0.0
0.0
0.0
0.0
0.0
0.0
0.0
0.0
0.0
193.1872657849691
188.7748625363387
185.5318233882619
184.46323871718783
184.46323871718783
183.40080864093423
180.25009252216606
172.11028744886602
172.11028744886602
0.0
0.0
0.0
0.0
0.0
0.0
186.60659830736148
184.46323871718783
180.25009252216606
177.1535038204721
176.1331747192297
174.11011265922482
173.1073122012286
171.11900513652043
167.2106416577019
163.39154532410998
164.33806291715806
164.33806291715806
164.33806291715806
0.0
188.7748625363387
187.68759933422865
192.07458901020084
194.30638823072118
196.56411970905023
197.70280407057922
200.0
214.35469250725862
216.8453740602837
219.36499593892518
221.91389441356898
223.1994285260446
223.1994285260446
221.91389441356898
220.63576443274928
219.36499593892518
216.8453740602837
207.05298476827548
196.56411970905023
193.1872657849691
184.46323871718783
183.40080864093423
181.29427068562208
180.25009252216606
180.25009252216606
180.25009252216606
180.25009252216606
181.29427068562208
182.34449771164336
182.34449771164336
175.11872228117704
175.11872228117704
175.11872228117704
0.0
0.0
0.0
0.0
0.0
0.0
0.0
0.0
0.0
0.0
0.0
0.0
0.0
0.0
0.0
0.0
196.56411970905023
184.46323871718783
182.34449771164336
181.29427068562208
181.29427068562208
177.1535038204721
176.1331747192297
176.1331747192297
177.1535038204721
180.25009252216606
182.34449771164336
185.5318233882619
192.07458901020084
192.07458901020084
192.07458901020084
193.1872657849691
192.07458901020084
190.9683207820833
190.9683207820833
186.60659830736148
182.34449771164336
183.40080864093423
0.0
0.0
0.0
0.0
0.0
185.5318233882619
184.46323871718783
182.34449771164336
180.25009252216606
180.25009252216606
179.21192838239048
180.25009252216606
182.34449771164336
185.5318233882619
188.7748625363387
192.07458901020084
195.43199368684918
200.0
203.49593842053727
207.05298476827548
209.4588245641254
208.25243050696125
0.0
0.0
0.0
0.0
0.0
152.4497023255762
145.56531828421873
148.1097552286564
150.69866814745757
151.57165665103983
156.0130452026747
158.74010519681997
165.29006363084235
162.4504792712471
162.4504792712471
171.11900513652043
0.0
0.0
0.0
0.0
0.0
0.0
0.0
0.0
0.0
0.0
0.0
0.0
0.0
0.0
0.0
185.5318233882619
188.7748625363387
189.86842419010387
189.86842419010387
189.86842419010387
189.86842419010387
189.86842419010387
189.86842419010387
189.86842419010387
190.9683207820833
192.07458901020084
193.1872657849691
195.43199368684918
196.56411970905023
198.8480847635095
200.0
200.0
200.0
200.0
198.8480847635095
198.8480847635095
198.8480847635095
198.8480847635095
198.8480847635095
198.8480847635095
198.8480847635095
197.70280407057922
197.70280407057922
197.70280407057922
197.70280407057922
198.8480847635095
198.8480847635095
201.15858821357068
202.3238880603845
203.49593842053727
204.67477839935495
207.05298476827548
209.4588245641254
210.67220719096719
213.12010032569688
215.59643660857103
216.8453740602837
219.36499593892518
221.91389441356898
224.49240966187455
227.10088581417543
229.73967099940702
231.07053937445463
236.47155720542963
240.60500721642333
241.99881784385852
265.4303484677136
251.98420997897463
0.0
0.0
0.0
0.0
0.0
0.0
0.0
209.4588245641254
205.86044732869837
203.49593842053727
202.3238880603845
201.15858821357068
201.15858821357068
200.0
198.8480847635095
208.25243050696125
0.0
0.0
0.0
0.0
0.0
196.56411970905023
197.70280407057922
197.70280407057922
194.30638823072118
194.30638823072118
184.46323871718783
183.40080864093423
181.29427068562208
172.11028744886602
171.11900513652043
162.4504792712471
161.5148333600084
153.33283446696007
151.57165665103983
147.25670581005258
146.40856959456255
146.40856959456255
144.7269237440378
0.0
0.0
0.0
0.0
0.0
0.0
0.0
0.0
0.0
0.0
0.0
0.0
0.0
0.0
0.0
0.0
0.0
0.0
0.0
0.0
0.0
0.0
0.0
0.0
0.0
0.0
0.0
0.0
0.0
0.0
0.0
0.0
0.0
0.0
0.0
0.0
0.0
0.0
0.0
0.0
0.0
0.0
0.0
0.0
0.0
0.0
0.0
0.0
0.0
0.0
0.0
0.0
0.0
0.0
0.0
0.0
0.0
0.0
0.0
0.0
0.0
0.0
0.0
0.0
0.0
0.0
0.0
0.0
0.0
0.0
0.0
0.0
0.0
0.0
0.0
0.0
0.0
0.0
0.0
0.0
0.0
0.0
0.0
0.0
0.0
0.0
0.0
0.0
0.0
0.0
0.0
0.0
0.0
0.0
0.0
0.0
0.0
0.0
0.0
0.0
0.0
0.0
0.0
0.0
0.0
0.0
0.0
0.0
0.0
0.0
0.0
0.0
0.0
0.0
0.0
0.0
0.0
0.0
0.0
0.0
0.0
0.0
0.0
0.0
0.0
0.0
0.0
0.0
0.0
0.0
0.0
0.0
0.0
0.0
0.0
0.0
0.0
0.0
0.0
0.0
0.0
0.0
50.0
50.0
50.0
50.0
50.28964705339267
50.28964705339267
50.28964705339267
51.46511183217461
0.0
0.0
0.0
0.0
0.0
0.0
0.0
0.0
0.0
0.0
0.0
0.0
0.0
0.0
0.0
0.0
0.0
0.0
0.0
0.0
0.0
