0.0
0.0
0.0
0.0
0.0
0.0
0.0
0.0
0.0
0.0
0.0
0.0
0.0
0.0
0.0
0.0
0.0
0.0
0.0
0.0
0.0
0.0
0.0
0.0
0.0
0.0
0.0
0.0
0.0
0.0
0.0
0.0
0.0
0.0
0.0
0.0
0.0
0.0
0.0
0.0
0.0
0.0
0.0
0.0
0.0
0.0
0.0
0.0
0.0
0.0
0.0
0.0
0.0
0.0
50.58097201509612
51.16869459983875
50.58097201509612
52.66805179774179
52.66805179774179
51.46511183217461
50.0
50.0
50.0
50.0
0.0
0.0
0.0
0.0
0.0
0.0
0.0
0.0
0.0
0.0
0.0
0.0
0.0
0.0
0.0
0.0
0.0
0.0
0.0
0.0
0.0
0.0
0.0
0.0
0.0
0.0
0.0
0.0
0.0
0.0
0.0
0.0
0.0
0.0
0.0
0.0
0.0
0.0
0.0
0.0
0.0
0.0
0.0
0.0
0.0
0.0
0.0
0.0
0.0
0.0
0.0
0.0
50.28964705339267
50.28964705339267
52.66805179774179
50.28964705339267
52.66805179774179
52.66805179774179
52.66805179774179
51.16869459983875
52.66805179774179
52.66805179774179
53.588673126814655
53.588673126814655
50.0
52.97315471796477
50.28964705339267
52.364706141031334
0.0
0.0
0.0
0.0
50.0
50.0
50.0
50.0
50.0
50.0
50.0
50.0
0.0
0.0
0.0
0.0
0.0
0.0
0.0
0.0
0.0
0.0
0.0
0.0
0.0
0.0
0.0
0.0
0.0
0.0
0.0
0.0
0.0
0.0
0.0
0.0
0.0
0.0
0.0
0.0
0.0
0.0
0.0
0.0
0.0
0.0
0.0
0.0
0.0
0.0
0.0
0.0
0.0
0.0
0.0
0.0
0.0
0.0
0.0
0.0
0.0
0.0
0.0
0.0
0.0
0.0
0.0
0.0
0.0
0.0
0.0
0.0
0.0
50.0
50.0
50.0
50.0
50.28964705339267
51.16869459983875
52.364706141031334
50.58097201509612
50.87398460513432
0.0
0.0
0.0
0.0
0.0
0.0
0.0
0.0
0.0
50.0
50.0
50.0
50.0
50.0
53.280025081424206
53.280025081424206
53.280025081424206
53.280025081424206
53.280025081424206
0.0
0.0
0.0
0.0
0.0
0.0
0.0
0.0
0.0
0.0
0.0
0.0
0.0
0.0
0.0
0.0
0.0
0.0
0.0
0.0
0.0
0.0
0.0
0.0
0.0
0.0
0.0
0.0
0.0
0.0
0.0
0.0
0.0
0.0
0.0
0.0
0.0
0.0
0.0
0.0
0.0
0.0
0.0
0.0
0.0
0.0
0.0
0.0
0.0
0.0
0.0
0.0
0.0
0.0
0.0
0.0
118.9207115002721
116.87772485612456
115.5352696872273
114.20823393107715
113.55044290708773
114.20823393107715
114.20823393107715
114.86983549970348
116.20455869578394
116.87772485612456
118.23577860271482
118.9207115002721
118.9207115002721
118.9207115002721
118.9207115002721
118.9207115002721
118.9207115002721
123.11444133449163
132.71517423385683
140.60682916223496
0.0
136.60402567543954
135.81724438273213
135.034994616819
133.48398541700342
132.71517423385683
131.9507910772894
131.19081044374488
131.19081044374488
129.68395546510095
129.68395546510095
129.68395546510095
128.1944081920729
127.45606273192622
126.72196982870621
125.26644386241279
122.40535433046553
0.0
0.0
0.0
0.0
0.0
0.0
0.0
0.0
0.0
0.0
0.0
0.0
114.20823393107715
114.20823393107715
114.20823393107715
113.55044290708773
114.20823393107715
113.55044290708773
113.55044290708773
113.55044290708773
113.55044290708773
113.55044290708773
113.55044290708773
113.55044290708773
112.89644048061314
112.2462048309373
110.31788221637464
106.56005016284841
110.95694720678449
109.05077326652577
107.79821830428551
106.56005016284841
106.56005016284841
118.23577860271482
107.79821830428551
107.17734625362931
107.17734625362931
107.17734625362931
106.56005016284841
106.56005016284841
105.94630943592954
105.33610359548358
105.33610359548358
103.52649238413775
0.0
0.0
0.0
0.0
0.0
0.0
0.0
0.0
0.0
0.0
0.0
0.0
0.0
0.0
0.0
0.0
0.0
118.23577860271482
117.55479062836088
117.55479062836088
116.87772485612456
116.20455869578394
116.20455869578394
115.5352696872273
115.5352696872273
114.86983549970348
114.86983549970348
114.86983549970348
114.86983549970348
114.86983549970348
114.20823393107715
0.0
0.0
0.0
0.0
0.0
0.0
0.0
0.0
0.0
0.0
0.0
0.0
0.0
0.0
0.0
0.0
0.0
0.0
0.0
0.0
0.0
0.0
0.0
0.0
0.0
0.0
0.0
0.0
0.0
0.0
105.94630943592954
105.33610359548358
105.33610359548358
105.94630943592954
105.33610359548358
105.94630943592954
105.94630943592954
107.17734625362931
108.42268703014184
109.05077326652577
109.68249796946259
109.05077326652577
109.05077326652577
109.05077326652577
109.05077326652577
109.05077326652577
109.68249796946259
110.95694720678449
111.59971426302234
112.2462048309373
112.89644048061314
112.89644048061314
112.89644048061314
112.89644048061314
112.2462048309373
111.59971426302234
109.05077326652577
105.94630943592954
104.72941228206267
103.52649238413775
96.59363289248455
0.0
0.0
112.2462048309373
111.59971426302234
110.31788221637464
118.23577860271482
107.17734625362931
105.33610359548358
103.52649238413775
102.93022366434921
102.3373891996775
103.52649238413775
101.74796921026864
100.57929410678534
100.0
100.0
100.0
100.0
100.0
100.0
99.42404238175475
99.42404238175475
98.85140203528961
98.85140203528961
94.93421209505193
94.93421209505193
94.38743126816934
90.12504626108301
90.64713534281104
87.05505632961241
0.0
0.0
0.0
0.0
0.0
0.0
0.0
0.0
0.0
0.0
0.0
0.0
0.0
0.0
0.0
0.0
0.0
0.0
0.0
0.0
0.0
0.0
0.0
0.0
0.0
0.0
0.0
0.0
0.0
0.0
0.0
0.0
0.0
0.0
0.0
0.0
0.0
0.0
0.0
0.0
0.0
0.0
0.0
0.0
0.0
0.0
0.0
0.0
0.0
0.0
0.0
0.0
0.0
0.0
0.0
0.0
0.0
0.0
0.0
0.0
0.0
0.0
0.0
0.0
0.0
0.0
0.0
0.0
0.0
0.0
0.0
0.0
0.0
0.0
0.0
0.0
0.0
0.0
0.0
0.0
0.0
0.0
0.0
0.0
0.0
0.0
0.0
0.0
0.0
0.0
0.0
0.0
0.0
0.0
0.0
0.0
0.0
0.0
0.0
0.0
0.0
0.0
0.0
0.0
0.0
0.0
0.0
0.0
0.0
0.0
0.0
0.0
0.0
0.0
0.0
0.0
0.0
0.0
0.0
0.0
0.0
0.0
0.0
0.0
0.0
0.0
0.0
0.0
0.0
0.0
0.0
0.0
0.0
0.0
0.0
0.0
0.0
0.0
0.0
0.0
0.0
0.0
0.0
0.0
0.0
0.0
0.0
0.0
0.0
0.0
0.0
0.0
0.0
0.0
0.0
0.0
0.0
0.0
0.0
0.0
0.0
0.0
0.0
0.0
0.0
0.0
0.0
0.0
0.0
0.0
0.0
0.0
0.0
0.0
0.0
0.0
0.0
0.0
0.0
0.0
0.0
0.0
0.0
0.0
0.0
0.0
0.0
0.0
