0.0
0.0
0.0
0.0
0.0
0.0
0.0
0.0
0.0
0.0
0.0
0.0
0.0
0.0
0.0
0.0
0.0
0.0
0.0
0.0
0.0
0.0
0.0
0.0
0.0
0.0
0.0
0.0
0.0
0.0
0.0
0.0
0.0
0.0
0.0
0.0
0.0
0.0
0.0
0.0
0.0
0.0
0.0
0.0
0.0
0.0
0.0
0.0
0.0
0.0
0.0
0.0
0.0
0.0
0.0
0.0
0.0
0.0
0.0
0.0
0.0
0.0
0.0
0.0
0.0
0.0
0.0
0.0
0.0
0.0
0.0
0.0
0.0
0.0
0.0
0.0
0.0
0.0
0.0
0.0
0.0
0.0
0.0
0.0
0.0
0.0
0.0
0.0
0.0
0.0
0.0
0.0
0.0
0.0
0.0
0.0
0.0
0.0
0.0
0.0
0.0
0.0
0.0
0.0
0.0
0.0
0.0
0.0
0.0
0.0
0.0
0.0
0.0
0.0
0.0
0.0
0.0
0.0
0.0
0.0
0.0
0.0
0.0
0.0
0.0
0.0
0.0
0.0
0.0
0.0
0.0
0.0
0.0
0.0
0.0
0.0
0.0
0.0
0.0
0.0
0.0
0.0
0.0
0.0
0.0
0.0
0.0
0.0
0.0
0.0
0.0
0.0
0.0
0.0
0.0
0.0
0.0
0.0
0.0
0.0
0.0
0.0
0.0
0.0
0.0
0.0
0.0
0.0
0.0
0.0
0.0
0.0
0.0
0.0
0.0
0.0
0.0
0.0
0.0
0.0
0.0
0.0
0.0
0.0
0.0
0.0
0.0
0.0
0.0
0.0
0.0
0.0
0.0
0.0
0.0
0.0
0.0
0.0
0.0
0.0
0.0
0.0
0.0
0.0
0.0
0.0
0.0
0.0
0.0
0.0
0.0
0.0
0.0
0.0
0.0
0.0
0.0
0.0
0.0
0.0
0.0
0.0
0.0
0.0
0.0
0.0
0.0
0.0
0.0
0.0
0.0
0.0
0.0
0.0
0.0
0.0
0.0
0.0
0.0
0.0
0.0
0.0
0.0
0.0
0.0
0.0
0.0
0.0
0.0
0.0
0.0
0.0
0.0
0.0
0.0
0.0
0.0
0.0
0.0
0.0
0.0
0.0
0.0
0.0
0.0
0.0
0.0
0.0
0.0
0.0
0.0
0.0
0.0
0.0
0.0
0.0
0.0
0.0
0.0
0.0
0.0
0.0
0.0
0.0
0.0
0.0
0.0
0.0
0.0
0.0
0.0
0.0
0.0
0.0
0.0
282.842712474619
253.44393965741244
244.81070866093103
241.99881784385852
240.60500721642333
239.21922434748075
236.47155720542963
231.07053937445463
208.25243050696125
0.0
0.0
0.0
0.0
0.0
0.0
0.0
0.0
0.0
0.0
0.0
110.31788221637464
109.05077326652577
108.42268703014184
107.79821830428551
107.17734625362931
107.17734625362931
107.17734625362931
107.17734625362931
107.79821830428551
109.05077326652577
109.68249796946259
110.95694720678449
114.86983549970348
114.86983549970348
0.0
0.0
0.0
0.0
0.0
0.0
0.0
0.0
0.0
0.0
0.0
0.0
0.0
0.0
0.0
116.87772485612456
128.9370308439579
125.26644386241279
123.82763603774404
123.82763603774404
123.82763603774404
123.11444133449163
123.11444133449163
118.9207115002721
118.9207115002721
119.60961217374037
119.60961217374037
119.60961217374037
120.99940892192926
118.23577860271482
118.23577860271482
114.86983549970348
114.86983549970348
109.68249796946259
0.0
0.0
0.0
0.0
0.0
0.0
0.0
0.0
0.0
0.0
0.0
0.0
0.0
0.0
0.0
0.0
0.0
166.24757922855756
172.11028744886602
175.11872228117704
178.17974362806785
180.25009252216606
182.34449771164336
177.1535038204721
0.0
0.0
0.0
0.0
0.0
145.56531828421873
143.893358001082
144.7269237440378
143.893358001082
141.4213562373095
131.9507910772894
125.26644386241279
0.0
0.0
0.0
0.0
0.0
0.0
0.0
0.0
0.0
0.0
0.0
157.8258294677283
154.22108254079407
150.69866814745757
147.25670581005258
145.56531828421873
143.893358001082
143.06459324352582
142.24060181972814
142.24060181972814
143.06459324352582
143.893358001082
145.56531828421873
146.40856959456255
146.40856959456255
148.1097552286564
151.57165665103983
152.4497023255762
151.57165665103983
148.1097552286564
141.4213562373095
138.1912879967776
137.3953647458089
135.81724438273213
135.034994616819
133.48398541700342
131.9507910772894
131.19081044374488
131.19081044374488
131.19081044374488
131.19081044374488
130.43520697655643
130.43520697655643
130.43520697655643
129.68395546510095
128.9370308439579
128.1944081920729
127.45606273192622
125.99210498948732
125.99210498948732
125.99210498948732
128.1944081920729
128.1944081920729
127.45606273192622
127.45606273192622
125.99210498948732
125.26644386241279
123.82763603774404
123.82763603774404
123.11444133449163
123.11444133449163
123.11444133449163
122.40535433046553
125.99210498948732
124.5449622358823
123.82763603774404
120.99940892192926
122.40535433046553
123.11444133449163
0.0
0.0
0.0
0.0
0.0
0.0
0.0
0.0
0.0
0.0
0.0
0.0
0.0
0.0
0.0
0.0
0.0
0.0
0.0
0.0
0.0
0.0
0.0
0.0
0.0
0.0
0.0
0.0
0.0
0.0
0.0
0.0
0.0
0.0
0.0
0.0
0.0
0.0
0.0
0.0
0.0
0.0
0.0
0.0
0.0
0.0
0.0
0.0
0.0
0.0
0.0
0.0
0.0
0.0
0.0
0.0
0.0
0.0
0.0
0.0
0.0
0.0
0.0
0.0
0.0
0.0
0.0
0.0
0.0
0.0
0.0
0.0
0.0
0.0
0.0
0.0
0.0
0.0
0.0
0.0
0.0
0.0
0.0
0.0
0.0
0.0
0.0
52.063107626740326
52.063107626740326
52.063107626740326
52.97315471796477
52.063107626740326
52.97315471796477
52.063107626740326
50.58097201509612
50.0
50.0
50.58097201509612
50.28964705339267
50.58097201509612
51.16869459983875
0.0
0.0
0.0
0.0
0.0
0.0
0.0
0.0
50.0
50.87398460513432
51.16869459983875
52.364706141031334
51.76324619206888
53.899109152142756
50.87398460513432
50.87398460513432
50.58097201509612
50.58097201509612
0.0
0.0
0.0
0.0
0.0
0.0
0.0
0.0
0.0
0.0
0.0
0.0
0.0
0.0
0.0
0.0
0.0
0.0
0.0
0.0
0.0
0.0
52.66805179774179
51.16869459983875
50.87398460513432
50.28964705339267
50.87398460513432
50.87398460513432
50.0
52.97315471796477
52.364706141031334
50.28964705339267
50.0
50.28964705339267
50.0
50.28964705339267
50.28964705339267
52.364706141031334
52.364706141031334
52.364706141031334
52.364706141031334
52.364706141031334
51.16869459983875
0.0
0.0
0.0
0.0
0.0
0.0
0.0
0.0
0.0
0.0
0.0
0.0
0.0
0.0
0.0
0.0
0.0
0.0
0.0
0.0
0.0
0.0
0.0
0.0
0.0
