0.0
0.0
0.0
0.0
0.0
0.0
0.0
0.0
0.0
0.0
0.0
0.0
0.0
0.0
0.0
0.0
0.0
0.0
0.0
0.0
0.0
0.0
0.0
0.0
0.0
0.0
0.0
0.0
0.0
0.0
0.0
0.0
0.0
0.0
0.0
0.0
0.0
0.0
0.0
0.0
0.0
0.0
0.0
0.0
0.0
0.0
0.0
0.0
0.0
0.0
0.0
0.0
0.0
0.0
0.0
0.0
0.0
0.0
0.0
0.0
0.0
0.0
0.0
0.0
0.0
0.0
0.0
0.0
0.0
0.0
0.0
0.0
0.0
0.0
0.0
0.0
0.0
0.0
0.0
0.0
0.0
0.0
0.0
0.0
0.0
0.0
0.0
0.0
0.0
0.0
0.0
0.0
0.0
0.0
0.0
0.0
0.0
0.0
0.0
0.0
0.0
0.0
0.0
0.0
0.0
0.0
0.0
0.0
0.0
0.0
0.0
0.0
0.0
0.0
0.0
0.0
0.0
0.0
0.0
0.0
0.0
0.0
0.0
0.0
0.0
0.0
0.0
0.0
0.0
0.0
0.0
0.0
0.0
0.0
0.0
0.0
0.0
0.0
0.0
0.0
0.0
0.0
0.0
0.0
0.0
0.0
0.0
0.0
0.0
0.0
0.0
0.0
0.0
0.0
0.0
0.0
0.0
0.0
0.0
0.0
0.0
0.0
0.0
0.0
0.0
0.0
0.0
0.0
0.0
0.0
0.0
0.0
0.0
0.0
0.0
0.0
0.0
0.0
0.0
0.0
0.0
0.0
0.0
0.0
0.0
0.0
0.0
0.0
0.0
0.0
0.0
0.0
0.0
0.0
0.0
0.0
0.0
0.0
0.0
0.0
0.0
0.0
0.0
0.0
0.0
0.0
0.0
0.0
0.0
0.0
0.0
0.0
0.0
0.0
0.0
0.0
0.0
0.0
0.0
0.0
0.0
0.0
0.0
0.0
0.0
0.0
0.0
0.0
0.0
0.0
0.0
0.0
0.0
0.0
0.0
0.0
0.0
0.0
0.0
0.0
0.0
0.0
0.0
0.0
0.0
0.0
0.0
0.0
0.0
0.0
0.0
0.0
0.0
0.0
0.0
0.0
0.0
0.0
0.0
0.0
0.0
0.0
0.0
0.0
0.0
0.0
0.0
0.0
0.0
0.0
0.0
0.0
0.0
0.0
0.0
0.0
0.0
0.0
0.0
0.0
0.0
244.81070866093103
243.40070273411817
240.60500721642333
240.60500721642333
240.60500721642333
239.21922434748075
239.21922434748075
240.60500721642333
235.10958125672175
233.75544971224912
233.75544971224912
0.0
0.0
0.0
0.0
0.0
0.0
0.0
0.0
0.0
0.0
253.44393965741244
250.53288772482563
250.53288772482563
249.08992447176465
243.40070273411817
240.60500721642333
229.73967099940702
223.1994285260446
211.89261887185907
213.12010032569688
0.0
0.0
0.0
0.0
0.0
0.0
0.0
220.63576443274928
223.1994285260446
225.79288096122622
227.10088581417543
228.41646786215435
229.73967099940702
231.07053937445463
232.40911739156792
228.41646786215435
0.0
0.0
281.2136583244699
277.98364396846745
279.5939868358039
279.5939868358039
279.5939868358039
282.842712474619
286.12918648705164
291.13063656843747
296.2195104573129
301.3973362949152
304.8994046511524
308.44216508158814
312.0260904053494
310.2289523667469
287.786716002164
303.14331330207966
303.14331330207966
306.66566893392013
0.0
0.0
0.0
0.0
0.0
0.0
0.0
270.06998923363795
262.38162088748976
250.53288772482563
241.99881784385852
235.10958125672175
229.73967099940702
227.10088581417543
224.49240966187455
223.1994285260446
224.49240966187455
224.49240966187455
225.79288096122622
227.10088581417543
228.41646786215435
229.73967099940702
229.73967099940702
229.73967099940702
229.73967099940702
228.41646786215435
228.41646786215435
229.73967099940702
232.40911739156792
233.75544971224912
235.10958125672175
237.8414230005442
240.60500721642333
241.99881784385852
244.81070866093103
246.2288826689832
246.2288826689832
249.08992447176465
0.0
0.0
0.0
0.0
0.0
0.0
0.0
0.0
0.0
0.0
0.0
0.0
0.0
0.0
240.60500721642333
241.99881784385852
243.40070273411817
244.81070866093103
247.65527207548806
249.08992447176465
250.53288772482563
250.53288772482563
250.53288772482563
249.08992447176465
246.2288826689832
241.99881784385852
235.10958125672175
223.1994285260446
204.67477839935495
200.0
197.70280407057922
203.49593842053727
208.25243050696125
208.25243050696125
205.86044732869837
204.67477839935495
203.49593842053727
201.15858821357068
200.0
198.8480847635095
198.8480847635095
197.70280407057922
197.70280407057922
197.70280407057922
197.70280407057922
198.8480847635095
198.8480847635095
198.8480847635095
197.70280407057922
197.70280407057922
197.70280407057922
197.70280407057922
197.70280407057922
197.70280407057922
197.70280407057922
197.70280407057922
197.70280407057922
198.8480847635095
198.8480847635095
198.8480847635095
200.0
200.0
200.0
196.56411970905023
189.86842419010387
197.70280407057922
204.67477839935495
211.89261887185907
215.59643660857103
214.35469250725862
210.67220719096719
0.0
0.0
0.0
210.67220719096719
205.86044732869837
202.3238880603845
200.0
198.8480847635095
197.70280407057922
195.43199368684918
194.30638823072118
194.30638823072118
194.30638823072118
193.1872657849691
190.9683207820833
180.25009252216606
185.5318233882619
186.60659830736148
192.07458901020084
204.67477839935495
208.25243050696125
0.0
0.0
0.0
214.35469250725862
211.89261887185907
210.67220719096719
209.4588245641254
209.4588245641254
208.25243050696125
209.4588245641254
208.25243050696125
209.4588245641254
209.4588245641254
209.4588245641254
207.05298476827548
190.9683207820833
196.56411970905023
216.8453740602837
225.79288096122622
223.1994285260446
219.36499593892518
216.8453740602837
214.35469250725862
211.89261887185907
201.15858821357068
201.15858821357068
200.0
200.0
200.0
201.15858821357068
201.15858821357068
202.3238880603845
202.3238880603845
202.3238880603845
202.3238880603845
201.15858821357068
198.8480847635095
194.30638823072118
189.86842419010387
0.0
0.0
0.0
0.0
0.0
0.0
0.0
0.0
0.0
0.0
0.0
0.0
0.0
0.0
0.0
0.0
0.0
211.89261887185907
200.0
203.49593842053727
201.15858821357068
197.70280407057922
195.43199368684918
189.86842419010387
186.60659830736148
184.46323871718783
183.40080864093423
181.29427068562208
180.25009252216606
179.21192838239048
177.1535038204721
176.1331747192297
176.1331747192297
175.11872228117704
175.11872228117704
0.0
0.0
0.0
0.0
0.0
0.0
0.0
0.0
0.0
0.0
0.0
0.0
0.0
0.0
0.0
0.0
0.0
0.0
0.0
0.0
0.0
0.0
0.0
0.0
0.0
0.0
0.0
0.0
0.0
0.0
0.0
0.0
0.0
0.0
0.0
0.0
0.0
0.0
0.0
0.0
0.0
0.0
0.0
0.0
0.0
0.0
0.0
0.0
0.0
0.0
0.0
0.0
0.0
0.0
0.0
0.0
0.0
0.0
0.0
0.0
0.0
0.0
0.0
0.0
0.0
0.0
0.0
0.0
0.0
0.0
0.0
0.0
0.0
0.0
0.0
0.0
0.0
0.0
0.0
0.0
0.0
0.0
0.0
0.0
0.0
0.0
0.0
0.0
50.0
50.0
50.0
50.28964705339267
50.0
50.0
50.0
50.0
0.0
0.0
0.0
0.0
0.0
0.0
0.0
0.0
0.0
0.0
0.0
0.0
50.0
50.0
50.0
50.28964705339267
50.28964705339267
56.448220240306554
56.448220240306554
50.28964705339267
50.28964705339267
50.0
50.0
52.66805179774179
55.79985713151117
55.47847360339225
51.16869459983875
50.0
0.0
0.0
0.0
0.0
0.0
0.0
0.0
0.0
0.0
0.0
0.0
0.0
0.0
0.0
0.0
0.0
0.0
0.0
0.0
0.0
0.0
0.0
0.0
0.0
0.0
0.0
0.0
0.0
0.0
0.0
0.0
0.0
0.0
0.0
0.0
0.0
0.0
0.0
0.0
0.0
0.0
0.0
0.0
0.0
0.0
0.0
0.0
0.0
50.0
50.0
50.0
50.28964705339267
50.28964705339267
50.28964705339267
50.28964705339267
