0.0
0.0
0.0
0.0
0.0
0.0
0.0
0.0
0.0
0.0
0.0
0.0
0.0
0.0
0.0
0.0
0.0
0.0
0.0
0.0
0.0
0.0
0.0
0.0
0.0
0.0
0.0
0.0
0.0
0.0
0.0
0.0
0.0
0.0
0.0
0.0
0.0
0.0
0.0
0.0
0.0
0.0
0.0
0.0
0.0
0.0
0.0
0.0
0.0
0.0
0.0
0.0
0.0
0.0
0.0
0.0
0.0
0.0
0.0
0.0
0.0
0.0
0.0
0.0
0.0
0.0
0.0
0.0
0.0
0.0
0.0
0.0
0.0
0.0
0.0
0.0
0.0
0.0
0.0
0.0
0.0
0.0
0.0
0.0
0.0
0.0
0.0
0.0
0.0
0.0
0.0
0.0
0.0
0.0
0.0
0.0
0.0
0.0
0.0
0.0
0.0
0.0
0.0
0.0
0.0
0.0
0.0
0.0
0.0
0.0
0.0
0.0
0.0
0.0
0.0
0.0
0.0
0.0
0.0
0.0
0.0
0.0
0.0
0.0
0.0
0.0
0.0
0.0
0.0
0.0
0.0
0.0
0.0
0.0
0.0
0.0
0.0
0.0
0.0
0.0
0.0
0.0
0.0
0.0
0.0
0.0
0.0
0.0
0.0
0.0
0.0
0.0
0.0
0.0
0.0
0.0
0.0
0.0
0.0
0.0
0.0
0.0
0.0
0.0
0.0
0.0
0.0
0.0
0.0
0.0
0.0
0.0
0.0
0.0
52.063107626740326
50.87398460513432
52.063107626740326
51.76324619206888
51.76324619206888
51.76324619206888
50.0
50.0
50.87398460513432
50.87398460513432
50.87398460513432
50.0
50.0
50.0
50.28964705339267
50.0
0.0
0.0
0.0
0.0
0.0
0.0
0.0
0.0
0.0
0.0
0.0
0.0
0.0
0.0
0.0
0.0
0.0
0.0
0.0
0.0
0.0
0.0
0.0
0.0
0.0
0.0
0.0
0.0
0.0
0.0
0.0
0.0
0.0
0.0
0.0
0.0
0.0
0.0
0.0
0.0
0.0
0.0
0.0
0.0
0.0
0.0
0.0
0.0
0.0
0.0
0.0
0.0
0.0
0.0
0.0
0.0
0.0
0.0
0.0
0.0
0.0
0.0
0.0
0.0
0.0
0.0
0.0
0.0
0.0
0.0
0.0
0.0
0.0
0.0
0.0
0.0
0.0
0.0
0.0
0.0
0.0
0.0
0.0
0.0
0.0
0.0
0.0
0.0
0.0
0.0
0.0
0.0
0.0
0.0
0.0
0.0
0.0
0.0
0.0
0.0
0.0
0.0
0.0
0.0
0.0
0.0
0.0
0.0
0.0
0.0
0.0
0.0
0.0
0.0
0.0
0.0
0.0
0.0
0.0
0.0
0.0
0.0
0.0
0.0
0.0
0.0
0.0
0.0
0.0
0.0
0.0
0.0
0.0
0.0
0.0
0.0
0.0
0.0
0.0
0.0
0.0
0.0
0.0
0.0
0.0
0.0
0.0
0.0
0.0
0.0
0.0
0.0
0.0
182.34449771164336
182.34449771164336
183.40080864093423
183.40080864093423
183.40080864093423
184.46323871718783
186.60659830736148
187.68759933422865
188.7748625363387
190.9683207820833
200.0
209.4588245641254
211.89261887185907
215.59643660857103
214.35469250725862
214.35469250725862
214.35469250725862
213.12010032569688
210.67220719096719
210.67220719096719
204.67477839935495
216.8453740602837
227.10088581417543
225.79288096122622
224.49240966187455
223.1994285260446
221.91389441356898
220.63576443274928
218.10154653305153
216.8453740602837
216.8453740602837
216.8453740602837
215.59643660857103
214.35469250725862
214.35469250725862
211.89261887185907
210.67220719096719
208.25243050696125
201.15858821357068
198.8480847635095
196.56411970905023
193.1872657849691
190.9683207820833
187.68759933422865
185.5318233882619
184.46323871718783
183.40080864093423
182.34449771164336
180.25009252216606
179.21192838239048
175.11872228117704
171.11900513652043
171.11900513652043
170.13343219017113
162.4504792712471
162.4504792712471
0.0
0.0
0.0
0.0
0.0
165.29006363084235
163.39154532410998
162.4504792712471
163.39154532410998
163.39154532410998
166.24757922855756
173.1073122012286
181.29427068562208
184.46323871718783
187.68759933422865
192.07458901020084
196.56411970905023
204.67477839935495
210.67220719096719
221.91389441356898
227.10088581417543
244.81070866093103
247.65527207548806
250.53288772482563
254.91212546385245
257.8740616879158
259.3679109302019
262.38162088748976
265.4303484677136
266.96797083400685
268.51450055605267
270.06998923363795
271.6344887654643
273.20805135087915
276.38257599355524
276.38257599355524
277.98364396846745
277.98364396846745
277.98364396846745
279.5939868358039
281.2136583244699
282.842712474619
284.4812036394563
284.4812036394563
284.4812036394563
284.4812036394563
282.842712474619
274.79072949161787
0.0
0.0
0.0
0.0
0.0
0.0
0.0
0.0
0.0
279.5939868358039
253.44393965741244
246.2288826689832
241.99881784385852
239.21922434748075
236.47155720542963
235.10958125672175
231.07053937445463
227.10088581417543
220.63576443274928
215.59643660857103
208.25243050696125
202.3238880603845
195.43199368684918
192.07458901020084
188.7748625363387
185.5318233882619
183.40080864093423
181.29427068562208
178.17974362806785
177.1535038204721
175.11872228117704
172.11028744886602
170.13343219017113
168.1792830507429
165.29006363084235
163.39154532410998
161.5148333600084
159.65967727133
157.8258294677283
156.91681957935012
156.0130452026747
156.0130452026747
155.11447618337345
154.22108254079407
153.33283446696007
153.33283446696007
157.8258294677283
168.1792830507429
0.0
0.0
0.0
0.0
0.0
0.0
0.0
0.0
0.0
0.0
0.0
0.0
0.0
0.0
0.0
0.0
0.0
0.0
0.0
0.0
0.0
0.0
0.0
0.0
0.0
0.0
0.0
0.0
0.0
179.21192838239048
169.1535357262897
166.24757922855756
164.33806291715806
163.39154532410998
161.5148333600084
160.5845763726753
159.65967727133
158.74010519681997
157.8258294677283
156.91681957935012
156.0130452026747
155.11447618337345
0.0
0.0
0.0
0.0
0.0
0.0
0.0
0.0
0.0
0.0
0.0
0.0
0.0
0.0
0.0
0.0
0.0
0.0
0.0
0.0
0.0
0.0
159.65967727133
154.22108254079407
149.83070768766817
147.25670581005258
147.25670581005258
146.40856959456255
145.56531828421873
146.40856959456255
146.40856959456255
147.25670581005258
148.1097552286564
149.83070768766817
150.69866814745757
152.4497023255762
153.33283446696007
154.22108254079407
154.22108254079407
151.57165665103983
0.0
0.0
0.0
0.0
0.0
0.0
0.0
0.0
0.0
0.0
0.0
0.0
0.0
0.0
0.0
0.0
0.0
0.0
0.0
0.0
0.0
0.0
0.0
0.0
0.0
0.0
0.0
0.0
0.0
0.0
0.0
0.0
0.0
0.0
0.0
0.0
0.0
0.0
0.0
0.0
0.0
0.0
0.0
0.0
0.0
0.0
0.0
0.0
0.0
0.0
0.0
0.0
0.0
0.0
0.0
0.0
0.0
0.0
0.0
0.0
0.0
0.0
0.0
0.0
0.0
0.0
0.0
0.0
0.0
0.0
0.0
0.0
0.0
0.0
0.0
0.0
0.0
0.0
0.0
0.0
0.0
0.0
0.0
0.0
0.0
0.0
0.0
0.0
0.0
0.0
0.0
0.0
0.0
0.0
0.0
0.0
0.0
0.0
0.0
0.0
0.0
0.0
0.0
0.0
0.0
0.0
0.0
0.0
0.0
0.0
0.0
0.0
0.0
0.0
0.0
0.0
0.0
0.0
0.0
0.0
0.0
0.0
0.0
0.0
0.0
0.0
0.0
0.0
51.16869459983875
55.15894110818732
53.280025081424206
53.280025081424206
52.364706141031334
51.76324619206888
50.28964705339267
50.87398460513432
50.28964705339267
50.28964705339267
50.58097201509612
51.16869459983875
51.16869459983875
51.76324619206888
51.76324619206888
50.58097201509612
50.28964705339267
50.28964705339267
50.0
0.0
0.0
0.0
0.0
0.0
0.0
0.0
0.0
