0.0
0.0
0.0
0.0
0.0
0.0
0.0
0.0
0.0
0.0
0.0
0.0
0.0
0.0
0.0
0.0
0.0
0.0
0.0
0.0
0.0
0.0
0.0
0.0
0.0
0.0
0.0
0.0
0.0
0.0
0.0
0.0
0.0
0.0
0.0
0.0
0.0
0.0
0.0
0.0
0.0
0.0
0.0
0.0
0.0
0.0
0.0
0.0
0.0
0.0
0.0
0.0
0.0
0.0
0.0
0.0
0.0
0.0
0.0
0.0
0.0
0.0
0.0
0.0
0.0
0.0
0.0
0.0
0.0
0.0
0.0
0.0
0.0
0.0
0.0
0.0
0.0
0.0
0.0
0.0
0.0
0.0
0.0
0.0
0.0
0.0
0.0
0.0
0.0
0.0
0.0
0.0
0.0
0.0
0.0
0.0
0.0
0.0
0.0
0.0
0.0
0.0
0.0
0.0
0.0
0.0
0.0
0.0
0.0
0.0
0.0
0.0
0.0
0.0
0.0
0.0
0.0
0.0
0.0
0.0
0.0
0.0
0.0
0.0
0.0
0.0
0.0
0.0
0.0
0.0
0.0
0.0
0.0
0.0
0.0
0.0
0.0
0.0
0.0
0.0
0.0
0.0
0.0
0.0
0.0
0.0
0.0
0.0
0.0
0.0
0.0
0.0
0.0
0.0
0.0
0.0
0.0
0.0
0.0
0.0
0.0
0.0
0.0
0.0
0.0
0.0
0.0
0.0
0.0
0.0
0.0
0.0
0.0
0.0
0.0
0.0
0.0
0.0
0.0
0.0
0.0
0.0
0.0
0.0
0.0
0.0
0.0
0.0
0.0
0.0
0.0
0.0
0.0
0.0
0.0
0.0
0.0
0.0
0.0
0.0
0.0
0.0
0.0
0.0
0.0
0.0
0.0
0.0
0.0
0.0
0.0
0.0
0.0
0.0
0.0
0.0
0.0
0.0
0.0
0.0
0.0
0.0
0.0
0.0
0.0
0.0
0.0
0.0
0.0
0.0
0.0
0.0
0.0
0.0
0.0
0.0
0.0
0.0
0.0
0.0
0.0
0.0
0.0
0.0
0.0
0.0
0.0
0.0
0.0
0.0
0.0
0.0
0.0
0.0
0.0
0.0
0.0
0.0
0.0
0.0
0.0
0.0
0.0
0.0
0.0
0.0
0.0
0.0
0.0
0.0
0.0
0.0
0.0
0.0
0.0
0.0
0.0
0.0
0.0
0.0
0.0
0.0
227.10088581417543
224.49240966187455
223.1994285260446
223.1994285260446
223.1994285260446
221.91389441356898
224.49240966187455
0.0
0.0
0.0
0.0
0.0
0.0
0.0
0.0
0.0
0.0
220.63576443274928
219.36499593892518
218.10154653305153
214.35469250725862
213.12010032569688
211.89261887185907
213.12010032569688
213.12010032569688
214.35469250725862
218.10154653305153
220.63576443274928
223.1994285260446
224.49240966187455
225.79288096122622
225.79288096122622
224.49240966187455
224.49240966187455
223.1994285260446
213.12010032569688
208.25243050696125
205.86044732869837
210.67220719096719
227.10088581417543
233.75544971224912
236.47155720542963
237.8414230005442
237.8414230005442
239.21922434748075
241.99881784385852
243.40070273411817
247.65527207548806
251.98420997897463
254.91212546385245
256.3888163841458
257.8740616879158
259.3679109302019
260.87041395311286
263.9015821545788
256.3888163841458
251.98420997897463
256.3888163841458
0.0
0.0
0.0
0.0
0.0
0.0
0.0
0.0
0.0
0.0
0.0
225.79288096122622
209.4588245641254
201.15858821357068
196.56411970905023
195.43199368684918
194.30638823072118
193.1872657849691
193.1872657849691
194.30638823072118
194.30638823072118
195.43199368684918
195.43199368684918
195.43199368684918
195.43199368684918
195.43199368684918
194.30638823072118
189.86842419010387
184.46323871718783
182.34449771164336
180.25009252216606
179.21192838239048
177.1535038204721
189.86842419010387
0.0
208.25243050696125
205.86044732869837
205.86044732869837
205.86044732869837
204.67477839935495
204.67477839935495
207.05298476827548
204.67477839935495
0.0
0.0
0.0
0.0
0.0
0.0
0.0
0.0
0.0
0.0
0.0
0.0
0.0
0.0
0.0
0.0
0.0
0.0
192.07458901020084
189.86842419010387
189.86842419010387
189.86842419010387
189.86842419010387
188.7748625363387
189.86842419010387
189.86842419010387
189.86842419010387
190.9683207820833
190.9683207820833
190.9683207820833
190.9683207820833
193.1872657849691
194.30638823072118
190.9683207820833
188.7748625363387
186.60659830736148
183.40080864093423
181.29427068562208
180.25009252216606
177.1535038204721
176.1331747192297
179.21192838239048
192.07458901020084
0.0
0.0
0.0
0.0
0.0
0.0
0.0
0.0
0.0
0.0
0.0
0.0
0.0
0.0
0.0
182.34449771164336
181.29427068562208
179.21192838239048
178.17974362806785
177.1535038204721
177.1535038204721
176.1331747192297
176.1331747192297
177.1535038204721
178.17974362806785
178.17974362806785
179.21192838239048
178.17974362806785
177.1535038204721
175.11872228117704
173.1073122012286
173.1073122012286
172.11028744886602
172.11028744886602
172.11028744886602
172.11028744886602
174.11011265922482
174.11011265922482
174.11011265922482
174.11011265922482
173.1073122012286
172.11028744886602
174.11011265922482
179.21192838239048
169.1535357262897
167.2106416577019
167.2106416577019
166.24757922855756
166.24757922855756
166.24757922855756
166.24757922855756
167.2106416577019
168.1792830507429
170.13343219017113
171.11900513652043
172.11028744886602
173.1073122012286
174.11011265922482
177.1535038204721
179.21192838239048
182.34449771164336
182.34449771164336
174.11011265922482
181.29427068562208
0.0
0.0
0.0
0.0
0.0
0.0
0.0
0.0
0.0
0.0
0.0
0.0
0.0
0.0
0.0
0.0
0.0
83.60532082885095
83.12378961427878
82.64503181542116
83.12378961427878
82.64503181542116
82.64503181542116
83.12378961427878
84.08964152537145
78.91291473386416
77.55723809168673
75.34933407372878
75.34933407372878
0.0
82.64503181542116
83.12378961427878
83.60532082885095
83.60532082885095
83.60532082885095
84.08964152537145
84.08964152537145
85.06671609508557
85.55950256826023
84.57676786314485
85.06671609508557
0.0
0.0
0.0
0.0
0.0
0.0
0.0
0.0
0.0
0.0
0.0
0.0
0.0
0.0
0.0
0.0
0.0
0.0
0.0
0.0
0.0
0.0
0.0
0.0
0.0
0.0
0.0
0.0
0.0
0.0
0.0
0.0
0.0
0.0
0.0
0.0
0.0
0.0
0.0
0.0
0.0
0.0
0.0
0.0
0.0
0.0
0.0
0.0
0.0
0.0
0.0
0.0
0.0
0.0
0.0
0.0
0.0
0.0
0.0
0.0
0.0
0.0
0.0
0.0
0.0
0.0
0.0
0.0
0.0
0.0
0.0
0.0
0.0
0.0
0.0
0.0
0.0
0.0
0.0
0.0
0.0
0.0
0.0
0.0
0.0
0.0
0.0
0.0
0.0
0.0
0.0
0.0
0.0
0.0
0.0
0.0
0.0
0.0
0.0
0.0
0.0
0.0
0.0
0.0
0.0
0.0
0.0
0.0
0.0
0.0
0.0
0.0
0.0
0.0
0.0
0.0
0.0
0.0
0.0
0.0
0.0
0.0
0.0
0.0
0.0
