0.0
0.0
0.0
0.0
0.0
0.0
0.0
0.0
0.0
0.0
0.0
0.0
0.0
0.0
0.0
0.0
0.0
0.0
0.0
0.0
0.0
0.0
0.0
0.0
0.0
0.0
0.0
0.0
0.0
0.0
0.0
0.0
0.0
0.0
0.0
0.0
0.0
0.0
0.0
0.0
0.0
0.0
0.0
0.0
0.0
0.0
0.0
0.0
0.0
0.0
0.0
0.0
0.0
0.0
0.0
0.0
0.0
0.0
0.0
0.0
0.0
0.0
0.0
0.0
0.0
0.0
0.0
0.0
0.0
0.0
0.0
0.0
0.0
0.0
0.0
0.0
0.0
0.0
0.0
0.0
0.0
0.0
0.0
0.0
0.0
0.0
0.0
0.0
0.0
0.0
0.0
0.0
0.0
0.0
0.0
0.0
0.0
0.0
0.0
0.0
0.0
51.46511183217461
50.0
50.0
50.0
50.28964705339267
50.28964705339267
50.28964705339267
50.28964705339267
0.0
0.0
0.0
0.0
0.0
0.0
0.0
0.0
0.0
0.0
0.0
0.0
0.0
0.0
0.0
0.0
0.0
0.0
0.0
0.0
0.0
0.0
0.0
0.0
0.0
0.0
0.0
0.0
0.0
0.0
0.0
0.0
0.0
0.0
0.0
0.0
0.0
0.0
0.0
0.0
0.0
0.0
0.0
0.0
0.0
0.0
0.0
0.0
0.0
0.0
0.0
0.0
0.0
0.0
0.0
0.0
0.0
0.0
0.0
0.0
0.0
0.0
0.0
0.0
0.0
0.0
0.0
0.0
0.0
0.0
0.0
0.0
0.0
0.0
0.0
0.0
0.0
0.0
0.0
0.0
0.0
0.0
0.0
0.0
0.0
0.0
0.0
0.0
0.0
0.0
0.0
0.0
0.0
0.0
0.0
0.0
0.0
0.0
0.0
0.0
0.0
0.0
0.0
0.0
0.0
0.0
0.0
0.0
0.0
0.0
0.0
0.0
0.0
0.0
0.0
0.0
0.0
0.0
0.0
0.0
0.0
0.0
0.0
0.0
0.0
0.0
0.0
0.0
0.0
0.0
0.0
0.0
0.0
0.0
0.0
0.0
0.0
0.0
0.0
0.0
0.0
0.0
0.0
0.0
0.0
0.0
0.0
0.0
0.0
0.0
0.0
0.0
0.0
0.0
0.0
0.0
0.0
0.0
0.0
0.0
0.0
0.0
0.0
0.0
0.0
0.0
0.0
0.0
0.0
0.0
119.60961217374037
119.60961217374037
120.30250360821167
120.30250360821167
120.30250360821167
124.5449622358823
128.9370308439579
144.7269237440378
156.0130452026747
164.33806291715806
172.11028744886602
175.11872228117704
176.1331747192297
178.17974362806785
180.25009252216606
182.34449771164336
183.40080864093423
179.21192838239048
166.24757922855756
172.11028744886602
0.0
0.0
0.0
0.0
178.17974362806785
164.33806291715806
162.4504792712471
160.5845763726753
158.74010519681997
156.0130452026747
153.33283446696007
150.69866814745757
149.83070768766817
147.25670581005258
144.7269237440378
142.24060181972814
138.99182198423372
135.034994616819
130.43520697655643
124.5449622358823
123.11444133449163
122.40535433046553
121.7003513670591
120.30250360821167
120.30250360821167
119.60961217374037
119.60961217374037
119.60961217374037
119.60961217374037
119.60961217374037
119.60961217374037
119.60961217374037
119.60961217374037
118.9207115002721
117.55479062836088
118.9207115002721
118.23577860271482
116.87772485612456
113.55044290708773
0.0
0.0
0.0
0.0
109.68249796946259
108.42268703014184
107.79821830428551
107.79821830428551
108.42268703014184
109.68249796946259
112.2462048309373
114.20823393107715
115.5352696872273
120.30250360821167
123.11444133449163
128.1944081920729
131.19081044374488
135.81724438273213
139.79699341790194
143.06459324352582
145.56531828421873
148.1097552286564
149.83070768766817
151.57165665103983
153.33283446696007
154.22108254079407
154.22108254079407
154.22108254079407
154.22108254079407
154.22108254079407
153.33283446696007
149.83070768766817
137.3953647458089
0.0
0.0
0.0
0.0
0.0
0.0
0.0
0.0
0.0
0.0
0.0
0.0
0.0
125.26644386241279
124.5449622358823
125.26644386241279
125.26644386241279
125.99210498948732
126.72196982870621
124.5449622358823
123.11444133449163
123.11444133449163
121.7003513670591
120.99940892192926
120.99940892192926
118.9207115002721
116.87772485612456
114.86983549970348
112.89644048061314
110.95694720678449
108.42268703014184
105.33610359548358
101.74796921026864
100.0
98.85140203528961
98.2820598545251
97.15319411536059
94.93421209505193
91.70040432046711
91.17224885582168
92.76591169413095
0.0
0.0
0.0
0.0
0.0
0.0
0.0
0.0
0.0
0.0
0.0
0.0
0.0
0.0
0.0
0.0
0.0
0.0
0.0
0.0
0.0
108.42268703014184
107.17734625362931
105.94630943592954
104.12621525348065
102.3373891996775
101.74796921026864
101.16194403019225
100.57929410678534
100.0
99.42404238175475
98.2820598545251
97.15319411536059
96.59363289248455
96.59363289248455
96.59363289248455
96.03729450510042
93.30329915368074
90.64713534281104
0.0
0.0
0.0
0.0
0.0
0.0
0.0
0.0
0.0
0.0
0.0
0.0
0.0
0.0
0.0
0.0
110.95694720678449
107.79821830428551
107.17734625362931
107.17734625362931
107.17734625362931
108.42268703014184
109.05077326652577
109.68249796946259
109.68249796946259
109.68249796946259
109.68249796946259
109.68249796946259
110.31788221637464
0.0
0.0
0.0
0.0
0.0
0.0
0.0
0.0
0.0
0.0
0.0
0.0
0.0
0.0
0.0
0.0
0.0
0.0
0.0
0.0
0.0
0.0
0.0
0.0
0.0
0.0
0.0
0.0
0.0
0.0
0.0
0.0
0.0
0.0
0.0
0.0
0.0
0.0
0.0
0.0
0.0
0.0
0.0
0.0
0.0
0.0
0.0
0.0
0.0
0.0
0.0
0.0
0.0
0.0
0.0
0.0
0.0
0.0
0.0
0.0
0.0
0.0
0.0
0.0
0.0
0.0
0.0
0.0
0.0
0.0
0.0
0.0
0.0
0.0
0.0
0.0
0.0
0.0
0.0
0.0
0.0
0.0
0.0
50.0
51.16869459983875
51.46511183217461
51.16869459983875
51.16869459983875
53.280025081424206
51.16869459983875
52.97315471796477
50.28964705339267
50.28964705339267
0.0
0.0
0.0
0.0
0.0
0.0
0.0
0.0
0.0
0.0
0.0
0.0
0.0
0.0
0.0
0.0
0.0
0.0
0.0
0.0
0.0
0.0
0.0
0.0
0.0
0.0
0.0
0.0
0.0
0.0
0.0
0.0
0.0
0.0
0.0
0.0
0.0
0.0
0.0
0.0
0.0
0.0
0.0
0.0
0.0
0.0
0.0
0.0
0.0
0.0
0.0
0.0
0.0
0.0
0.0
0.0
0.0
0.0
0.0
0.0
0.0
0.0
0.0
0.0
0.0
0.0
0.0
0.0
0.0
0.0
0.0
0.0
0.0
0.0
0.0
0.0
0.0
0.0
0.0
0.0
0.0
0.0
