0.0
0.0
0.0
0.0
0.0
0.0
0.0
0.0
0.0
0.0
0.0
0.0
0.0
0.0
0.0
0.0
0.0
0.0
0.0
0.0
0.0
0.0
0.0
0.0
0.0
0.0
0.0
0.0
0.0
0.0
0.0
0.0
0.0
0.0
0.0
0.0
0.0
0.0
0.0
0.0
0.0
0.0
0.0
0.0
0.0
0.0
0.0
0.0
0.0
0.0
0.0
0.0
0.0
0.0
0.0
0.0
0.0
0.0
0.0
0.0
0.0
0.0
0.0
0.0
0.0
0.0
0.0
0.0
0.0
0.0
0.0
0.0
0.0
0.0
0.0
0.0
0.0
0.0
0.0
0.0
0.0
0.0
0.0
0.0
0.0
0.0
0.0
0.0
0.0
0.0
0.0
0.0
0.0
0.0
0.0
0.0
0.0
0.0
0.0
0.0
0.0
0.0
0.0
0.0
0.0
0.0
0.0
0.0
0.0
0.0
0.0
0.0
0.0
0.0
0.0
0.0
0.0
0.0
0.0
0.0
0.0
0.0
0.0
0.0
0.0
0.0
0.0
0.0
0.0
0.0
0.0
0.0
0.0
0.0
0.0
0.0
0.0
0.0
0.0
0.0
0.0
0.0
0.0
0.0
0.0
0.0
0.0
0.0
0.0
0.0
0.0
0.0
0.0
0.0
0.0
0.0
0.0
0.0
0.0
0.0
0.0
0.0
0.0
0.0
0.0
0.0
0.0
0.0
0.0
0.0
0.0
0.0
0.0
0.0
0.0
0.0
0.0
0.0
0.0
0.0
0.0
0.0
0.0
0.0
0.0
0.0
0.0
0.0
0.0
0.0
0.0
0.0
0.0
0.0
0.0
0.0
0.0
0.0
0.0
0.0
0.0
0.0
0.0
0.0
0.0
0.0
0.0
0.0
0.0
0.0
0.0
0.0
0.0
0.0
0.0
0.0
0.0
0.0
0.0
0.0
0.0
0.0
0.0
0.0
0.0
0.0
0.0
0.0
0.0
0.0
0.0
0.0
0.0
0.0
0.0
0.0
0.0
0.0
0.0
0.0
0.0
0.0
0.0
0.0
0.0
0.0
0.0
0.0
0.0
0.0
0.0
0.0
0.0
0.0
0.0
0.0
0.0
0.0
0.0
0.0
0.0
0.0
0.0
0.0
0.0
0.0
0.0
0.0
0.0
0.0
0.0
0.0
0.0
0.0
0.0
0.0
0.0
0.0
0.0
0.0
0.0
0.0
0.0
0.0
0.0
0.0
0.0
0.0
0.0
0.0
0.0
0.0
0.0
0.0
0.0
0.0
0.0
0.0
214.28571428571428
211.45374449339207
210.52631578947367
207.7922077922078
203.125
203.38983050847457
191.23505976095618
0.0
0.0
0.0
0.0
0.0
0.0
0.0
0.0
0.0
0.0
0.0
0.0
184.6153846153846
181.72603862973762
181.640625
181.640625
179.6875
175.82417582417582
175.82417582417582
175.1824817518248
0.0
0.0
0.0
0.0
0.0
0.0
0.0
169.921875
169.921875
169.921875
169.921875
169.921875
167.96875
166.08996539792386
166.08996539792386
163.26530612244898
163.26530612244898
163.26530612244898
165.51724137931035
165.51724137931035
165.51724137931035
186.7704280155642
181.640625
181.640625
183.59375
196.72131147540983
200.836820083682
206.00858369098714
212.38938053097345
218.1818181818182
220.1834862385321
220.1834862385321
220.1834862385321
220.1834862385321
220.1834862385321
216.21621621621622
212.38938053097345
206.00858369098714
187.5
177.734375
175.78125
175.78125
175.78125
175.78125
175.78125
175.78125
175.78125
179.1044776119403
179.1044776119403
177.77777777777777
177.77777777777777
177.77777777777777
0.0
0.0
0.0
0.0
0.0
0.0
0.0
0.0
0.0
0.0
0.0
0.0
0.0
0.0
0.0
0.0
0.0
0.0
177.77777777777777
177.77777777777777
177.77777777777777
177.77777777777777
175.82417582417582
175.82417582417582
175.82417582417582
175.82417582417582
175.82417582417582
179.1044776119403
183.59375
185.546875
187.5
187.5
187.5
187.5
185.546875
186.7704280155642
186.7704280155642
181.8181818181818
175.1824817518248
172.66187050359713
0.0
0.0
0.0
0.0
182.50950570342206
182.50950570342206
182.50950570342206
182.50950570342206
180.45112781954887
180.45112781954887
180.45112781954887
180.45112781954887
184.6153846153846
188.23529411764707
192.7710843373494
196.72131147540983
200.836820083682
200.836820083682
200.836820083682
201.68067226890756
0.0
0.0
0.0
0.0
0.0
152.38095238095238
166.078125
152.38095238095238
152.38095238095238
152.38095238095238
152.38095238095238
156.35179153094464
158.94039735099338
158.94039735099338
158.94039735099338
158.94039735099338
0.0
0.0
0.0
0.0
0.0
0.0
0.0
0.0
0.0
0.0
0.0
0.0
0.0
0.0
0.0
0.0
188.9763779527559
189.72332015810278
188.9763779527559
188.9763779527559
188.9763779527559
188.9763779527559
188.9763779527559
188.9763779527559
188.9763779527559
191.23505976095618
193.5483870967742
194.33198380566802
195.1219512195122
197.53086419753086
198.34710743801654
199.1701244813278
199.1701244813278
199.1701244813278
199.1701244813278
198.34710743801654
197.53086419753086
197.53086419753086
197.53086419753086
197.53086419753086
197.53086419753086
197.53086419753086
197.53086419753086
196.72131147540983
196.72131147540983
196.72131147540983
196.72131147540983
196.72131147540983
198.34710743801654
200.836820083682
202.53164556962025
205.12820512820514
206.00858369098714
208.69565217391303
211.45374449339207
213.33333333333334
216.21621621621622
218.1818181818182
220.1834862385321
221.19815668202764
224.29906542056074
226.41509433962264
226.41509433962264
226.41509433962264
226.41509433962264
0.0
0.0
0.0
86.02150537634408
86.02150537634408
94.86166007905139
94.86166007905139
97.3630831643002
99.79209979209979
132.8125
166.015625
201.68067226890756
201.68067226890756
201.68067226890756
201.68067226890756
200.0
200.0
200.0
200.0
0.0
0.0
0.0
0.0
0.0
0.0
0.0
0.0
195.91836734693877
195.91836734693877
194.33198380566802
189.72332015810278
182.50950570342206
176.47058823529412
171.42857142857142
167.83216783216784
164.94845360824743
160.0
155.3398058252427
151.8987341772152
148.14814814814815
145.45454545454547
143.7125748502994
142.85714285714286
103.515625
90.57528038601981
87.75137111517367
71.8562874251497
71.8562874251497
71.8562874251497
71.8562874251497
71.8562874251497
71.8562874251497
71.9640179910045
73.61963190184049
73.95993836671803
73.95993836671803
73.95993836671803
0.0
0.0
0.0
0.0
0.0
0.0
0.0
0.0
0.0
0.0
0.0
0.0
0.0
0.0
0.0
0.0
0.0
0.0
0.0
0.0
0.0
0.0
0.0
0.0
0.0
0.0
0.0
0.0
0.0
0.0
0.0
0.0
0.0
0.0
0.0
0.0
0.0
0.0
0.0
0.0
0.0
0.0
0.0
0.0
0.0
0.0
0.0
0.0
0.0
0.0
0.0
0.0
0.0
0.0
0.0
0.0
0.0
0.0
0.0
0.0
0.0
0.0
0.0
0.0
0.0
0.0
0.0
0.0
0.0
0.0
0.0
0.0
0.0
0.0
0.0
0.0
0.0
0.0
0.0
0.0
0.0
0.0
0.0
0.0
0.0
0.0
0.0
0.0
0.0
0.0
0.0
0.0
0.0
0.0
0.0
0.0
0.0
0.0
0.0
0.0
0.0
0.0
0.0
0.0
0.0
0.0
0.0
0.0
0.0
0.0
0.0
0.0
0.0
0.0
0.0
0.0
0.0
0.0
0.0
0.0
0.0
0.0
0.0
0.0
0.0
0.0
0.0
0.0
0.0
0.0
0.0
0.0
0.0
0.0
0.0
0.0
0.0
0.0
0.0
0.0
0.0
0.0
0.0
0.0
0.0
0.0
0.0
0.0
0.0
0.0
0.0
0.0
0.0
0.0
0.0
0.0
0.0
0.0
0.0
0.0
0.0
