0.0
0.0
0.0
0.0
0.0
0.0
0.0
0.0
0.0
0.0
0.0
0.0
0.0
0.0
0.0
0.0
0.0
0.0
0.0
0.0
0.0
0.0
0.0
0.0
0.0
0.0
0.0
0.0
0.0
0.0
0.0
0.0
0.0
0.0
0.0
0.0
0.0
0.0
0.0
0.0
0.0
0.0
0.0
0.0
0.0
0.0
0.0
0.0
0.0
0.0
0.0
0.0
0.0
0.0
0.0
0.0
0.0
0.0
0.0
0.0
0.0
0.0
0.0
0.0
0.0
0.0
0.0
0.0
0.0
0.0
0.0
0.0
0.0
0.0
0.0
0.0
0.0
0.0
0.0
0.0
0.0
0.0
0.0
0.0
0.0
0.0
0.0
0.0
0.0
0.0
0.0
0.0
0.0
0.0
0.0
0.0
0.0
0.0
0.0
0.0
0.0
0.0
0.0
0.0
0.0
0.0
0.0
0.0
0.0
0.0
0.0
0.0
0.0
0.0
0.0
0.0
0.0
0.0
0.0
0.0
0.0
0.0
0.0
0.0
0.0
0.0
0.0
0.0
0.0
0.0
0.0
0.0
0.0
0.0
0.0
0.0
0.0
0.0
0.0
0.0
0.0
0.0
0.0
0.0
0.0
0.0
0.0
0.0
0.0
0.0
0.0
0.0
0.0
0.0
0.0
0.0
0.0
0.0
0.0
0.0
0.0
0.0
0.0
0.0
0.0
0.0
0.0
0.0
0.0
0.0
0.0
0.0
0.0
0.0
0.0
0.0
0.0
0.0
0.0
0.0
0.0
0.0
0.0
0.0
0.0
0.0
0.0
0.0
0.0
0.0
0.0
0.0
0.0
0.0
0.0
0.0
0.0
0.0
0.0
0.0
0.0
0.0
0.0
0.0
0.0
0.0
0.0
0.0
0.0
0.0
0.0
0.0
0.0
0.0
0.0
0.0
0.0
0.0
0.0
0.0
0.0
0.0
0.0
0.0
0.0
0.0
0.0
0.0
0.0
0.0
0.0
0.0
0.0
0.0
0.0
0.0
0.0
0.0
0.0
0.0
0.0
0.0
0.0
0.0
0.0
0.0
0.0
0.0
0.0
0.0
0.0
0.0
0.0
0.0
0.0
0.0
0.0
0.0
0.0
0.0
0.0
0.0
0.0
0.0
0.0
0.0
0.0
0.0
0.0
0.0
0.0
0.0
0.0
0.0
0.0
0.0
0.0
0.0
252.6315789473684
242.42424242424244
238.80597014925374
234.375
234.375
234.375
216.796875
196.3009717987805
174.8165967987805
170.9103467987805
169.921875
169.921875
169.921875
169.921875
171.875
173.828125
175.78125
179.1044776119403
179.1044776119403
0.0
0.0
0.0
0.0
0.0
0.0
0.0
156.27617945326278
151.71674443954535
148.4375
154.34083601286173
154.34083601286173
152.38095238095238
151.8987341772152
151.8987341772152
149.06832298136646
146.78899082568807
143.7125748502994
139.53488372093022
134.45378151260505
129.03225806451613
126.3157894736842
124.35233160621762
124.35233160621762
123.07692307692308
111.328125
111.328125
111.328125
119.10669975186104
119.10669975186104
119.10669975186104
119.10669975186104
119.10669975186104
119.10669975186104
119.10669975186104
118.81188118811882
118.51851851851852
117.6470588235294
116.78832116788321
115.10791366906474
105.26315789473684
0.0
0.0
0.0
0.0
0.0
109.0909090909091
109.0909090909091
108.5972850678733
108.5972850678733
108.5972850678733
108.5972850678733
109.83981693363845
111.8881118881119
119.140625
122.69577205882352
127.828125
132.36948529411762
136.265625
138.94577205882354
140.26378676470588
140.625
142.578125
144.53125
147.4609375
149.4140625
151.3671875
152.34375
153.84615384615384
153.84615384615384
152.86624203821657
150.9433962264151
0.0
0.0
0.0
0.0
0.0
0.0
0.0
0.0
0.0
0.0
0.0
0.0
0.0
0.0
0.0
0.0
125.0
123.14427284754731
125.0
125.0
125.0
121.09375
119.140625
117.1875
117.1875
117.1875
117.1875
115.234375
113.28125
111.328125
109.375
111.11111111111111
108.35214446952595
105.0328227571116
101.69491525423729
99.79209979209979
98.76543209876543
98.76543209876543
98.76543209876543
0.0
0.0
0.0
0.0
0.0
0.0
0.0
0.0
0.0
193.27413731677524
193.34447526465797
193.359375
198.34710743801654
200.836820083682
0.0
0.0
0.0
0.0
0.0
0.0
0.0
0.0
0.0
0.0
0.0
200.0
199.21875
199.21875
197.265625
195.3125
193.359375
193.359375
193.359375
193.359375
191.40625
189.453125
187.5
187.5
187.5
187.5
187.54248046875
0.0
0.0
0.0
0.0
0.0
0.0
0.0
0.0
0.0
0.0
0.0
0.0
0.0
0.0
0.0
0.0
0.0
0.0
173.28519855595667
205.03564453125
207.03125
208.984375
210.9375
210.9375
212.890625
214.84375
216.796875
216.796875
216.796875
216.21621621621622
0.0
0.0
0.0
0.0
0.0
0.0
0.0
0.0
0.0
0.0
0.0
0.0
0.0
0.0
0.0
0.0
0.0
0.0
0.0
0.0
0.0
0.0
0.0
0.0
0.0
0.0
0.0
0.0
0.0
0.0
0.0
0.0
0.0
0.0
0.0
0.0
0.0
0.0
0.0
0.0
0.0
0.0
0.0
0.0
0.0
0.0
0.0
0.0
0.0
0.0
0.0
0.0
0.0
0.0
0.0
0.0
0.0
0.0
0.0
0.0
0.0
0.0
0.0
0.0
0.0
0.0
0.0
0.0
0.0
0.0
0.0
0.0
0.0
0.0
0.0
0.0
0.0
0.0
0.0
0.0
0.0
0.0
0.0
0.0
0.0
0.0
0.0
0.0
0.0
0.0
0.0
0.0
0.0
0.0
0.0
0.0
0.0
0.0
0.0
0.0
0.0
0.0
0.0
0.0
0.0
0.0
0.0
0.0
0.0
0.0
0.0
0.0
0.0
0.0
0.0
0.0
0.0
0.0
0.0
0.0
0.0
0.0
0.0
0.0
0.0
0.0
0.0
0.0
0.0
0.0
0.0
0.0
0.0
0.0
0.0
0.0
0.0
0.0
0.0
0.0
0.0
0.0
0.0
0.0
0.0
0.0
0.0
0.0
0.0
0.0
0.0
0.0
0.0
0.0
0.0
0.0
0.0
0.0
0.0
0.0
0.0
0.0
0.0
0.0
0.0
0.0
0.0
0.0
0.0
0.0
0.0
0.0
0.0
0.0
0.0
0.0
0.0
0.0
0.0
0.0
