0.0
0.0
0.0
0.0
0.0
0.0
0.0
0.0
0.0
0.0
0.0
0.0
0.0
0.0
0.0
0.0
0.0
0.0
0.0
0.0
0.0
0.0
0.0
0.0
0.0
0.0
0.0
0.0
0.0
0.0
0.0
0.0
0.0
0.0
0.0
0.0
0.0
0.0
0.0
0.0
0.0
0.0
0.0
0.0
0.0
0.0
0.0
0.0
0.0
0.0
0.0
0.0
0.0
0.0
0.0
0.0
0.0
0.0
0.0
0.0
0.0
0.0
0.0
0.0
0.0
0.0
0.0
0.0
0.0
0.0
0.0
0.0
0.0
0.0
0.0
0.0
0.0
0.0
0.0
0.0
0.0
0.0
0.0
0.0
0.0
0.0
0.0
0.0
0.0
0.0
0.0
0.0
0.0
0.0
0.0
0.0
0.0
0.0
0.0
0.0
0.0
0.0
0.0
0.0
0.0
0.0
0.0
0.0
0.0
0.0
0.0
0.0
0.0
0.0
0.0
0.0
0.0
0.0
0.0
0.0
0.0
0.0
0.0
0.0
0.0
0.0
0.0
0.0
0.0
0.0
0.0
0.0
0.0
0.0
0.0
0.0
0.0
0.0
0.0
0.0
0.0
0.0
0.0
0.0
0.0
0.0
0.0
0.0
0.0
0.0
0.0
0.0
0.0
0.0
0.0
0.0
0.0
0.0
0.0
0.0
0.0
0.0
0.0
0.0
0.0
0.0
0.0
0.0
0.0
0.0
0.0
0.0
0.0
0.0
0.0
0.0
0.0
0.0
0.0
0.0
0.0
0.0
0.0
0.0
0.0
0.0
0.0
0.0
0.0
0.0
0.0
0.0
0.0
0.0
0.0
0.0
0.0
0.0
0.0
0.0
0.0
0.0
0.0
0.0
0.0
0.0
0.0
0.0
0.0
0.0
0.0
0.0
0.0
0.0
0.0
0.0
0.0
0.0
0.0
0.0
0.0
0.0
0.0
0.0
0.0
0.0
0.0
0.0
0.0
0.0
0.0
0.0
0.0
0.0
0.0
0.0
0.0
0.0
0.0
0.0
0.0
0.0
0.0
0.0
0.0
0.0
0.0
0.0
0.0
0.0
0.0
0.0
0.0
0.0
0.0
0.0
0.0
0.0
0.0
0.0
0.0
0.0
0.0
0.0
148.14814814814815
148.14814814814815
140.625
140.625
141.5929203539823
141.5929203539823
141.5929203539823
0.0
0.0
0.0
0.0
0.0
0.0
0.0
0.0
0.0
0.0
0.0
181.8181818181818
192.97507957175924
193.359375
193.359375
195.3125
197.265625
195.91836734693877
185.32818532818533
0.0
0.0
0.0
0.0
0.0
0.0
248.70466321243524
243.6548223350254
234.375
240.0
237.62376237623764
233.0097087378641
227.48815165876778
177.12177121771217
176.47058823529412
174.54545454545453
0.0
0.0
143.7125748502994
116.73955752696006
110.74634308510639
106.84009308510639
105.46875
105.46875
105.46875
111.11111111111111
109.58904109589041
108.10810810810811
106.9042316258352
106.66666666666667
106.66666666666667
106.66666666666667
106.66666666666667
107.62331838565022
108.5972850678733
109.83981693363845
105.46875
105.46875
112.14953271028037
113.74407582938389
113.74407582938389
0.0
0.0
0.0
0.0
0.0
0.0
0.0
0.0
0.0
0.0
0.0
0.0
0.0
0.0
0.0
117.0354415731156
117.15617710307625
117.1875
117.1875
117.1875
115.234375
118.81188118811882
118.81188118811882
118.81188118811882
118.81188118811882
118.81188118811882
118.81188118811882
118.81188118811882
117.35941320293398
114.01425178147268
109.83981693363845
108.5972850678733
111.11111111111111
0.0
0.0
0.0
0.0
0.0
0.0
0.0
129.3800539083558
122.95589547332833
126.953125
128.0
129.3800539083558
134.765625
134.765625
136.71875
142.578125
152.34375
162.109375
167.96875
169.921875
179.1044776119403
181.1320754716981
174.54545454545453
0.0
0.0
0.0
154.34083601286173
145.45454545454547
146.484375
146.484375
141.1764705882353
141.1764705882353
136.75213675213675
126.98412698412699
0.0
0.0
0.0
0.0
0.0
0.0
0.0
0.0
0.0
0.0
0.0
0.0
0.0
134.8016953199618
134.77275018571578
134.765625
148.14814814814815
145.01510574018127
142.43323442136497
142.43323442136497
142.43323442136497
142.43323442136497
143.7125748502994
145.45454545454547
145.89665653495442
145.89665653495442
144.53125
150.0
150.0
150.0
149.53271028037383
147.23926380368098
128.90625
139.94169096209913
137.14285714285714
135.2112676056338
132.9639889196676
131.14754098360655
130.79019073569484
130.79019073569484
130.43478260869566
130.43478260869566
130.08130081300814
130.08130081300814
129.72972972972974
129.3800539083558
129.03225806451613
128.686327077748
126.64907651715039
126.3157894736842
126.3157894736842
126.3157894736842
126.3157894736842
126.3157894736842
126.3157894736842
126.3157894736842
126.3157894736842
124.35233160621762
123.71134020618557
123.07692307692308
123.07692307692308
123.07692307692308
123.07692307692308
123.07692307692308
122.44897959183673
124.35233160621762
124.35233160621762
119.70074812967582
0.0
0.0
0.0
0.0
0.0
0.0
0.0
0.0
0.0
0.0
76.76149764150944
76.29266574947589
76.171875
76.171875
76.171875
76.171875
76.171875
76.31655092592592
76.82291666666666
77.79947916666666
79.1015625
80.40364583333333
81.38020833333333
99.17355371900827
94.67455621301775
85.56149732620321
85.56149732620321
85.56149732620321
85.56149732620321
85.56149732620321
0.0
0.0
0.0
0.0
0.0
0.0
0.0
0.0
0.0
0.0
0.0
0.0
0.0
0.0
0.0
0.0
0.0
0.0
0.0
0.0
0.0
0.0
0.0
0.0
0.0
0.0
0.0
0.0
0.0
0.0
0.0
0.0
0.0
0.0
0.0
0.0
0.0
0.0
0.0
0.0
0.0
0.0
0.0
0.0
0.0
0.0
0.0
0.0
0.0
0.0
0.0
0.0
0.0
0.0
0.0
0.0
0.0
0.0
0.0
0.0
0.0
0.0
0.0
0.0
0.0
0.0
0.0
0.0
0.0
0.0
0.0
0.0
0.0
0.0
0.0
0.0
0.0
0.0
0.0
0.0
0.0
0.0
0.0
0.0
0.0
0.0
0.0
0.0
0.0
0.0
0.0
0.0
0.0
0.0
0.0
0.0
0.0
0.0
0.0
0.0
0.0
0.0
0.0
0.0
0.0
0.0
0.0
0.0
0.0
0.0
0.0
0.0
0.0
0.0
0.0
0.0
0.0
0.0
0.0
0.0
0.0
0.0
0.0
0.0
0.0
0.0
0.0
0.0
0.0
0.0
0.0
0.0
0.0
0.0
0.0
0.0
0.0
0.0
0.0
0.0
0.0
0.0
0.0
0.0
0.0
0.0
0.0
0.0
0.0
0.0
0.0
0.0
0.0
0.0
0.0
0.0
0.0
0.0
0.0
0.0
0.0
0.0
0.0
