0.0
0.0
0.0
0.0
0.0
0.0
0.0
0.0
0.0
0.0
0.0
0.0
0.0
0.0
0.0
0.0
0.0
0.0
0.0
0.0
0.0
0.0
0.0
0.0
0.0
0.0
0.0
0.0
0.0
0.0
0.0
0.0
0.0
0.0
0.0
0.0
0.0
0.0
0.0
0.0
0.0
0.0
0.0
0.0
0.0
0.0
0.0
0.0
0.0
0.0
0.0
0.0
0.0
0.0
0.0
0.0
0.0
0.0
0.0
0.0
0.0
0.0
0.0
0.0
0.0
0.0
0.0
0.0
0.0
0.0
0.0
0.0
0.0
0.0
0.0
0.0
0.0
0.0
0.0
0.0
0.0
0.0
0.0
0.0
0.0
0.0
0.0
0.0
0.0
0.0
0.0
0.0
0.0
0.0
0.0
0.0
0.0
0.0
0.0
0.0
0.0
0.0
0.0
0.0
0.0
0.0
0.0
0.0
0.0
0.0
0.0
0.0
0.0
0.0
0.0
0.0
0.0
0.0
0.0
0.0
0.0
0.0
0.0
0.0
0.0
0.0
0.0
0.0
0.0
0.0
0.0
0.0
0.0
0.0
0.0
0.0
0.0
0.0
0.0
0.0
0.0
0.0
0.0
0.0
0.0
0.0
0.0
0.0
0.0
0.0
0.0
0.0
0.0
0.0
0.0
0.0
0.0
0.0
0.0
0.0
0.0
0.0
0.0
0.0
0.0
0.0
0.0
0.0
0.0
0.0
0.0
0.0
0.0
0.0
0.0
0.0
0.0
0.0
0.0
0.0
0.0
0.0
0.0
0.0
0.0
0.0
0.0
0.0
0.0
0.0
0.0
0.0
0.0
0.0
0.0
0.0
0.0
0.0
0.0
0.0
0.0
0.0
0.0
0.0
0.0
0.0
0.0
0.0
0.0
0.0
0.0
0.0
0.0
0.0
0.0
0.0
0.0
0.0
0.0
0.0
0.0
0.0
0.0
0.0
0.0
0.0
0.0
0.0
0.0
0.0
0.0
0.0
0.0
0.0
0.0
0.0
0.0
0.0
0.0
0.0
0.0
0.0
0.0
0.0
0.0
0.0
0.0
0.0
0.0
0.0
0.0
0.0
0.0
0.0
0.0
111.328091024759
111.32811820486884
117.93611793611794
123.39331619537275
0.0
0.0
0.0
0.0
0.0
0.0
0.0
0.0
0.0
0.0
0.0
0.0
0.0
117.1875
117.1875
117.1875
117.1875
117.1875
118.20023148148148
121.09375
125.0
127.89351851851852
128.90625
128.90625
128.90625
135.2112676056338
135.59322033898306
134.765625
141.1764705882353
143.28358208955223
145.89665653495442
149.53271028037383
154.34083601286173
178.43866171003717
175.78125
175.78125
173.828125
172.04301075268816
172.04301075268816
0.0
0.0
0.0
0.0
0.0
0.0
0.0
0.0
0.0
0.0
0.0
0.0
0.0
129.03225806451613
127.70675748251915
125.0
130.43478260869566
130.43478260869566
129.03225806451613
128.686327077748
128.3422459893048
128.3422459893048
128.3422459893048
123.046875
125.6544502617801
125.32637075718016
123.046875
125.0
126.953125
128.90625
133.33333333333334
133.33333333333334
126.953125
125.0
129.3800539083558
117.07317073170732
0.0
0.0
0.0
0.0
0.0
0.0
0.0
0.0
0.0
0.0
0.0
0.0
0.0
0.0
111.328125
109.375
107.421875
105.46875
105.46875
105.46875
105.46875
104.45601851851852
107.62331838565022
105.72687224669603
103.2258064516129
100.84033613445378
98.76543209876543
98.15950920245399
98.15950920245399
98.15950920245399
98.15950920245399
98.56262833675565
98.76543209876543
100.62893081761007
101.26582278481013
102.34541577825159
103.44827586206897
103.44827586206897
103.44827586206897
104.12147505422993
104.12147505422993
104.12147505422993
104.12147505422993
103.44827586206897
102.78372591006423
102.12765957446808
101.26582278481013
100.20876826722338
98.96907216494846
91.796875
95.23809523809524
94.11764705882354
93.02325581395348
92.13051823416507
92.13051823416507
92.13051823416507
92.13051823416507
92.13051823416507
92.48554913294798
92.66409266409266
92.66409266409266
92.66409266409266
92.66409266409266
93.20388349514563
0.0
0.0
0.0
0.0
0.0
0.0
0.0
0.0
0.0
0.0
0.0
0.0
0.0
0.0
0.0
0.0
0.0
0.0
0.0
0.0
0.0
0.0
0.0
0.0
0.0
0.0
0.0
0.0
0.0
0.0
0.0
0.0
0.0
0.0
0.0
0.0
0.0
0.0
0.0
0.0
0.0
0.0
99.57856992937728
99.60313537644484
99.609375
99.609375
99.609375
99.609375
98.76543209876543
92.84332688588007
90.0562851782364
87.43169398907104
86.64259927797833
88.39779005524862
145.89665653495442
105.46875
108.84353741496598
105.46875
105.46875
105.46875
105.46875
105.46875
105.46875
106.48148148148148
112.14953271028037
112.67605633802818
114.01425178147268
126.3157894736842
126.3157894736842
126.3157894736842
126.3157894736842
125.0
123.71134020618557
123.07692307692308
121.51898734177215
120.30075187969925
118.81188118811882
110.59907834101382
0.0
0.0
0.0
0.0
0.0
0.0
0.0
0.0
0.0
0.0
0.0
0.0
0.0
0.0
0.0
0.0
0.0
112.67605633802818
103.98793990026876
101.5625
99.609375
108.35214446952595
105.49450549450549
103.44827586206897
101.4799154334038
99.37888198757764
96.579476861167
93.9334637964775
91.95402298850574
91.95402298850574
91.25475285171103
91.25475285171103
91.25475285171103
90.0562851782364
95.42743538767395
0.0
0.0
0.0
0.0
91.25475285171103
91.25475285171103
0.0
0.0
0.0
0.0
0.0
0.0
0.0
0.0
0.0
0.0
0.0
0.0
0.0
0.0
0.0
0.0
0.0
0.0
0.0
0.0
0.0
0.0
0.0
0.0
0.0
0.0
0.0
0.0
0.0
0.0
0.0
0.0
0.0
0.0
0.0
0.0
0.0
0.0
0.0
0.0
0.0
0.0
0.0
0.0
0.0
0.0
0.0
0.0
0.0
0.0
0.0
0.0
0.0
0.0
0.0
0.0
0.0
0.0
0.0
0.0
0.0
0.0
0.0
0.0
0.0
0.0
0.0
0.0
0.0
0.0
0.0
0.0
0.0
0.0
0.0
0.0
0.0
0.0
0.0
0.0
0.0
0.0
0.0
0.0
0.0
0.0
0.0
0.0
0.0
0.0
0.0
0.0
0.0
0.0
0.0
0.0
0.0
0.0
0.0
0.0
0.0
0.0
0.0
0.0
0.0
0.0
0.0
0.0
0.0
0.0
0.0
0.0
0.0
0.0
0.0
0.0
0.0
0.0
0.0
0.0
0.0
0.0
0.0
0.0
0.0
0.0
0.0
0.0
0.0
0.0
0.0
0.0
0.0
0.0
0.0
0.0
0.0
0.0
0.0
0.0
0.0
0.0
0.0
