0.0
0.0
0.0
0.0
0.0
0.0
0.0
0.0
0.0
0.0
0.0
0.0
0.0
0.0
0.0
0.0
0.0
0.0
0.0
0.0
0.0
0.0
0.0
0.0
0.0
0.0
0.0
0.0
0.0
0.0
0.0
0.0
0.0
0.0
0.0
0.0
0.0
0.0
0.0
0.0
0.0
0.0
0.0
0.0
0.0
0.0
0.0
0.0
0.0
0.0
0.0
0.0
0.0
0.0
0.0
0.0
0.0
0.0
0.0
0.0
0.0
0.0
0.0
0.0
0.0
0.0
0.0
0.0
0.0
0.0
0.0
0.0
0.0
0.0
0.0
0.0
0.0
0.0
0.0
0.0
0.0
0.0
0.0
0.0
0.0
0.0
0.0
0.0
0.0
0.0
0.0
0.0
0.0
0.0
0.0
0.0
0.0
0.0
0.0
0.0
0.0
0.0
0.0
0.0
0.0
0.0
0.0
0.0
0.0
0.0
0.0
0.0
0.0
0.0
0.0
0.0
0.0
0.0
0.0
0.0
0.0
0.0
0.0
0.0
0.0
0.0
0.0
0.0
0.0
0.0
0.0
0.0
0.0
0.0
0.0
0.0
0.0
0.0
0.0
0.0
0.0
0.0
0.0
0.0
0.0
0.0
0.0
0.0
0.0
0.0
0.0
0.0
0.0
0.0
0.0
0.0
0.0
0.0
0.0
0.0
0.0
0.0
0.0
0.0
0.0
0.0
0.0
0.0
0.0
0.0
0.0
0.0
0.0
0.0
0.0
0.0
0.0
0.0
0.0
0.0
0.0
0.0
0.0
0.0
0.0
0.0
0.0
0.0
0.0
0.0
0.0
0.0
0.0
0.0
0.0
0.0
0.0
0.0
0.0
0.0
0.0
0.0
0.0
0.0
0.0
0.0
0.0
0.0
0.0
0.0
0.0
0.0
0.0
0.0
0.0
0.0
0.0
0.0
0.0
0.0
0.0
0.0
0.0
0.0
0.0
0.0
0.0
0.0
0.0
0.0
0.0
0.0
0.0
0.0
0.0
0.0
0.0
0.0
0.0
0.0
0.0
0.0
0.0
0.0
0.0
0.0
0.0
0.0
0.0
0.0
0.0
0.0
0.0
0.0
0.0
0.0
0.0
64.45397526996547
64.45329505603698
64.453125
68.37606837606837
66.11570247933884
0.0
0.0
0.0
0.0
0.0
0.0
0.0
0.0
0.0
0.0
98.66526086709149
99.41201780837505
99.609375
99.609375
99.609375
99.609375
101.5625
103.515625
105.46875
105.46875
107.421875
109.375
111.328125
111.328125
114.01425178147268
111.8881118881119
114.01425178147268
111.328125
111.328125
111.328125
111.328125
111.8881118881119
111.328125
111.328125
111.328125
111.328125
111.328125
111.328125
111.328125
111.328125
111.328125
109.375
107.421875
105.46875
105.46875
105.46875
109.58904109589041
109.58904109589041
108.5972850678733
105.46875
105.46875
105.46875
105.46875
105.46875
105.46875
105.46875
105.46875
105.46875
105.46875
108.5972850678733
106.9042316258352
104.34782608695652
102.34541577825159
101.26582278481013
97.95918367346938
97.95918367346938
96.19238476953907
91.42857142857143
96.19238476953907
96.19238476953907
0.0
112.14953271028037
105.46875
105.46875
105.46875
105.02860915492957
103.52937940140845
96.3855421686747
96.579476861167
96.579476861167
0.0
0.0
0.0
0.0
0.0
0.0
76.38528877345706
76.171875
78.125
84.21052631578948
86.02150537634408
86.02150537634408
86.02150537634408
86.02150537634408
86.02150537634408
83.33333333333333
82.3327615780446
82.3327615780446
0.0
0.0
0.0
85.40925266903915
82.03125
82.03125
82.03125
0.0
0.0
0.0
0.0
0.0
0.0
0.0
0.0
0.0
0.0
93.75
93.75
93.75
93.75
97.75967413441956
97.75967413441956
97.75967413441956
0.0
91.25475285171103
93.75
93.75
93.75
93.75
93.75
93.75
93.75
97.16599190283401
97.16599190283401
93.75
93.81578573054165
94.0647047109695
94.59276854802002
0.0
0.0
0.0
0.0
0.0
0.0
0.0
0.0
0.0
0.0
105.40296426945835
110.09174311926606
110.09174311926606
105.46875
105.46875
105.72687224669603
0.0
0.0
0.0
0.0
0.0
0.0
0.0
111.36890951276102
111.36890951276102
110.09174311926606
108.10810810810811
105.96026490066225
97.65625
91.796875
93.3852140077821
87.890625
87.890625
87.890625
92.3076923076923
92.66409266409266
92.66409266409266
93.75
91.25475285171103
93.75
93.75
93.75
93.75
93.75
93.75
93.75
91.42857142857143
94.48818897637796
94.48818897637796
0.0
0.0
0.0
0.0
0.0
0.0
0.0
0.0
0.0
0.0
0.0
0.0
0.0
0.0
0.0
105.49450549450549
105.42488098144531
105.46875
109.33940774487472
110.09174311926606
110.09174311926606
109.33940774487472
105.46875
108.35214446952595
0.0
0.0
0.0
0.0
0.0
0.0
0.0
0.0
0.0
0.0
0.0
0.0
0.0
0.0
0.0
0.0
0.0
0.0
0.0
0.0
0.0
0.0
0.0
0.0
0.0
0.0
0.0
0.0
0.0
0.0
0.0
0.0
0.0
0.0
0.0
0.0
0.0
0.0
0.0
0.0
0.0
0.0
0.0
0.0
0.0
0.0
0.0
0.0
0.0
0.0
0.0
0.0
0.0
0.0
0.0
0.0
0.0
0.0
0.0
0.0
0.0
0.0
0.0
0.0
0.0
0.0
0.0
0.0
0.0
0.0
0.0
0.0
0.0
0.0
0.0
0.0
0.0
0.0
0.0
0.0
0.0
0.0
0.0
0.0
0.0
0.0
0.0
0.0
0.0
0.0
0.0
0.0
0.0
0.0
0.0
0.0
0.0
0.0
0.0
0.0
0.0
0.0
0.0
0.0
0.0
0.0
0.0
0.0
0.0
0.0
0.0
0.0
0.0
0.0
0.0
0.0
0.0
0.0
0.0
0.0
0.0
0.0
0.0
0.0
0.0
0.0
0.0
0.0
0.0
0.0
0.0
0.0
0.0
0.0
0.0
0.0
0.0
0.0
0.0
0.0
0.0
0.0
0.0
0.0
0.0
0.0
0.0
0.0
0.0
0.0
0.0
0.0
0.0
0.0
0.0
0.0
0.0
0.0
0.0
0.0
0.0
0.0
0.0
0.0
0.0
0.0
0.0
0.0
0.0
0.0
0.0
0.0
0.0
0.0
0.0
0.0
0.0
0.0
0.0
0.0
0.0
0.0
0.0
0.0
0.0
0.0
0.0
