0.0
0.0
0.0
0.0
0.0
0.0
0.0
0.0
0.0
0.0
0.0
0.0
0.0
0.0
0.0
0.0
0.0
0.0
0.0
0.0
0.0
0.0
0.0
0.0
0.0
0.0
0.0
0.0
0.0
0.0
0.0
0.0
0.0
0.0
0.0
0.0
0.0
0.0
0.0
0.0
0.0
0.0
0.0
0.0
0.0
0.0
0.0
0.0
0.0
0.0
0.0
0.0
0.0
0.0
0.0
0.0
0.0
0.0
0.0
0.0
0.0
0.0
0.0
0.0
0.0
0.0
0.0
0.0
0.0
0.0
0.0
0.0
0.0
0.0
0.0
0.0
0.0
0.0
0.0
0.0
0.0
0.0
0.0
0.0
0.0
0.0
0.0
0.0
0.0
0.0
0.0
0.0
0.0
0.0
0.0
0.0
0.0
0.0
0.0
0.0
0.0
0.0
0.0
0.0
0.0
0.0
0.0
0.0
0.0
0.0
0.0
0.0
0.0
0.0
0.0
0.0
0.0
0.0
0.0
0.0
0.0
0.0
0.0
0.0
0.0
0.0
0.0
0.0
0.0
0.0
0.0
0.0
0.0
0.0
0.0
0.0
0.0
0.0
0.0
0.0
0.0
0.0
0.0
0.0
0.0
0.0
0.0
0.0
0.0
0.0
0.0
0.0
0.0
0.0
0.0
0.0
0.0
0.0
0.0
0.0
0.0
0.0
0.0
0.0
0.0
0.0
0.0
0.0
0.0
0.0
0.0
0.0
0.0
0.0
0.0
0.0
0.0
0.0
0.0
0.0
0.0
0.0
0.0
0.0
0.0
0.0
0.0
0.0
0.0
0.0
0.0
0.0
0.0
0.0
0.0
0.0
0.0
0.0
0.0
0.0
0.0
0.0
0.0
0.0
0.0
0.0
0.0
0.0
0.0
0.0
0.0
0.0
0.0
0.0
0.0
0.0
0.0
0.0
0.0
0.0
0.0
0.0
0.0
0.0
0.0
0.0
0.0
0.0
0.0
0.0
0.0
0.0
0.0
0.0
0.0
0.0
0.0
0.0
0.0
0.0
0.0
0.0
0.0
0.0
0.0
0.0
0.0
0.0
0.0
0.0
0.0
0.0
0.0
0.0
0.0
0.0
0.0
0.0
0.0
0.0
0.0
0.0
0.0
0.0
0.0
0.0
0.0
0.0
0.0
111.32799304205743
111.32809860812185
111.328125
109.375
107.421875
105.46875
105.96026490066225
0.0
0.0
0.0
0.0
0.0
0.0
0.0
0.0
0.0
0.0
0.0
0.0
0.0
0.0
105.46875
105.46875
105.46875
107.421875
113.20754716981132
113.74407582938389
113.74407582938389
114.55847255369929
115.94202898550725
111.328125
111.328125
111.328125
111.328125
113.28125
115.9335809805028
119.70074812967582
129.3800539083558
129.3800539083558
133.70473537604457
137.93103448275863
0.0
128.52474156519534
128.90625
132.9639889196676
132.9639889196676
131.86813186813185
130.43478260869566
130.08130081300814
130.08130081300814
129.72972972972974
129.72972972972974
121.09375
119.140625
117.1875
117.1875
120.30075187969925
0.0
0.0
0.0
0.0
0.0
0.0
0.0
0.0
0.0
0.0
0.0
0.0
0.0
105.70833333333333
105.51851851851852
113.74407582938389
113.74407582938389
113.74407582938389
113.74407582938389
113.74407582938389
113.74407582938389
113.47517730496453
113.47517730496453
113.20754716981132
105.46875
105.46875
110.34482758620689
110.59907834101382
110.34482758620689
108.84353741496598
108.84353741496598
107.62331838565022
107.62331838565022
106.66666666666667
106.66666666666667
103.515625
101.5625
99.609375
99.609375
99.609375
99.609375
99.609375
103.2258064516129
99.37888198757764
0.0
0.0
0.0
0.0
0.0
0.0
0.0
0.0
0.0
0.0
0.0
0.0
0.0
0.0
0.0
0.0
0.0
105.44927043049054
107.421875
109.375
111.328125
111.328125
109.375
107.421875
105.46875
105.97511574074073
107.42187499999999
109.375
110.82175925925925
111.328125
105.0328227571116
105.0328227571116
105.0328227571116
111.328125
110.3515625
108.3984375
106.4453125
110.59907834101382
100.62893081761007
0.0
0.0
0.0
0.0
0.0
0.0
0.0
0.0
0.0
0.0
0.0
0.0
0.0
0.0
99.609375
99.609375
99.609375
99.609375
99.609375
101.26582278481013
105.0328227571116
105.0328227571116
105.0328227571116
105.72687224669603
105.72687224669603
105.72687224669603
105.72687224669603
105.72687224669603
106.19469026548673
106.43015521064302
107.86516853932584
108.5972850678733
108.5972850678733
108.5972850678733
108.5972850678733
108.5972850678733
108.5972850678733
108.5972850678733
109.33940774487472
110.34482758620689
111.36890951276102
112.14953271028037
112.14953271028037
112.14953271028037
112.14953271028037
111.8881118881119
111.62790697674419
110.09174311926606
106.19469026548673
104.57516339869281
103.2258064516129
0.0
0.0
0.0
0.0
0.0
0.0
0.0
0.0
104.80349344978166
104.80349344978166
104.80349344978166
104.80349344978166
103.2258064516129
102.56410256410257
97.65625
95.703125
100.418410041841
99.79209979209979
99.79209979209979
99.17355371900827
98.96907216494846
98.76543209876543
98.76543209876543
98.36065573770492
97.16599190283401
97.16599190283401
96.3855421686747
94.67455621301775
91.77820267686424
90.56603773584905
86.79927667269439
0.0
0.0
0.0
0.0
0.0
0.0
0.0
0.0
93.4921875
93.6953125
93.75
93.75
93.75
97.3630831643002
97.3630831643002
97.3630831643002
95.23809523809524
94.86166007905139
95.23809523809524
0.0
0.0
0.0
0.0
113.47517730496453
117.93611793611794
117.93611793611794
117.93611793611794
117.93611793611794
116.50485436893204
113.22784423828125
112.335205078125
110.85450346420323
110.85450346420323
110.85450346420323
110.85450346420323
106.43015521064302
0.0
0.0
0.0
0.0
0.0
0.0
0.0
0.0
0.0
0.0
0.0
0.0
0.0
0.0
0.0
0.0
0.0
0.0
0.0
0.0
0.0
0.0
0.0
0.0
0.0
0.0
0.0
0.0
0.0
0.0
0.0
0.0
0.0
0.0
0.0
0.0
0.0
0.0
0.0
0.0
0.0
0.0
0.0
0.0
0.0
0.0
0.0
0.0
0.0
0.0
0.0
0.0
0.0
0.0
0.0
0.0
0.0
0.0
0.0
0.0
0.0
0.0
0.0
0.0
0.0
0.0
0.0
0.0
0.0
0.0
0.0
0.0
0.0
0.0
0.0
0.0
0.0
0.0
0.0
0.0
0.0
0.0
0.0
0.0
0.0
0.0
0.0
0.0
0.0
0.0
0.0
0.0
0.0
0.0
0.0
0.0
0.0
0.0
0.0
0.0
0.0
0.0
0.0
0.0
0.0
0.0
0.0
0.0
0.0
0.0
0.0
0.0
0.0
0.0
0.0
0.0
0.0
0.0
0.0
0.0
0.0
0.0
0.0
0.0
0.0
0.0
0.0
0.0
0.0
0.0
0.0
0.0
0.0
0.0
0.0
0.0
0.0
0.0
0.0
0.0
0.0
0.0
0.0
0.0
0.0
0.0
0.0
0.0
0.0
0.0
0.0
0.0
0.0
0.0
0.0
0.0
0.0
