0.0
0.0
0.0
0.0
0.0
0.0
0.0
0.0
0.0
0.0
0.0
0.0
0.0
0.0
0.0
0.0
0.0
0.0
0.0
0.0
0.0
0.0
0.0
0.0
0.0
0.0
0.0
0.0
0.0
0.0
0.0
0.0
0.0
0.0
0.0
0.0
0.0
0.0
0.0
0.0
0.0
0.0
0.0
0.0
0.0
0.0
0.0
0.0
0.0
0.0
0.0
0.0
0.0
0.0
0.0
0.0
0.0
0.0
0.0
0.0
0.0
0.0
0.0
0.0
0.0
0.0
0.0
0.0
0.0
0.0
0.0
0.0
0.0
0.0
0.0
0.0
0.0
0.0
0.0
0.0
0.0
0.0
0.0
0.0
0.0
0.0
0.0
0.0
0.0
0.0
0.0
0.0
0.0
0.0
0.0
0.0
0.0
0.0
0.0
0.0
0.0
0.0
0.0
0.0
0.0
0.0
0.0
0.0
0.0
0.0
0.0
0.0
0.0
0.0
0.0
0.0
0.0
0.0
0.0
0.0
0.0
0.0
0.0
0.0
0.0
0.0
0.0
0.0
0.0
0.0
0.0
0.0
0.0
0.0
0.0
0.0
0.0
0.0
0.0
0.0
0.0
0.0
0.0
0.0
0.0
0.0
0.0
0.0
0.0
0.0
0.0
0.0
0.0
0.0
0.0
0.0
0.0
0.0
0.0
0.0
0.0
0.0
0.0
0.0
0.0
0.0
0.0
0.0
0.0
0.0
0.0
0.0
0.0
0.0
0.0
0.0
0.0
0.0
0.0
0.0
0.0
0.0
0.0
0.0
0.0
0.0
0.0
0.0
0.0
0.0
0.0
0.0
0.0
0.0
0.0
0.0
0.0
0.0
0.0
0.0
0.0
0.0
0.0
0.0
0.0
0.0
0.0
0.0
0.0
0.0
0.0
0.0
0.0
0.0
0.0
0.0
0.0
0.0
0.0
0.0
0.0
0.0
0.0
0.0
0.0
0.0
0.0
0.0
0.0
0.0
0.0
0.0
0.0
0.0
0.0
0.0
0.0
0.0
0.0
0.0
0.0
0.0
0.0
0.0
0.0
0.0
0.0
0.0
0.0
0.0
0.0
0.0
0.0
0.0
0.0
0.0
0.0
0.0
0.0
0.0
0.0
0.0
0.0
0.0
0.0
0.0
0.0
0.0
0.0
0.0
0.0
0.0
0.0
0.0
0.0
0.0
0.0
0.0
0.0
0.0
0.0
0.0
0.0
0.0
0.0
0.0
0.0
216.79678578384917
219.17808219178082
219.17808219178082
219.17808219178082
216.21621621621622
211.45374449339207
195.1219512195122
192.0
191.23505976095618
189.72332015810278
0.0
0.0
0.0
0.0
205.078125
205.078125
207.7922077922078
207.7922077922078
209.6069868995633
209.6069868995633
209.6069868995633
209.6069868995633
211.45374449339207
212.38938053097345
213.33333333333334
213.33333333333334
214.28571428571428
219.17808219178082
225.35211267605635
227.48815165876778
228.57142857142858
229.66507177033492
229.66507177033492
229.66507177033492
229.66507177033492
229.66507177033492
229.66507177033492
228.57142857142858
228.57142857142858
228.57142857142858
227.48815165876778
225.35211267605635
220.1834862385321
215.24663677130044
209.6069868995633
205.12820512820514
198.34710743801654
196.72131147540983
195.91836734693877
195.91836734693877
195.91836734693877
195.91836734693877
195.91836734693877
195.91836734693877
197.53086419753086
197.53086419753086
197.53086419753086
197.53086419753086
197.53086419753086
197.53086419753086
197.53086419753086
197.53086419753086
197.53086419753086
197.53086419753086
197.53086419753086
198.34710743801654
198.34710743801654
198.34710743801654
198.34710743801654
198.34710743801654
198.34710743801654
198.34710743801654
198.34710743801654
198.34710743801654
198.34710743801654
197.53086419753086
197.53086419753086
196.72131147540983
196.72131147540983
195.91836734693877
195.91836734693877
195.91836734693877
195.91836734693877
195.91836734693877
195.91836734693877
195.1219512195122
193.5483870967742
193.5483870967742
193.5483870967742
0.0
0.0
0.0
0.0
0.0
0.0
0.0
0.0
0.0
0.0
0.0
0.0
0.0
0.0
0.0
0.0
0.0
0.0
0.0
0.0
198.34710743801654
198.34710743801654
199.1701244813278
200.0
200.0
200.0
200.0
200.0
200.0
200.836820083682
202.53164556962025
204.25531914893617
205.12820512820514
206.00858369098714
206.89655172413794
206.89655172413794
207.7922077922078
209.6069868995633
211.45374449339207
212.38938053097345
212.38938053097345
212.38938053097345
212.38938053097345
210.52631578947367
208.69565217391303
207.7922077922078
206.89655172413794
204.25531914893617
204.25531914893617
202.53164556962025
202.53164556962025
200.0
197.53086419753086
195.91836734693877
193.5483870967742
191.23505976095618
191.23505976095618
191.23505976095618
189.72332015810278
0.0
0.0
0.0
0.0
0.0
0.0
0.0
0.0
0.0
0.0
0.0
0.0
0.0
0.0
199.0070343017578
199.1748809814453
199.21875
198.34710743801654
198.34710743801654
196.72131147540983
193.5483870967742
0.0
0.0
0.0
0.0
0.0
0.0
0.0
0.0
0.0
0.0
0.0
0.0
0.0
195.91836734693877
195.91836734693877
195.91836734693877
195.91836734693877
194.33198380566802
193.5483870967742
193.5483870967742
192.7710843373494
191.23505976095618
191.23505976095618
191.23505976095618
190.47619047619048
190.47619047619048
190.47619047619048
190.47619047619048
190.47619047619048
190.47619047619048
189.72332015810278
185.32818532818533
188.23529411764707
0.0
0.0
0.0
0.0
0.0
189.72332015810278
181.640625
189.72332015810278
189.72332015810278
187.5
185.32818532818533
185.32818532818533
185.32818532818533
185.32818532818533
186.04651162790697
186.7704280155642
186.7704280155642
186.7704280155642
186.7704280155642
188.23529411764707
0.0
0.0
0.0
0.0
0.0
0.0
0.0
0.0
0.0
181.640625
181.640625
181.640625
188.23529411764707
188.23529411764707
188.23529411764707
188.23529411764707
188.23529411764707
188.23529411764707
189.72332015810278
191.23505976095618
192.7710843373494
194.33198380566802
194.33198380566802
194.33198380566802
194.33198380566802
194.33198380566802
0.0
0.0
0.0
0.0
0.0
0.0
0.0
0.0
0.0
0.0
0.0
0.0
0.0
0.0
0.0
0.0
0.0
0.0
200.0
200.0
200.0
200.0
199.1701244813278
199.1701244813278
198.34710743801654
198.34710743801654
198.34710743801654
198.34710743801654
197.53086419753086
196.72131147540983
195.91836734693877
195.1219512195122
192.7710843373494
188.23529411764707
0.0
0.0
0.0
0.0
0.0
0.0
0.0
0.0
0.0
0.0
0.0
187.5
187.5
187.5
186.04651162790697
188.9763779527559
188.9763779527559
191.23505976095618
192.0
192.0
192.0
192.7710843373494
192.7710843373494
192.7710843373494
192.7710843373494
192.7710843373494
192.7710843373494
192.7710843373494
191.23505976095618
190.47619047619048
189.72332015810278
187.5
187.5
187.5
187.5
0.0
0.0
0.0
0.0
0.0
0.0
0.0
0.0
0.0
0.0
0.0
0.0
0.0
0.0
0.0
0.0
0.0
187.5
187.5
187.5
187.5
191.23505976095618
191.23505976095618
191.23505976095618
191.23505976095618
0.0
0.0
0.0
0.0
0.0
0.0
0.0
0.0
0.0
0.0
0.0
185.32818532818533
186.04651162790697
186.04651162790697
186.04651162790697
186.04651162790697
186.7704280155642
187.5
187.5
187.5
187.53842954282408
187.68310546875
187.98828125
188.45621744791666
0.0
189.71761067708331
190.4296875
0.0
0.0
206.00858369098714
206.00858369098714
206.00858369098714
206.00858369098714
203.38983050847457
201.68067226890756
200.836820083682
200.0
198.34710743801654
195.1219512195122
191.23505976095618
187.5
183.90804597701148
0.0
0.0
0.0
0.0
0.0
0.0
0.0
0.0
0.0
0.0
0.0
0.0
0.0
0.0
0.0
0.0
0.0
0.0
0.0
0.0
0.0
0.0
0.0
0.0
0.0
0.0
0.0
0.0
0.0
0.0
0.0
0.0
0.0
0.0
0.0
0.0
0.0
0.0
0.0
0.0
0.0
0.0
0.0
0.0
0.0
0.0
0.0
0.0
0.0
0.0
0.0
0.0
0.0
0.0
0.0
0.0
0.0
0.0
0.0
0.0
0.0
0.0
0.0
0.0
0.0
0.0
0.0
0.0
0.0
0.0
0.0
0.0
0.0
0.0
0.0
0.0
0.0
0.0
0.0
0.0
0.0
0.0
0.0
0.0
0.0
0.0
0.0
0.0
0.0
0.0
0.0
0.0
0.0
0.0
0.0
0.0
0.0
0.0
0.0
0.0
0.0
0.0
0.0
0.0
0.0
0.0
0.0
0.0
0.0
0.0
0.0
0.0
0.0
0.0
0.0
0.0
0.0
0.0
0.0
0.0
0.0
0.0
0.0
0.0
0.0
0.0
0.0
0.0
0.0
0.0
0.0
0.0
0.0
0.0
0.0
0.0
0.0
0.0
0.0
0.0
0.0
0.0
0.0
0.0
0.0
0.0
0.0
0.0
0.0
0.0
0.0
0.0
0.0
0.0
0.0
0.0
0.0
0.0
0.0
0.0
0.0
0.0
0.0
0.0
0.0
0.0
0.0
0.0
0.0
0.0
0.0
0.0
0.0
0.0
0.0
0.0
0.0
