0.0
0.0
0.0
0.0
0.0
0.0
0.0
0.0
0.0
0.0
0.0
0.0
0.0
0.0
0.0
0.0
0.0
0.0
0.0
0.0
0.0
0.0
0.0
0.0
0.0
0.0
0.0
0.0
0.0
0.0
0.0
0.0
0.0
0.0
0.0
0.0
0.0
0.0
0.0
0.0
0.0
0.0
0.0
0.0
0.0
0.0
0.0
0.0
0.0
0.0
0.0
0.0
0.0
0.0
0.0
0.0
0.0
0.0
0.0
0.0
0.0
0.0
0.0
0.0
0.0
0.0
0.0
0.0
0.0
0.0
0.0
0.0
0.0
0.0
0.0
0.0
0.0
0.0
0.0
0.0
0.0
0.0
0.0
0.0
0.0
0.0
0.0
0.0
0.0
0.0
0.0
0.0
0.0
0.0
0.0
0.0
0.0
0.0
0.0
0.0
0.0
0.0
0.0
0.0
0.0
0.0
0.0
0.0
0.0
0.0
0.0
0.0
0.0
0.0
0.0
0.0
0.0
0.0
0.0
0.0
0.0
0.0
0.0
0.0
0.0
0.0
0.0
0.0
0.0
0.0
0.0
0.0
0.0
0.0
0.0
0.0
0.0
0.0
0.0
0.0
0.0
0.0
0.0
0.0
0.0
0.0
0.0
0.0
0.0
0.0
0.0
0.0
0.0
0.0
0.0
0.0
0.0
0.0
0.0
0.0
0.0
0.0
0.0
0.0
0.0
0.0
0.0
0.0
0.0
0.0
0.0
0.0
0.0
0.0
0.0
0.0
0.0
0.0
0.0
0.0
0.0
0.0
0.0
0.0
0.0
0.0
0.0
0.0
0.0
0.0
0.0
0.0
0.0
0.0
0.0
0.0
0.0
0.0
0.0
0.0
0.0
0.0
0.0
0.0
0.0
0.0
0.0
0.0
0.0
0.0
0.0
0.0
0.0
0.0
0.0
0.0
0.0
0.0
0.0
0.0
0.0
0.0
0.0
0.0
0.0
0.0
0.0
0.0
0.0
0.0
0.0
0.0
0.0
0.0
0.0
0.0
0.0
0.0
0.0
0.0
0.0
0.0
0.0
0.0
0.0
0.0
0.0
0.0
0.0
0.0
0.0
0.0
0.0
0.0
0.0
0.0
0.0
0.0
0.0
0.0
0.0
0.0
0.0
0.0
0.0
0.0
0.0
0.0
0.0
0.0
0.0
219.17808219178082
219.17808219178082
222.22222222222223
222.22222222222223
222.22222222222223
222.22222222222223
222.22222222222223
212.38938053097345
212.38938053097345
0.0
0.0
233.0097087378641
233.0097087378641
228.515625
228.515625
226.5625
224.609375
220.703125
218.75
216.796875
216.796875
214.84375
212.890625
210.9375
210.9375
210.9375
210.9375
212.890625
214.84375
216.796875
216.796875
216.796875
216.796875
216.796875
216.796875
216.796875
219.17808219178082
220.1834862385321
220.1834862385321
220.1834862385321
220.1834862385321
219.17808219178082
0.0
0.0
0.0
0.0
0.0
0.0
0.0
0.0
0.0
0.0
0.0
0.0
203.38983050847457
203.38983050847457
199.1701244813278
199.1701244813278
192.0
0.0
0.0
0.0
0.0
0.0
0.0
0.0
0.0
0.0
0.0
0.0
0.0
0.0
0.0
0.0
0.0
0.0
0.0
0.0
199.21875
203.125
207.03125
195.91836734693877
210.9375
208.984375
207.03125
211.45374449339207
211.45374449339207
207.7922077922078
205.12820512820514
197.265625
195.3125
193.359375
193.359375
195.3125
197.265625
206.89655172413794
207.7922077922078
207.7922077922078
207.7922077922078
207.7922077922078
207.7922077922078
201.68067226890756
0.0
0.0
0.0
0.0
0.0
0.0
0.0
0.0
0.0
0.0
0.0
0.0
0.0
0.0
0.0
0.0
210.52631578947367
205.0607103052126
210.52631578947367
210.52631578947367
205.12820512820514
203.38983050847457
200.836820083682
200.0
199.1701244813278
198.34710743801654
197.53086419753086
197.53086419753086
197.53086419753086
196.72131147540983
196.72131147540983
196.72131147540983
196.72131147540983
197.53086419753086
198.34710743801654
199.1701244813278
200.836820083682
201.68067226890756
203.38983050847457
206.00858369098714
208.69565217391303
208.69565217391303
208.69565217391303
208.69565217391303
208.69565217391303
206.00858369098714
206.00858369098714
206.00858369098714
0.0
0.0
0.0
0.0
0.0
0.0
0.0
0.0
0.0
0.0
0.0
0.0
0.0
0.0
0.0
0.0
0.0
236.45320197044336
223.25581395348837
220.1834862385321
209.6069868995633
209.6069868995633
201.68067226890756
196.72131147540983
190.47619047619048
179.77528089887642
175.1824817518248
0.0
0.0
0.0
0.0
0.0
0.0
213.33333333333334
213.33333333333334
213.33333333333334
210.52631578947367
207.7922077922078
203.38983050847457
196.72131147540983
196.72131147540983
0.0
0.0
0.0
0.0
0.0
0.0
0.0
0.0
221.19815668202764
221.19815668202764
221.19815668202764
221.19815668202764
220.1834862385321
219.17808219178082
219.17808219178082
218.1818181818182
217.1945701357466
215.24663677130044
213.33333333333334
210.52631578947367
206.00858369098714
202.53164556962025
202.53164556962025
200.836820083682
201.68067226890756
206.89655172413794
219.17808219178082
222.22222222222223
240.0
248.70466321243524
248.70466321243524
250.0
251.3089005235602
252.6315789473684
255.31914893617022
258.06451612903226
263.7362637362637
269.6629213483146
279.06976744186045
290.90909090909093
301.8867924528302
309.6774193548387
317.88079470198676
320.0
324.3243243243243
324.3243243243243
324.3243243243243
324.3243243243243
320.0
315.7894736842105
309.6774193548387
0.0
0.0
0.0
0.0
0.0
0.0
0.0
0.0
0.0
0.0
0.0
0.0
0.0
0.0
0.0
0.0
0.0
0.0
0.0
0.0
0.0
0.0
0.0
0.0
0.0
0.0
0.0
0.0
0.0
0.0
0.0
0.0
0.0
0.0
0.0
0.0
0.0
0.0
0.0
0.0
0.0
0.0
0.0
0.0
0.0
0.0
0.0
0.0
0.0
0.0
0.0
0.0
0.0
0.0
0.0
0.0
0.0
0.0
0.0
0.0
0.0
0.0
0.0
0.0
0.0
0.0
0.0
0.0
0.0
0.0
0.0
0.0
0.0
0.0
0.0
0.0
0.0
0.0
0.0
0.0
0.0
0.0
0.0
0.0
0.0
0.0
0.0
0.0
0.0
0.0
0.0
0.0
0.0
0.0
0.0
0.0
0.0
0.0
0.0
0.0
0.0
0.0
0.0
0.0
0.0
0.0
0.0
0.0
0.0
0.0
0.0
0.0
0.0
0.0
0.0
0.0
0.0
0.0
0.0
0.0
0.0
0.0
0.0
0.0
0.0
0.0
0.0
0.0
0.0
0.0
0.0
0.0
0.0
0.0
0.0
0.0
0.0
0.0
0.0
0.0
0.0
0.0
0.0
0.0
0.0
0.0
