0.0
0.0
0.0
0.0
0.0
0.0
0.0
0.0
0.0
0.0
0.0
0.0
0.0
0.0
0.0
0.0
0.0
0.0
0.0
0.0
0.0
0.0
0.0
0.0
0.0
0.0
0.0
0.0
0.0
0.0
0.0
0.0
0.0
0.0
0.0
0.0
0.0
0.0
0.0
0.0
0.0
0.0
0.0
0.0
0.0
0.0
0.0
0.0
0.0
0.0
0.0
0.0
0.0
0.0
0.0
0.0
0.0
0.0
0.0
0.0
0.0
0.0
0.0
0.0
0.0
0.0
0.0
0.0
0.0
0.0
0.0
0.0
0.0
0.0
0.0
0.0
0.0
0.0
0.0
0.0
0.0
0.0
0.0
0.0
0.0
0.0
0.0
0.0
0.0
0.0
0.0
0.0
0.0
0.0
0.0
0.0
0.0
0.0
0.0
0.0
0.0
0.0
0.0
0.0
0.0
0.0
0.0
0.0
0.0
0.0
0.0
0.0
0.0
0.0
0.0
0.0
0.0
0.0
0.0
0.0
0.0
0.0
0.0
0.0
0.0
0.0
0.0
0.0
0.0
0.0
0.0
0.0
0.0
0.0
0.0
0.0
0.0
0.0
0.0
0.0
0.0
0.0
0.0
0.0
0.0
0.0
0.0
0.0
0.0
0.0
0.0
0.0
0.0
0.0
0.0
0.0
0.0
0.0
0.0
0.0
0.0
0.0
0.0
0.0
0.0
0.0
0.0
0.0
0.0
0.0
0.0
0.0
0.0
0.0
0.0
0.0
0.0
0.0
0.0
0.0
0.0
0.0
0.0
0.0
0.0
0.0
0.0
0.0
0.0
0.0
0.0
0.0
0.0
0.0
0.0
0.0
0.0
0.0
0.0
0.0
0.0
0.0
0.0
0.0
0.0
0.0
0.0
0.0
0.0
0.0
0.0
0.0
0.0
0.0
0.0
0.0
0.0
0.0
0.0
0.0
0.0
0.0
0.0
0.0
0.0
0.0
0.0
0.0
0.0
0.0
0.0
0.0
0.0
0.0
0.0
0.0
0.0
0.0
0.0
0.0
0.0
0.0
0.0
0.0
0.0
0.0
0.0
0.0
0.0
0.0
0.0
0.0
0.0
0.0
0.0
0.0
0.0
0.0
0.0
0.0
0.0
0.0
0.0
0.0
0.0
0.0
0.0
0.0
0.0
0.0
0.0
0.0
0.0
0.0
0.0
0.0
0.0
0.0
0.0
0.0
0.0
0.0
0.0
216.79670590097157
216.796875
222.22222222222223
221.19815668202764
222.22222222222223
222.22222222222223
0.0
0.0
0.0
0.0
0.0
0.0
0.0
0.0
0.0
0.0
0.0
0.0
214.28571428571428
214.28571428571428
214.28571428571428
212.38938053097345
212.38938053097345
212.38938053097345
212.38938053097345
216.21621621621622
219.17808219178082
222.22222222222223
223.25581395348837
223.25581395348837
223.25581395348837
223.25581395348837
223.25581395348837
217.1945701357466
210.52631578947367
207.7922077922078
207.7922077922078
207.7922077922078
207.7922077922078
223.25581395348837
231.8840579710145
235.2941176470588
236.45320197044336
237.62376237623764
238.80597014925374
241.20603015075378
243.6548223350254
248.70466321243524
251.3089005235602
253.96825396825398
255.31914893617022
255.31914893617022
255.31914893617022
255.31914893617022
0.0
0.0
0.0
0.0
0.0
0.0
0.0
0.0
0.0
0.0
0.0
0.0
0.0
0.0
0.0
201.68067226890756
201.68067226890756
201.68067226890756
194.33198380566802
193.5483870967742
193.5483870967742
193.5483870967742
193.5483870967742
193.5483870967742
194.33198380566802
194.33198380566802
194.33198380566802
194.33198380566802
187.5
192.0
184.6153846153846
183.90804597701148
180.45112781954887
179.77528089887642
179.77528089887642
179.77528089887642
172.66187050359713
279.06976744186045
0.0
199.21875
206.00858369098714
205.12820512820514
204.25531914893617
204.25531914893617
204.25531914893617
204.25531914893617
0.0
0.0
0.0
0.0
0.0
0.0
0.0
0.0
0.0
0.0
0.0
0.0
0.0
0.0
0.0
0.0
0.0
0.0
0.0
188.23529411764707
181.67921930677034
181.640625
181.640625
181.640625
181.640625
181.640625
183.59375
185.546875
187.5
185.546875
190.47619047619048
190.47619047619048
190.47619047619048
181.640625
181.640625
181.640625
179.6875
176.4197716346154
177.12177121771217
177.12177121771217
175.1824817518248
175.1824817518248
0.0
0.0
0.0
0.0
0.0
0.0
0.0
0.0
0.0
0.0
0.0
0.0
0.0
0.0
0.0
0.0
0.0
177.12177121771217
177.12177121771217
177.12177121771217
177.77777777777777
177.77777777777777
177.77777777777777
177.77777777777777
177.77777777777777
179.1044776119403
179.1044776119403
179.1044776119403
179.1044776119403
177.12177121771217
175.1824817518248
174.54545454545453
172.04301075268816
172.04301075268816
172.04301075268816
172.04301075268816
172.66187050359713
172.66187050359713
169.921875
167.96875
173.28519855595667
173.28519855595667
173.28519855595667
173.28519855595667
173.28519855595667
173.28519855595667
158.203125
158.203125
164.94845360824743
164.94845360824743
164.94845360824743
164.94845360824743
165.51724137931035
166.66666666666666
168.42105263157896
169.6113074204947
170.8185053380783
172.04301075268816
173.28519855595667
173.28519855595667
176.47058823529412
176.47058823529412
176.47058823529412
176.47058823529412
174.54545454545453
195.91836734693877
0.0
0.0
0.0
0.0
0.0
0.0
0.0
0.0
0.0
0.0
0.0
0.0
0.0
156.86274509803923
156.86274509803923
145.01510574018127
83.91608391608392
83.33333333333333
83.18890814558058
83.18890814558058
83.18890814558058
82.47422680412372
81.91126279863481
78.81773399014779
78.81773399014779
78.81773399014779
77.29468599033817
75.35321821036106
75.35321821036106
0.0
84.21052631578948
83.47826086956522
83.47826086956522
84.65608465608466
84.65608465608466
84.65608465608466
84.0630472854641
84.0630472854641
84.65608465608466
84.0630472854641
87.75137111517367
0.0
0.0
0.0
0.0
0.0
0.0
0.0
0.0
0.0
0.0
0.0
0.0
0.0
0.0
0.0
0.0
0.0
0.0
0.0
0.0
0.0
0.0
0.0
0.0
0.0
0.0
0.0
0.0
0.0
0.0
0.0
0.0
0.0
0.0
0.0
0.0
0.0
0.0
0.0
0.0
0.0
0.0
0.0
0.0
0.0
0.0
0.0
0.0
0.0
0.0
0.0
0.0
0.0
0.0
0.0
0.0
0.0
0.0
0.0
0.0
0.0
0.0
0.0
0.0
0.0
0.0
0.0
0.0
0.0
0.0
0.0
0.0
0.0
0.0
0.0
0.0
0.0
0.0
0.0
0.0
0.0
0.0
0.0
0.0
0.0
0.0
0.0
0.0
0.0
0.0
0.0
0.0
0.0
0.0
0.0
0.0
0.0
0.0
0.0
0.0
0.0
0.0
0.0
0.0
0.0
0.0
0.0
0.0
0.0
0.0
0.0
0.0
0.0
0.0
0.0
0.0
0.0
0.0
0.0
0.0
0.0
0.0
0.0
0.0
0.0
0.0
0.0
0.0
