0.0
0.0
0.0
0.0
0.0
0.0
0.0
0.0
0.0
0.0
0.0
0.0
0.0
0.0
0.0
0.0
0.0
0.0
0.0
0.0
0.0
0.0
0.0
0.0
0.0
0.0
0.0
0.0
0.0
0.0
0.0
0.0
0.0
0.0
0.0
0.0
0.0
0.0
0.0
0.0
0.0
0.0
0.0
0.0
0.0
0.0
0.0
0.0
0.0
0.0
0.0
0.0
0.0
0.0
0.0
0.0
0.0
0.0
0.0
0.0
0.0
0.0
0.0
0.0
0.0
0.0
0.0
0.0
0.0
0.0
0.0
0.0
0.0
0.0
0.0
0.0
0.0
0.0
0.0
0.0
0.0
0.0
0.0
0.0
0.0
0.0
0.0
0.0
0.0
0.0
0.0
0.0
0.0
0.0
0.0
0.0
0.0
0.0
0.0
0.0
0.0
0.0
0.0
0.0
0.0
0.0
0.0
0.0
0.0
0.0
0.0
0.0
0.0
0.0
0.0
0.0
0.0
0.0
0.0
0.0
0.0
0.0
0.0
0.0
0.0
0.0
0.0
0.0
0.0
0.0
0.0
0.0
0.0
0.0
0.0
0.0
0.0
0.0
0.0
0.0
0.0
0.0
0.0
0.0
0.0
0.0
0.0
0.0
0.0
0.0
0.0
0.0
0.0
0.0
0.0
0.0
0.0
0.0
0.0
0.0
0.0
0.0
0.0
0.0
0.0
0.0
0.0
0.0
0.0
0.0
0.0
0.0
0.0
0.0
0.0
0.0
0.0
0.0
0.0
0.0
0.0
0.0
0.0
0.0
0.0
0.0
0.0
0.0
0.0
0.0
0.0
0.0
0.0
0.0
0.0
0.0
0.0
0.0
0.0
0.0
0.0
0.0
0.0
0.0
0.0
0.0
0.0
0.0
0.0
0.0
0.0
0.0
0.0
0.0
0.0
0.0
0.0
0.0
0.0
0.0
0.0
0.0
0.0
0.0
0.0
0.0
0.0
0.0
0.0
0.0
0.0
0.0
0.0
0.0
0.0
0.0
0.0
0.0
0.0
0.0
0.0
0.0
0.0
0.0
0.0
0.0
0.0
0.0
0.0
0.0
0.0
0.0
0.0
0.0
0.0
0.0
0.0
0.0
0.0
0.0
250.0
248.70466321243524
247.42268041237114
244.89795918367346
241.20603015075378
223.25581395348837
216.21621621621622
0.0
0.0
0.0
0.0
0.0
0.0
0.0
0.0
0.0
0.0
251.3089005235602
252.6315789473684
252.6315789473684
252.6315789473684
252.6315789473684
252.6315789473684
246.09375
246.09375
248.046875
255.859375
263.671875
269.53125
271.484375
273.4375
277.34375
279.296875
279.06976744186045
279.06976744186045
260.8695652173913
0.0
0.0
0.0
0.0
324.3243243243243
304.351806640625
304.6875
304.6875
302.734375
300.78125
298.828125
298.828125
298.828125
296.875
289.1566265060241
279.06976744186045
275.86206896551727
271.1864406779661
257.8125
246.09375
234.375
241.20603015075378
238.80597014925374
238.80597014925374
238.80597014925374
238.80597014925374
238.80597014925374
240.0
240.0
240.0
240.0
240.0
240.0
240.0
240.0
229.66507177033492
0.0
0.0
0.0
0.0
0.0
0.0
0.0
271.1864406779661
271.1864406779661
271.1864406779661
271.1864406779661
263.7362637362637
256.6844919786096
255.31914893617022
0.0
0.0
0.0
0.0
0.0
0.0
0.0
191.23505976095618
164.75989874892346
186.7704280155642
186.7704280155642
172.04301075268816
170.2127659574468
166.66666666666666
163.82252559726962
163.82252559726962
163.82252559726962
163.82252559726962
163.82252559726962
168.42105263157896
168.42105263157896
168.42105263157896
0.0
0.0
0.0
0.0
0.0
0.0
0.0
0.0
0.0
0.0
0.0
0.0
0.0
0.0
0.0
231.8840579710145
231.8840579710145
231.8840579710145
231.8840579710145
228.57142857142858
224.29906542056074
223.25581395348837
0.0
0.0
0.0
0.0
0.0
0.0
243.6548223350254
243.6548223350254
243.6548223350254
242.42424242424244
241.20603015075378
237.62376237623764
235.2941176470588
227.48815165876778
0.0
0.0
0.0
0.0
236.45320197044336
236.45320197044336
236.45320197044336
233.0097087378641
227.48815165876778
221.19815668202764
219.17808219178082
219.17808219178082
219.17808219178082
219.17808219178082
219.17808219178082
219.17808219178082
219.17808219178082
214.28571428571428
214.28571428571428
199.1701244813278
234.14634146341464
0.0
0.0
0.0
0.0
0.0
0.0
0.0
235.2941176470588
236.45320197044336
237.62376237623764
237.62376237623764
237.62376237623764
237.62376237623764
237.62376237623764
226.41509433962264
0.0
0.0
0.0
0.0
0.0
0.0
0.0
0.0
252.6315789473684
252.6315789473684
252.6315789473684
252.6315789473684
247.42268041237114
233.0097087378641
215.53762335526315
207.03125
213.33333333333334
206.00858369098714
200.0
194.33198380566802
188.23529411764707
162.109375
160.15625
168.42105263157896
165.51724137931035
163.82252559726962
162.16216216216216
162.16216216216216
162.16216216216216
161.0738255033557
161.0738255033557
160.0
153.84615384615384
0.0
0.0
0.0
0.0
0.0
0.0
0.0
0.0
0.0
0.0
0.0
0.0
0.0
0.0
0.0
0.0
0.0
155.84415584415584
142.84005357366968
155.84415584415584
123.39331619537275
123.39331619537275
123.39331619537275
127.3209549071618
127.3209549071618
132.9639889196676
137.53581661891118
145.01510574018127
145.01510574018127
145.01510574018127
150.9433962264151
62.82722513089005
0.0
0.0
0.0
0.0
0.0
0.0
0.0
0.0
0.0
0.0
0.0
0.0
0.0
0.0
0.0
0.0
0.0
0.0
0.0
0.0
0.0
0.0
0.0
0.0
0.0
0.0
0.0
0.0
0.0
0.0
0.0
0.0
0.0
0.0
0.0
0.0
0.0
0.0
0.0
0.0
0.0
0.0
0.0
0.0
0.0
0.0
0.0
0.0
0.0
0.0
0.0
0.0
0.0
0.0
0.0
0.0
0.0
0.0
0.0
0.0
0.0
0.0
0.0
0.0
0.0
0.0
0.0
0.0
0.0
0.0
0.0
0.0
0.0
0.0
0.0
0.0
0.0
0.0
0.0
0.0
0.0
0.0
0.0
0.0
0.0
0.0
0.0
0.0
0.0
0.0
0.0
0.0
0.0
0.0
0.0
0.0
0.0
0.0
0.0
0.0
0.0
0.0
0.0
0.0
0.0
0.0
0.0
0.0
0.0
0.0
0.0
0.0
0.0
0.0
0.0
0.0
0.0
0.0
0.0
0.0
0.0
0.0
0.0
0.0
0.0
0.0
0.0
0.0
0.0
0.0
0.0
0.0
0.0
0.0
0.0
0.0
0.0
0.0
0.0
0.0
0.0
0.0
0.0
0.0
0.0
0.0
0.0
0.0
0.0
0.0
0.0
0.0
0.0
0.0
0.0
0.0
0.0
0.0
0.0
0.0
0.0
0.0
0.0
0.0
0.0
0.0
0.0
0.0
0.0
0.0
0.0
0.0
0.0
0.0
0.0
0.0
0.0
0.0
0.0
0.0
