0.0
0.0
0.0
0.0
0.0
0.0
0.0
0.0
0.0
0.0
0.0
0.0
0.0
0.0
0.0
0.0
0.0
0.0
0.0
0.0
0.0
0.0
0.0
0.0
0.0
0.0
0.0
0.0
0.0
0.0
0.0
0.0
0.0
0.0
0.0
0.0
0.0
0.0
0.0
0.0
0.0
0.0
0.0
0.0
0.0
0.0
0.0
0.0
0.0
0.0
0.0
0.0
0.0
0.0
0.0
0.0
0.0
0.0
0.0
0.0
0.0
0.0
0.0
0.0
0.0
0.0
0.0
0.0
0.0
0.0
0.0
0.0
0.0
0.0
0.0
0.0
0.0
0.0
0.0
0.0
0.0
0.0
0.0
0.0
0.0
0.0
0.0
0.0
0.0
0.0
0.0
0.0
0.0
0.0
0.0
0.0
0.0
0.0
0.0
0.0
0.0
0.0
0.0
0.0
0.0
0.0
0.0
0.0
0.0
0.0
0.0
0.0
0.0
0.0
0.0
0.0
0.0
0.0
0.0
0.0
0.0
0.0
0.0
0.0
0.0
0.0
0.0
0.0
0.0
0.0
0.0
0.0
0.0
0.0
0.0
0.0
0.0
0.0
0.0
0.0
0.0
0.0
0.0
0.0
0.0
0.0
0.0
0.0
0.0
0.0
0.0
0.0
0.0
0.0
0.0
0.0
0.0
0.0
0.0
0.0
0.0
0.0
0.0
0.0
0.0
0.0
0.0
0.0
0.0
0.0
0.0
0.0
0.0
0.0
0.0
0.0
0.0
0.0
0.0
0.0
0.0
0.0
0.0
0.0
0.0
0.0
0.0
0.0
0.0
0.0
0.0
0.0
0.0
0.0
0.0
0.0
0.0
0.0
0.0
0.0
0.0
0.0
0.0
0.0
0.0
0.0
0.0
0.0
0.0
0.0
0.0
0.0
0.0
0.0
0.0
0.0
0.0
0.0
0.0
0.0
0.0
0.0
0.0
0.0
0.0
0.0
0.0
0.0
0.0
0.0
0.0
0.0
0.0
0.0
0.0
0.0
0.0
0.0
0.0
0.0
0.0
0.0
0.0
0.0
0.0
0.0
0.0
0.0
0.0
0.0
0.0
0.0
0.0
0.0
0.0
0.0
0.0
0.0
0.0
0.0
0.0
0.0
0.0
0.0
0.0
0.0
0.0
0.0
0.0
0.0
0.0
0.0
0.0
0.0
0.0
0.0
0.0
0.0
0.0
0.0
0.0
0.0
0.0
0.0
0.0
0.0
0.0
0.0
0.0
0.0
0.0
0.0
0.0
0.0
0.0
0.0
0.0
0.0
0.0
205.0778686754293
205.07807373463015
212.38938053097345
212.38938053097345
212.38938053097345
212.38938053097345
209.6069868995633
207.7922077922078
207.7922077922078
207.7922077922078
206.89655172413794
205.12820512820514
204.25531914893617
203.38983050847457
202.53164556962025
201.68067226890756
200.0
199.1701244813278
196.72131147540983
195.91836734693877
0.0
0.0
0.0
0.0
0.0
0.0
0.0
0.0
0.0
0.0
0.0
0.0
0.0
0.0
0.0
0.0
0.0
206.00858369098714
199.21875
206.00858369098714
206.00858369098714
203.38983050847457
200.0
195.91836734693877
194.33198380566802
193.5483870967742
192.0
190.47619047619048
188.9763779527559
186.7704280155642
186.04651162790697
185.32818532818533
185.32818532818533
185.32818532818533
177.77777777777777
177.77777777777777
186.04651162790697
0.0
0.0
212.38938053097345
212.38938053097345
213.33333333333334
213.33333333333334
213.33333333333334
214.28571428571428
215.24663677130044
216.21621621621622
216.21621621621622
216.21621621621622
216.21621621621622
216.21621621621622
216.21621621621622
216.21621621621622
215.24663677130044
213.33333333333334
213.33333333333334
213.33333333333334
207.7922077922078
0.0
0.0
0.0
0.0
0.0
0.0
0.0
0.0
0.0
0.0
0.0
0.0
0.0
0.0
0.0
0.0
0.0
0.0
0.0
0.0
0.0
0.0
0.0
0.0
216.78775
222.22222222222223
220.1834862385321
220.1834862385321
219.17808219178082
218.1818181818182
218.1818181818182
0.0
0.0
0.0
0.0
0.0
0.0
0.0
0.0
0.0
198.34710743801654
198.34710743801654
198.34710743801654
196.72131147540983
192.7710843373494
188.9763779527559
187.5
0.0
0.0
0.0
0.0
0.0
0.0
0.0
0.0
0.0
213.33333333333334
213.33333333333334
213.33333333333334
213.33333333333334
208.69565217391303
206.00858369098714
205.12820512820514
203.38983050847457
203.38983050847457
203.38983050847457
203.38983050847457
201.68067226890756
201.68067226890756
201.68067226890756
201.68067226890756
200.0
199.1701244813278
197.53086419753086
197.53086419753086
197.53086419753086
197.53086419753086
197.53086419753086
198.34710743801654
198.34710743801654
198.34710743801654
198.34710743801654
197.53086419753086
197.53086419753086
195.1219512195122
193.5483870967742
191.23505976095618
191.23505976095618
191.23505976095618
191.23505976095618
187.5
179.77528089887642
0.0
0.0
0.0
0.0
0.0
0.0
0.0
0.0
0.0
0.0
0.0
0.0
0.0
0.0
0.0
0.0
0.0
0.0
0.0
0.0
0.0
0.0
0.0
209.6069868995633
209.6069868995633
209.6069868995633
206.89655172413794
202.53164556962025
196.72131147540983
192.0
187.5
182.50950570342206
179.77528089887642
186.7704280155642
188.9763779527559
189.72332015810278
0.0
0.0
0.0
0.0
0.0
0.0
206.00858369098714
210.52631578947367
210.52631578947367
210.52631578947367
210.52631578947367
209.6069868995633
208.69565217391303
207.7922077922078
207.7922077922078
207.7922077922078
206.89655172413794
206.00858369098714
204.25531914893617
202.53164556962025
201.68067226890756
200.836820083682
199.1701244813278
198.34710743801654
198.34710743801654
198.34710743801654
196.72131147540983
194.33198380566802
190.47619047619048
182.50950570342206
0.0
0.0
0.0
0.0
0.0
0.0
0.0
192.0
192.0
192.0
192.0
190.47619047619048
189.72332015810278
188.9763779527559
187.5
187.5
187.5
187.5
187.5
188.23529411764707
189.72332015810278
192.0
195.1219512195122
195.1219512195122
195.1219512195122
191.40625
0.0
0.0
0.0
0.0
0.0
0.0
0.0
0.0
0.0
0.0
0.0
0.0
197.53086419753086
197.53086419753086
197.53086419753086
194.33198380566802
192.7710843373494
191.23505976095618
188.23529411764707
185.32818532818533
183.206106870229
183.206106870229
176.47058823529412
0.0
0.0
0.0
0.0
206.89655172413794
206.89655172413794
206.89655172413794
206.89655172413794
205.12820512820514
204.25531914893617
204.25531914893617
203.38983050847457
201.68067226890756
200.0
197.53086419753086
195.91836734693877
195.1219512195122
194.33198380566802
194.33198380566802
194.33198380566802
194.33198380566802
192.0
187.5
186.04651162790697
188.9763779527559
204.25531914893617
213.33333333333334
213.33333333333334
213.33333333333334
213.33333333333334
213.33333333333334
213.33333333333334
213.33333333333334
213.33333333333334
213.33333333333334
213.33333333333334
213.33333333333334
214.28571428571428
215.24663677130044
217.1945701357466
217.1945701357466
218.1818181818182
219.17808219178082
220.1834862385321
220.1834862385321
220.1834862385321
220.1834862385321
220.1834862385321
210.52631578947367
0.0
0.0
0.0
0.0
0.0
0.0
0.0
0.0
0.0
0.0
192.7710843373494
192.7710843373494
192.7710843373494
193.5483870967742
193.5483870967742
193.5483870967742
196.72131147540983
199.1701244813278
199.1701244813278
199.1701244813278
199.1701244813278
189.453125
0.0
0.0
0.0
0.0
0.0
0.0
0.0
0.0
0.0
195.1219512195122
195.1219512195122
195.1219512195122
194.33198380566802
193.5483870967742
193.5483870967742
193.5483870967742
193.5483870967742
193.5483870967742
192.7710843373494
192.7710843373494
192.7710843373494
191.23505976095618
188.23529411764707
182.50950570342206
0.0
0.0
0.0
192.7710843373494
192.7710843373494
192.7710843373494
192.7710843373494
187.5
185.32818532818533
181.8181818181818
181.8181818181818
181.8181818181818
181.8181818181818
183.90804597701148
188.23529411764707
188.23529411764707
188.23529411764707
188.23529411764707
187.5
186.7704280155642
186.04651162790697
184.6153846153846
183.90804597701148
181.8181818181818
179.77528089887642
175.82417582417582
175.82417582417582
173.91304347826087
173.91304347826087
173.91304347826087
0.0
0.0
0.0
0.0
0.0
0.0
0.0
0.0
190.47619047619048
190.47619047619048
190.47619047619048
190.47619047619048
187.5
184.6153846153846
184.6153846153846
183.90804597701148
183.90804597701148
183.90804597701148
183.90804597701148
183.90804597701148
183.206106870229
182.50950570342206
181.8181818181818
180.45112781954887
178.43866171003717
179.77528089887642
0.0
0.0
0.0
0.0
0.0
0.0
0.0
0.0
0.0
0.0
0.0
0.0
0.0
0.0
0.0
0.0
203.38983050847457
203.38983050847457
203.38983050847457
202.53164556962025
202.53164556962025
201.68067226890756
186.7704280155642
186.04651162790697
185.32818532818533
185.32818532818533
184.6153846153846
184.6153846153846
183.90804597701148
183.206106870229
182.50950570342206
180.45112781954887
177.77777777777777
176.47058823529412
174.54545454545453
175.1824817518248
179.3002915451895
180.37650327988337
188.9763779527559
188.9763779527559
188.9763779527559
188.9763779527559
188.23529411764707
185.32818532818533
183.206106870229
181.1320754716981
180.45112781954887
180.45112781954887
180.45112781954887
180.45112781954887
179.1044776119403
178.43866171003717
117.93611793611794
92.13051823416507
92.13051823416507
88.56088560885608
0.0
0.0
0.0
0.0
0.0
0.0
0.0
0.0
0.0
0.0
0.0
0.0
0.0
0.0
0.0
0.0
0.0
0.0
0.0
0.0
0.0
0.0
0.0
0.0
0.0
0.0
0.0
0.0
0.0
0.0
0.0
0.0
0.0
0.0
0.0
0.0
0.0
0.0
0.0
0.0
0.0
0.0
0.0
0.0
0.0
0.0
0.0
0.0
0.0
0.0
0.0
0.0
0.0
0.0
0.0
0.0
0.0
0.0
0.0
0.0
0.0
0.0
0.0
0.0
0.0
0.0
0.0
0.0
0.0
0.0
0.0
0.0
0.0
0.0
0.0
0.0
0.0
0.0
0.0
0.0
0.0
0.0
0.0
0.0
0.0
0.0
0.0
0.0
0.0
0.0
0.0
0.0
0.0
0.0
0.0
0.0
0.0
0.0
0.0
0.0
0.0
0.0
0.0
0.0
0.0
0.0
0.0
0.0
0.0
0.0
0.0
0.0
0.0
0.0
0.0
0.0
0.0
0.0
0.0
0.0
0.0
0.0
