0.0
0.0
0.0
0.0
0.0
0.0
0.0
0.0
0.0
0.0
0.0
0.0
0.0
0.0
0.0
0.0
0.0
0.0
0.0
0.0
0.0
0.0
0.0
0.0
0.0
0.0
0.0
0.0
0.0
0.0
0.0
0.0
0.0
0.0
0.0
0.0
0.0
0.0
0.0
0.0
0.0
0.0
0.0
0.0
0.0
0.0
0.0
0.0
0.0
0.0
0.0
0.0
0.0
0.0
0.0
0.0
0.0
0.0
0.0
0.0
0.0
0.0
0.0
0.0
0.0
0.0
0.0
0.0
0.0
0.0
0.0
0.0
0.0
0.0
0.0
0.0
0.0
0.0
0.0
0.0
0.0
0.0
0.0
0.0
0.0
0.0
0.0
0.0
0.0
0.0
0.0
0.0
0.0
0.0
0.0
0.0
0.0
0.0
0.0
0.0
0.0
0.0
0.0
0.0
0.0
0.0
0.0
0.0
0.0
0.0
0.0
0.0
0.0
0.0
0.0
0.0
0.0
0.0
0.0
0.0
0.0
0.0
0.0
0.0
0.0
0.0
0.0
0.0
0.0
0.0
0.0
0.0
0.0
0.0
0.0
0.0
0.0
0.0
0.0
0.0
0.0
0.0
0.0
0.0
0.0
0.0
0.0
0.0
0.0
0.0
0.0
0.0
0.0
0.0
0.0
0.0
0.0
0.0
0.0
0.0
0.0
0.0
0.0
0.0
0.0
0.0
0.0
0.0
0.0
0.0
0.0
0.0
0.0
0.0
0.0
0.0
0.0
0.0
0.0
0.0
0.0
0.0
0.0
0.0
0.0
0.0
0.0
0.0
0.0
0.0
0.0
0.0
0.0
0.0
0.0
0.0
0.0
0.0
0.0
0.0
0.0
0.0
0.0
0.0
0.0
0.0
0.0
0.0
0.0
0.0
0.0
0.0
0.0
0.0
0.0
0.0
0.0
0.0
0.0
0.0
0.0
0.0
0.0
0.0
0.0
0.0
0.0
0.0
0.0
0.0
0.0
0.0
0.0
0.0
0.0
0.0
0.0
0.0
0.0
0.0
85.71428571428571
85.71428571428571
85.40925266903915
85.40925266903915
85.71428571428571
85.86762075134168
87.27272727272727
87.890625
86.9140625
84.9609375
83.0078125
81.0546875
79.1015625
77.1484375
76.171875
76.8
76.171875
76.171875
76.171875
76.171875
83.04498269896193
83.47826086956522
0.0
0.0
0.0
0.0
0.0
0.0
0.0
0.0
0.0
0.0
0.0
0.0
0.0
109.390625
110.609375
111.17881944444444
111.328125
111.328125
109.375
107.421875
112.67605633802818
0.0
0.0
0.0
0.0
0.0
0.0
0.0
0.0
0.0
0.0
0.0
0.0
0.0
0.0
0.0
0.0
0.0
0.0
0.0
103.00429184549357
93.87527332361516
93.77572953784689
93.75
93.75
93.75
93.75
93.75
93.75
0.0
0.0
0.0
0.0
0.0
0.0
0.0
0.0
0.0
0.0
0.0
122.13134765625
122.85472728587962
123.046875
123.046875
123.046875
125.0
126.953125
128.90625
129.72972972972974
122.7621483375959
0.0
0.0
0.0
0.0
0.0
0.0
0.0
0.0
0.0
0.0
0.0
151.79710276967927
152.22986516034985
152.34375
152.34375
152.34375
148.4375
142.578125
134.765625
125.32637075718016
0.0
0.0
0.0
0.0
0.0
0.0
0.0
0.0
0.0
92.84332688588007
93.75
91.796875
89.84375
92.84332688588007
89.88764044943821
83.984375
88.88888888888889
82.03125
0.0
0.0
0.0
0.0
0.0
78.125
83.04498269896193
76.171875
80.53691275167785
81.77172061328791
81.77172061328791
81.49405772495756
79.47019867549669
82.3327615780446
0.0
0.0
0.0
0.0
0.0
0.0
0.0
0.0
0.0
0.0
0.0
0.0
0.0
0.0
0.0
0.0
0.0
0.0
0.0
0.0
0.0
0.0
0.0
0.0
0.0
98.96907216494846
98.96907216494846
99.17355371900827
98.96907216494846
98.76543209876543
93.75
94.48818897637796
94.48818897637796
0.0
0.0
0.0
0.0
0.0
0.0
0.0
0.0
0.0
0.0
0.0
0.0
0.0
0.0
134.45378151260505
122.93720245361328
123.046875
123.046875
123.046875
117.1875
111.328125
105.46875
105.46875
105.72687224669603
97.65625
95.04950495049505
91.42857142857143
87.91208791208791
86.17594254937164
86.02150537634408
83.18890814558058
82.61617900172116
82.61617900172116
82.61617900172116
82.61617900172116
82.61617900172116
82.61617900172116
82.61617900172116
82.90155440414507
83.62369337979094
0.0
0.0
0.0
0.0
0.0
0.0
0.0
0.0
82.03125
90.22556390977444
91.95402298850574
91.95402298850574
94.48818897637796
95.80838323353294
95.80838323353294
95.80838323353294
96.3855421686747
96.96969696969697
97.75967413441956
99.79209979209979
117.1875
117.1875
115.234375
99.37888198757764
99.37888198757764
0.0
0.0
0.0
0.0
0.0
0.0
0.0
0.0
0.0
0.0
0.0
111.328125
111.328125
111.328125
111.328125
111.02973090277777
109.94466145833333
107.74739583333333
104.57356770833333
100.91145833333333
97.24934895833333
93.88563368055556
90.8203125
93.5672514619883
92.13051823416507
91.95402298850574
91.95402298850574
90.0562851782364
89.21933085501858
87.43169398907104
85.1063829787234
0.0
0.0
0.0
0.0
0.0
0.0
0.0
0.0
0.0
0.0
76.171875
84.65608465608466
84.65608465608466
83.04498269896193
81.08108108108108
80.13355592654425
78.81773399014779
78.81773399014779
78.43137254901961
78.17589576547232
78.17589576547232
78.55973813420621
78.55973813420621
78.55973813420621
78.17589576547232
78.17589576547232
78.81773399014779
78.17589576547232
76.31160572337043
0.0
0.0
0.0
0.0
0.0
0.0
0.0
0.0
0.0
0.0
0.0
0.0
0.0
0.0
0.0
0.0
0.0
0.0
0.0
0.0
0.0
0.0
0.0
0.0
0.0
0.0
0.0
0.0
0.0
0.0
0.0
0.0
0.0
0.0
0.0
0.0
0.0
0.0
0.0
0.0
0.0
0.0
0.0
0.0
0.0
0.0
0.0
0.0
0.0
0.0
0.0
0.0
0.0
0.0
0.0
0.0
0.0
0.0
0.0
0.0
0.0
0.0
0.0
0.0
0.0
0.0
0.0
0.0
0.0
0.0
0.0
0.0
0.0
0.0
0.0
0.0
0.0
0.0
0.0
0.0
0.0
0.0
0.0
0.0
0.0
0.0
0.0
0.0
0.0
0.0
0.0
0.0
0.0
0.0
0.0
0.0
0.0
0.0
0.0
0.0
0.0
0.0
0.0
0.0
0.0
0.0
0.0
0.0
0.0
0.0
0.0
0.0
0.0
0.0
0.0
0.0
0.0
0.0
0.0
0.0
0.0
0.0
0.0
0.0
0.0
0.0
0.0
0.0
0.0
0.0
0.0
0.0
0.0
0.0
0.0
0.0
0.0
0.0
0.0
0.0
0.0
0.0
