0.0
0.0
0.0
0.0
0.0
0.0
0.0
0.0
0.0
0.0
0.0
0.0
0.0
0.0
0.0
0.0
0.0
0.0
0.0
0.0
0.0
0.0
0.0
0.0
0.0
0.0
0.0
0.0
0.0
0.0
0.0
0.0
0.0
0.0
0.0
0.0
0.0
0.0
0.0
0.0
0.0
0.0
0.0
0.0
0.0
0.0
0.0
0.0
0.0
0.0
0.0
0.0
0.0
0.0
0.0
0.0
0.0
0.0
0.0
0.0
0.0
0.0
0.0
0.0
0.0
0.0
0.0
0.0
0.0
0.0
0.0
0.0
0.0
0.0
0.0
0.0
0.0
0.0
0.0
0.0
0.0
0.0
0.0
0.0
0.0
0.0
0.0
0.0
0.0
0.0
0.0
0.0
0.0
0.0
0.0
0.0
0.0
0.0
0.0
0.0
0.0
0.0
0.0
0.0
0.0
0.0
0.0
0.0
0.0
0.0
0.0
0.0
0.0
0.0
0.0
0.0
0.0
0.0
0.0
0.0
0.0
0.0
0.0
0.0
0.0
0.0
0.0
0.0
0.0
0.0
0.0
0.0
0.0
0.0
0.0
0.0
0.0
0.0
0.0
0.0
0.0
0.0
0.0
0.0
0.0
0.0
0.0
0.0
0.0
0.0
0.0
0.0
0.0
0.0
0.0
0.0
0.0
0.0
0.0
0.0
0.0
0.0
0.0
0.0
0.0
0.0
0.0
0.0
0.0
0.0
0.0
0.0
0.0
0.0
0.0
0.0
0.0
0.0
0.0
0.0
0.0
0.0
0.0
0.0
0.0
0.0
0.0
0.0
0.0
0.0
0.0
0.0
0.0
0.0
0.0
0.0
0.0
0.0
0.0
0.0
0.0
0.0
0.0
0.0
0.0
0.0
0.0
0.0
0.0
0.0
0.0
0.0
0.0
0.0
0.0
0.0
0.0
0.0
0.0
0.0
0.0
0.0
0.0
0.0
0.0
0.0
0.0
0.0
0.0
0.0
0.0
0.0
0.0
0.0
0.0
0.0
0.0
0.0
0.0
0.0
0.0
0.0
0.0
0.0
0.0
0.0
0.0
0.0
0.0
0.0
0.0
0.0
0.0
0.0
0.0
0.0
0.0
0.0
0.0
0.0
0.0
0.0
0.0
0.0
0.0
0.0
0.0
0.0
0.0
0.0
0.0
0.0
0.0
0.0
0.0
0.0
0.0
0.0
0.0
0.0
0.0
0.0
0.0
0.0
0.0
120.00868055555556
123.046875
123.046875
123.046875
123.046875
123.046875
123.046875
123.046875
123.046875
121.8274111675127
117.07317073170732
117.07317073170732
108.10810810810811
107.86516853932584
128.0
0.0
0.0
123.71134020618557
123.71134020618557
122.93868440233236
123.046875
123.046875
123.046875
125.0
126.953125
129.3800539083558
130.43478260869566
128.90625
130.859375
132.8125
134.765625
134.765625
134.765625
136.71875
140.625
144.53125
150.0
146.484375
146.484375
146.484375
144.53125
142.578125
138.671875
136.71875
134.5977783203125
133.9874267578125
132.75146484375
130.9661865234375
128.90625
125.32637075718016
125.32637075718016
125.32637075718016
123.2147216796875
123.046875
123.046875
123.046875
123.046875
121.09375
119.140625
117.6470588235294
0.0
0.0
0.0
0.0
0.0
0.0
0.0
0.0
0.0
0.0
0.0
0.0
0.0
0.0
0.0
0.0
0.0
0.0
0.0
0.0
0.0
0.0
105.59020970502986
105.54907225848338
115.38461538461539
114.83253588516746
114.83253588516746
113.74407582938389
112.41217798594847
111.8881118881119
111.8881118881119
111.8881118881119
111.8881118881119
112.14953271028037
112.14953271028037
113.74407582938389
115.10791366906474
117.07317073170732
119.10669975186104
120.0
120.30075187969925
117.1875
117.1875
120.30075187969925
117.93611793611794
0.0
0.0
0.0
0.0
0.0
0.0
0.0
0.0
0.0
0.0
0.0
0.0
0.0
0.0
0.0
0.0
0.0
0.0
0.0
117.1875
0.0
114.6240234375
111.328125
107.62331838565022
107.38255033557047
107.38255033557047
107.38255033557047
107.14285714285714
106.9042316258352
106.9042316258352
106.9042316258352
107.14285714285714
107.14285714285714
107.38255033557047
107.38255033557047
109.33940774487472
109.33940774487472
111.11111111111111
111.11111111111111
112.67605633802818
113.47517730496453
114.28571428571429
115.38461538461539
115.94202898550725
115.94202898550725
115.94202898550725
116.2227602905569
116.2227602905569
111.328125
115.10791366906474
0.0
0.0
0.0
0.0
0.0
0.0
0.0
0.0
0.0
0.0
0.0
0.0
0.0
0.0
0.0
0.0
0.0
0.0
0.0
0.0
0.0
0.0
0.0
0.0
0.0
0.0
0.0
0.0
0.0
0.0
0.0
0.0
0.0
0.0
0.0
0.0
0.0
0.0
0.0
111.328125
111.328125
110.59907834101382
111.328125
111.328125
111.328125
114.01425178147268
111.11111111111111
109.83981693363845
109.83981693363845
0.0
0.0
0.0
0.0
0.0
0.0
0.0
0.0
0.0
0.0
0.0
0.0
112.67605633802818
105.46875
105.46875
112.67605633802818
113.74407582938389
113.47517730496453
112.67605633802818
112.41217798594847
111.11111111111111
109.58904109589041
107.62331838565022
107.14285714285714
107.14285714285714
107.14285714285714
107.14285714285714
110.59907834101382
113.20754716981132
115.10791366906474
116.2227602905569
116.2227602905569
116.2227602905569
116.2227602905569
115.38461538461539
115.38461538461539
115.38461538461539
115.38461538461539
118.51851851851852
120.30075187969925
120.60301507537689
122.7621483375959
122.7621483375959
122.7621483375959
122.7621483375959
123.39331619537275
0.0
0.0
0.0
0.0
0.0
0.0
0.0
0.0
0.0
0.0
0.0
0.0
0.0
0.0
0.0
0.0
0.0
0.0
0.0
0.0
0.0
0.0
0.0
0.0
0.0
0.0
0.0
0.0
0.0
0.0
0.0
0.0
0.0
0.0
0.0
0.0
0.0
0.0
0.0
0.0
0.0
0.0
0.0
0.0
0.0
0.0
0.0
0.0
0.0
0.0
0.0
0.0
0.0
0.0
0.0
0.0
0.0
0.0
0.0
0.0
0.0
0.0
0.0
0.0
0.0
0.0
0.0
0.0
0.0
0.0
0.0
0.0
0.0
0.0
0.0
0.0
0.0
0.0
0.0
0.0
0.0
0.0
0.0
0.0
0.0
0.0
0.0
0.0
0.0
0.0
0.0
0.0
0.0
0.0
0.0
0.0
0.0
0.0
0.0
0.0
0.0
0.0
0.0
0.0
0.0
0.0
0.0
0.0
0.0
0.0
0.0
0.0
0.0
0.0
0.0
0.0
0.0
0.0
0.0
0.0
0.0
0.0
0.0
0.0
0.0
