0.0
0.0
0.0
0.0
0.0
0.0
0.0
0.0
0.0
0.0
0.0
0.0
0.0
0.0
0.0
0.0
0.0
0.0
0.0
0.0
0.0
0.0
0.0
0.0
0.0
0.0
0.0
0.0
0.0
0.0
0.0
0.0
0.0
0.0
0.0
0.0
0.0
0.0
0.0
0.0
0.0
0.0
0.0
0.0
0.0
0.0
0.0
0.0
0.0
0.0
0.0
0.0
0.0
0.0
0.0
0.0
0.0
0.0
0.0
0.0
0.0
0.0
0.0
0.0
0.0
0.0
0.0
0.0
0.0
0.0
0.0
0.0
0.0
0.0
0.0
0.0
0.0
0.0
0.0
0.0
0.0
0.0
0.0
0.0
0.0
0.0
0.0
0.0
0.0
0.0
0.0
0.0
0.0
0.0
0.0
0.0
0.0
0.0
0.0
0.0
0.0
0.0
0.0
0.0
0.0
0.0
0.0
0.0
0.0
0.0
0.0
0.0
0.0
0.0
0.0
0.0
0.0
0.0
0.0
0.0
0.0
0.0
0.0
0.0
0.0
0.0
0.0
0.0
0.0
0.0
0.0
0.0
0.0
0.0
0.0
0.0
0.0
0.0
0.0
0.0
0.0
0.0
0.0
0.0
0.0
0.0
0.0
0.0
0.0
0.0
0.0
0.0
0.0
0.0
0.0
0.0
0.0
0.0
0.0
0.0
0.0
0.0
0.0
0.0
0.0
0.0
0.0
0.0
0.0
0.0
0.0
0.0
0.0
0.0
0.0
0.0
0.0
0.0
0.0
0.0
0.0
0.0
0.0
0.0
0.0
0.0
0.0
0.0
0.0
0.0
0.0
0.0
0.0
0.0
0.0
0.0
0.0
0.0
0.0
0.0
0.0
0.0
0.0
0.0
0.0
0.0
0.0
0.0
0.0
0.0
0.0
0.0
0.0
0.0
0.0
0.0
0.0
0.0
0.0
0.0
0.0
0.0
0.0
0.0
0.0
0.0
0.0
0.0
0.0
0.0
0.0
0.0
0.0
0.0
0.0
0.0
0.0
0.0
0.0
0.0
0.0
0.0
0.0
0.0
0.0
0.0
0.0
0.0
0.0
0.0
0.0
0.0
0.0
0.0
0.0
0.0
0.0
0.0
0.0
0.0
0.0
0.0
0.0
0.0
0.0
0.0
0.0
0.0
0.0
0.0
0.0
0.0
0.0
0.0
0.0
0.0
0.0
0.0
0.0
0.0
0.0
0.0
0.0
0.0
0.0
0.0
0.0
0.0
0.0
0.0
0.0
0.0
0.0
0.0
0.0
0.0
0.0
0.0
0.0
0.0
0.0
0.0
0.0
0.0
0.0
0.0
0.0
0.0
0.0
0.0
0.0
0.0
0.0
0.0
0.0
0.0
0.0
0.0
0.0
0.0
0.0
0.0
0.0
0.0
0.0
0.0
0.0
0.0
0.0
0.0
0.0
0.0
0.0
0.0
0.0
0.0
0.0
0.0
0.0
0.0
0.0
0.0
0.0
182.50950570342206
175.78129645882555
175.78125
175.78125
175.78125
177.734375
181.46190767973854
186.7704280155642
186.7704280155642
188.9763779527559
194.33198380566802
200.0
206.89655172413794
210.52631578947367
211.45374449339207
211.45374449339207
211.45374449339207
207.03125
205.078125
206.89655172413794
206.89655172413794
206.89655172413794
206.89655172413794
220.1834862385321
220.1834862385321
220.1834862385321
220.1834862385321
217.1945701357466
216.21621621621622
216.21621621621622
215.24663677130044
215.24663677130044
215.24663677130044
214.28571428571428
212.38938053097345
211.45374449339207
210.52631578947367
207.7922077922078
204.25531914893617
200.0
198.34710743801654
197.53086419753086
183.59375
179.6875
184.6153846153846
183.206106870229
182.50950570342206
175.78125
173.828125
171.875
167.96875
170.8185053380783
170.2127659574468
164.94845360824743
164.94845360824743
0.0
0.0
90.9090909090909
89.05380333951763
89.05380333951763
90.9090909090909
90.9090909090909
161.6161616161616
162.16216216216216
163.26530612244898
163.26530612244898
163.26530612244898
165.51724137931035
172.66187050359713
180.45112781954887
184.6153846153846
205.078125
216.796875
222.65625
211.45374449339207
221.19815668202764
228.57142857142858
235.2941176470588
242.42424242424244
247.42268041237114
253.90625
255.859375
259.765625
261.71875
263.671875
265.625
268.1564245810056
269.6629213483146
272.72727272727275
274.2857142857143
275.86206896551727
275.86206896551727
275.86206896551727
275.86206896551727
275.86206896551727
277.4566473988439
280.70175438596493
275.390625
277.34375
279.296875
282.3529411764706
280.70175438596493
272.72727272727275
0.0
0.0
0.0
0.0
0.0
0.0
0.0
0.0
0.0
0.0
0.0
237.62376237623764
228.66539168582574
228.515625
237.62376237623764
235.2941176470588
233.0097087378641
233.0097087378641
228.57142857142858
222.22222222222223
215.24663677130044
208.69565217391303
201.68067226890756
181.640625
181.640625
179.6875
177.734375
175.78125
173.828125
171.875
169.921875
167.96875
166.015625
164.0625
162.109375
160.15625
163.26530612244898
161.0738255033557
158.41584158415841
157.37704918032787
156.35179153094464
155.84415584415584
155.3398058252427
154.83870967741936
154.83870967741936
154.83870967741936
152.86624203821657
0.0
0.0
0.0
0.0
0.0
0.0
0.0
0.0
0.0
0.0
0.0
0.0
0.0
0.0
0.0
0.0
0.0
0.0
0.0
195.91836734693877
177.77777777777777
175.78125
175.82417582417582
171.42857142857142
170.2127659574468
0.0
0.0
0.0
0.0
0.0
0.0
0.0
166.66666666666666
158.3395942900075
158.203125
162.16216216216216
162.16216216216216
161.6161616161616
160.0
158.41584158415841
157.89473684210526
156.86274509803923
154.83870967741936
153.3546325878594
152.86624203821657
151.8987341772152
151.8987341772152
151.8987341772152
151.8987341772152
166.66666666666666
0.0
0.0
0.0
0.0
0.0
0.0
0.0
0.0
0.0
0.0
0.0
0.0
0.0
0.0
0.0
0.0
150.47021943573668
150.47021943573668
150.47021943573668
149.53271028037383
146.34146341463415
145.89665653495442
145.89665653495442
145.89665653495442
145.89665653495442
146.34146341463415
147.23926380368098
148.60681114551085
150.9433962264151
150.9433962264151
152.86624203821657
153.3546325878594
153.3546325878594
0.0
0.0
0.0
0.0
0.0
0.0
0.0
0.0
0.0
0.0
0.0
0.0
0.0
0.0
0.0
0.0
0.0
0.0
0.0
0.0
0.0
0.0
0.0
0.0
0.0
0.0
0.0
0.0
0.0
0.0
0.0
0.0
0.0
0.0
0.0
0.0
0.0
0.0
0.0
0.0
0.0
0.0
0.0
0.0
0.0
0.0
0.0
0.0
0.0
0.0
0.0
0.0
0.0
0.0
0.0
0.0
0.0
0.0
0.0
0.0
0.0
0.0
0.0
0.0
0.0
0.0
0.0
0.0
0.0
0.0
0.0
0.0
0.0
0.0
0.0
0.0
0.0
0.0
0.0
0.0
0.0
0.0
0.0
0.0
0.0
0.0
0.0
0.0
0.0
0.0
0.0
0.0
0.0
0.0
0.0
0.0
0.0
0.0
0.0
0.0
0.0
0.0
0.0
0.0
0.0
0.0
0.0
0.0
0.0
0.0
0.0
0.0
0.0
0.0
0.0
0.0
0.0
0.0
0.0
0.0
0.0
0.0
0.0
0.0
0.0
0.0
0.0
0.0
0.0
0.0
0.0
0.0
0.0
0.0
0.0
0.0
0.0
0.0
0.0
0.0
0.0
0.0
0.0
0.0
0.0
0.0
0.0
0.0
0.0
0.0
0.0
0.0
0.0
0.0
0.0
0.0
0.0
0.0
0.0
0.0
