0.0
0.0
0.0
0.0
0.0
0.0
0.0
0.0
0.0
0.0
0.0
0.0
0.0
0.0
0.0
0.0
0.0
0.0
0.0
0.0
0.0
0.0
0.0
0.0
0.0
0.0
0.0
0.0
0.0
0.0
0.0
0.0
0.0
0.0
0.0
0.0
0.0
0.0
0.0
0.0
0.0
0.0
0.0
0.0
0.0
0.0
0.0
0.0
0.0
0.0
0.0
0.0
0.0
0.0
0.0
0.0
0.0
0.0
0.0
0.0
0.0
0.0
0.0
0.0
0.0
0.0
0.0
0.0
0.0
0.0
0.0
0.0
0.0
0.0
0.0
0.0
0.0
0.0
0.0
0.0
0.0
0.0
0.0
0.0
0.0
0.0
0.0
0.0
0.0
0.0
0.0
0.0
0.0
0.0
0.0
0.0
0.0
0.0
0.0
0.0
0.0
0.0
0.0
0.0
0.0
0.0
0.0
0.0
0.0
0.0
0.0
0.0
0.0
0.0
0.0
0.0
0.0
0.0
0.0
0.0
0.0
0.0
0.0
0.0
0.0
0.0
0.0
0.0
0.0
0.0
0.0
0.0
0.0
0.0
0.0
0.0
0.0
0.0
0.0
0.0
0.0
0.0
0.0
0.0
0.0
0.0
0.0
0.0
0.0
0.0
0.0
0.0
0.0
0.0
0.0
0.0
0.0
0.0
0.0
0.0
0.0
0.0
0.0
0.0
0.0
0.0
0.0
0.0
0.0
0.0
0.0
0.0
0.0
0.0
0.0
0.0
0.0
0.0
0.0
0.0
0.0
0.0
0.0
0.0
0.0
0.0
0.0
0.0
0.0
0.0
0.0
0.0
0.0
0.0
0.0
0.0
0.0
0.0
0.0
0.0
0.0
0.0
0.0
0.0
0.0
0.0
0.0
0.0
0.0
0.0
0.0
0.0
0.0
0.0
0.0
0.0
0.0
0.0
0.0
0.0
0.0
0.0
0.0
0.0
0.0
0.0
0.0
0.0
0.0
0.0
0.0
0.0
0.0
0.0
0.0
0.0
0.0
0.0
0.0
0.0
0.0
0.0
0.0
0.0
0.0
0.0
0.0
0.0
0.0
0.0
0.0
0.0
0.0
0.0
0.0
0.0
0.0
0.0
0.0
0.0
0.0
0.0
0.0
0.0
0.0
0.0
0.0
0.0
0.0
0.0
0.0
0.0
0.0
0.0
0.0
0.0
0.0
0.0
0.0
0.0
0.0
0.0
238.80597014925374
238.80597014925374
238.80597014925374
238.80597014925374
237.62376237623764
237.62376237623764
237.62376237623764
233.0097087378641
0.0
0.0
0.0
0.0
0.0
0.0
0.0
0.0
0.0
0.0
0.0
0.0
243.6548223350254
234.375
234.375
243.6548223350254
240.0
235.2941176470588
230.76923076923077
225.35211267605635
221.19815668202764
221.19815668202764
221.19815668202764
221.19815668202764
221.19815668202764
0.0
0.0
0.0
216.796875
216.796875
216.796875
224.29906542056074
224.29906542056074
227.48815165876778
227.48815165876778
227.48815165876778
229.66507177033492
229.66507177033492
229.66507177033492
0.0
0.0
277.4566473988439
275.20642420771287
277.4566473988439
279.06976744186045
279.06976744186045
282.3529411764706
287.4251497005988
285.15625
291.015625
296.875
302.734375
303.7974683544304
303.7974683544304
298.1366459627329
0.0
0.0
0.0
0.0
0.0
0.0
0.0
0.0
0.0
0.0
0.0
237.62376237623764
237.62376237623764
237.62376237623764
237.62376237623764
231.8840579710145
227.48815165876778
223.25581395348837
223.25581395348837
223.25581395348837
223.25581395348837
224.29906542056074
226.41509433962264
227.48815165876778
227.48815165876778
227.48815165876778
227.48815165876778
227.48815165876778
227.48815165876778
227.48815165876778
227.48815165876778
230.76923076923077
230.76923076923077
233.0097087378641
235.2941176470588
238.80597014925374
238.80597014925374
238.80597014925374
242.42424242424244
0.0
0.0
0.0
0.0
0.0
0.0
0.0
0.0
0.0
0.0
0.0
0.0
0.0
0.0
238.80597014925374
240.234375
240.234375
242.42424242424244
242.42424242424244
242.42424242424244
244.89795918367346
248.70466321243524
248.70466321243524
248.70466321243524
248.70466321243524
246.15384615384616
242.42424242424244
236.45320197044336
225.35211267605635
211.45374449339207
200.836820083682
200.836820083682
200.836820083682
200.836820083682
201.68067226890756
203.38983050847457
203.38983050847457
203.38983050847457
203.38983050847457
201.68067226890756
200.0
198.34710743801654
197.53086419753086
196.72131147540983
196.72131147540983
196.72131147540983
196.72131147540983
196.72131147540983
196.72131147540983
196.72131147540983
196.72131147540983
196.72131147540983
196.72131147540983
196.72131147540983
196.72131147540983
196.72131147540983
196.72131147540983
196.72131147540983
196.72131147540983
197.53086419753086
197.53086419753086
197.53086419753086
197.53086419753086
197.53086419753086
197.53086419753086
197.53086419753086
197.53086419753086
197.53086419753086
207.7922077922078
207.7922077922078
213.33333333333334
207.7922077922078
0.0
0.0
0.0
0.0
193.359375
193.359375
198.34710743801654
198.34710743801654
198.34710743801654
195.91836734693877
194.33198380566802
187.5
187.5
187.5
188.23529411764707
187.5
187.5
187.5
187.5
197.53086419753086
206.89655172413794
200.836820083682
0.0
0.0
0.0
210.52631578947367
204.72728587962962
210.52631578947367
210.52631578947367
208.69565217391303
207.7922077922078
207.7922077922078
207.7922077922078
207.7922077922078
206.89655172413794
204.25531914893617
200.0
200.0
200.0
200.0
217.1945701357466
217.1945701357466
217.1945701357466
217.1945701357466
213.33333333333334
209.6069868995633
206.89655172413794
202.53164556962025
200.0
200.0
200.0
200.0
200.836820083682
201.68067226890756
201.68067226890756
201.68067226890756
201.68067226890756
201.68067226890756
195.1219512195122
195.1219512195122
187.5
187.5
0.0
0.0
0.0
0.0
0.0
0.0
0.0
0.0
0.0
0.0
0.0
0.0
0.0
0.0
0.0
0.0
0.0
0.0
187.5
201.68067226890756
201.68067226890756
195.91836734693877
189.72332015810278
186.04651162790697
183.206106870229
181.8181818181818
180.45112781954887
179.77528089887642
177.12177121771217
175.82417582417582
175.82417582417582
175.82417582417582
174.54545454545453
173.28519855595667
173.28519855595667
97.5609756097561
97.3630831643002
97.16599190283401
97.16599190283401
96.3855421686747
95.23809523809524
95.23809523809524
95.04950495049505
95.23809523809524
97.3630831643002
0.0
0.0
0.0
0.0
0.0
0.0
0.0
0.0
0.0
0.0
0.0
0.0
0.0
0.0
0.0
0.0
0.0
0.0
0.0
0.0
0.0
0.0
0.0
0.0
0.0
0.0
0.0
0.0
0.0
0.0
0.0
0.0
0.0
0.0
0.0
0.0
0.0
0.0
0.0
0.0
0.0
0.0
0.0
0.0
0.0
0.0
0.0
0.0
0.0
0.0
0.0
0.0
0.0
0.0
0.0
0.0
0.0
0.0
0.0
0.0
0.0
0.0
0.0
0.0
0.0
0.0
0.0
0.0
0.0
0.0
0.0
0.0
0.0
0.0
0.0
0.0
0.0
0.0
0.0
0.0
0.0
0.0
0.0
0.0
0.0
0.0
0.0
0.0
0.0
0.0
0.0
0.0
0.0
0.0
0.0
0.0
0.0
0.0
0.0
0.0
0.0
0.0
0.0
0.0
0.0
0.0
0.0
0.0
0.0
0.0
0.0
0.0
0.0
0.0
0.0
0.0
0.0
0.0
0.0
0.0
0.0
0.0
0.0
0.0
0.0
0.0
0.0
0.0
0.0
0.0
0.0
0.0
0.0
0.0
0.0
0.0
0.0
0.0
0.0
0.0
0.0
0.0
0.0
0.0
0.0
0.0
0.0
0.0
0.0
0.0
0.0
0.0
0.0
0.0
0.0
0.0
0.0
0.0
0.0
0.0
0.0
0.0
0.0
0.0
0.0
0.0
0.0
0.0
0.0
0.0
0.0
0.0
