0.0
0.0
0.0
0.0
0.0
0.0
0.0
0.0
0.0
0.0
0.0
0.0
0.0
0.0
0.0
0.0
0.0
0.0
0.0
0.0
0.0
0.0
0.0
0.0
0.0
0.0
0.0
0.0
0.0
0.0
0.0
0.0
0.0
0.0
0.0
0.0
0.0
0.0
0.0
0.0
0.0
0.0
0.0
0.0
0.0
0.0
0.0
0.0
0.0
0.0
0.0
0.0
0.0
0.0
0.0
0.0
0.0
0.0
0.0
0.0
0.0
0.0
0.0
0.0
0.0
0.0
0.0
0.0
0.0
0.0
0.0
0.0
0.0
0.0
0.0
0.0
0.0
0.0
0.0
0.0
0.0
0.0
0.0
0.0
0.0
0.0
0.0
0.0
0.0
0.0
0.0
0.0
0.0
0.0
0.0
0.0
0.0
0.0
0.0
0.0
0.0
0.0
0.0
0.0
0.0
0.0
0.0
0.0
0.0
0.0
0.0
0.0
0.0
0.0
0.0
0.0
0.0
0.0
0.0
0.0
0.0
0.0
0.0
0.0
0.0
0.0
0.0
0.0
0.0
0.0
0.0
0.0
0.0
0.0
0.0
0.0
0.0
0.0
0.0
0.0
0.0
0.0
0.0
0.0
0.0
0.0
0.0
0.0
0.0
0.0
0.0
0.0
0.0
0.0
0.0
0.0
0.0
0.0
0.0
0.0
0.0
0.0
0.0
0.0
0.0
0.0
0.0
0.0
0.0
0.0
0.0
0.0
0.0
0.0
0.0
0.0
0.0
0.0
0.0
0.0
0.0
0.0
0.0
0.0
0.0
0.0
0.0
0.0
0.0
0.0
0.0
0.0
0.0
0.0
0.0
0.0
0.0
0.0
0.0
0.0
0.0
0.0
0.0
0.0
0.0
0.0
0.0
0.0
0.0
0.0
0.0
0.0
0.0
0.0
0.0
0.0
0.0
0.0
0.0
0.0
0.0
0.0
0.0
0.0
0.0
0.0
0.0
0.0
0.0
0.0
0.0
0.0
0.0
0.0
0.0
0.0
0.0
0.0
0.0
0.0
0.0
0.0
0.0
0.0
0.0
0.0
0.0
0.0
0.0
0.0
0.0
0.0
0.0
0.0
0.0
0.0
0.0
0.0
0.0
0.0
0.0
0.0
0.0
0.0
0.0
0.0
0.0
0.0
0.0
0.0
0.0
0.0
0.0
0.0
0.0
0.0
0.0
0.0
0.0
0.0
0.0
0.0
0.0
0.0
0.0
0.0
0.0
0.0
0.0
0.0
0.0
207.7922077922078
207.7922077922078
207.7922077922078
207.7922077922078
210.9375
207.7922077922078
207.7922077922078
0.0
0.0
0.0
0.0
0.0
0.0
0.0
0.0
199.1701244813278
199.1701244813278
199.1701244813278
210.52631578947367
210.52631578947367
210.52631578947367
210.52631578947367
210.52631578947367
215.24663677130044
223.25581395348837
228.57142857142858
234.14634146341464
241.20603015075378
236.328125
242.1875
251.953125
261.71875
271.484375
277.34375
283.203125
287.109375
291.015625
292.96875
300.0
301.8867924528302
301.8867924528302
0.0
0.0
0.0
0.0
0.0
0.0
0.0
0.0
0.0
0.0
0.0
272.72727272727275
268.6324218697188
265.625
263.671875
263.671875
269.6629213483146
268.1564245810056
266.6666666666667
266.6666666666667
266.6666666666667
266.6666666666667
269.6629213483146
274.2857142857143
279.06976744186045
279.06976744186045
280.70175438596493
280.70175438596493
272.72727272727275
280.70175438596493
0.0
0.0
0.0
0.0
0.0
0.0
0.0
0.0
0.0
0.0
0.0
212.38938053097345
212.38938053097345
211.45374449339207
209.6069868995633
204.25531914893617
198.34710743801654
195.1219512195122
192.7710843373494
190.47619047619048
188.23529411764707
186.7704280155642
185.32818532818533
183.90804597701148
181.8181818181818
179.77528089887642
178.43866171003717
170.2127659574468
169.6113074204947
169.6113074204947
169.6113074204947
169.6113074204947
173.91304347826087
175.82417582417582
177.12177121771217
177.12177121771217
177.12177121771217
177.12177121771217
177.12177121771217
175.82417582417582
175.82417582417582
175.82417582417582
175.82417582417582
175.82417582417582
175.82417582417582
174.54545454545453
173.91304347826087
173.91304347826087
173.91304347826087
173.91304347826087
173.91304347826087
174.54545454545453
175.82417582417582
176.47058823529412
177.77777777777777
179.77528089887642
181.8181818181818
181.8181818181818
183.206106870229
183.206106870229
0.0
0.0
0.0
0.0
0.0
0.0
0.0
0.0
0.0
0.0
0.0
0.0
0.0
0.0
0.0
0.0
200.0
200.0
200.0
187.5
187.5
187.5
188.23529411764707
184.6153846153846
180.45112781954887
180.45112781954887
168.42105263157896
175.1824817518248
0.0
0.0
0.0
0.0
195.1219512195122
193.03480320699708
193.359375
193.359375
197.53086419753086
197.53086419753086
200.0
202.53164556962025
205.12820512820514
206.89655172413794
208.69565217391303
210.52631578947367
212.38938053097345
214.28571428571428
217.1945701357466
220.1834862385321
224.29906542056074
229.66507177033492
231.8840579710145
231.8840579710145
231.8840579710145
234.14634146341464
235.2941176470588
0.0
0.0
0.0
0.0
0.0
0.0
0.0
0.0
0.0
0.0
0.0
0.0
0.0
0.0
229.66507177033492
231.8840579710145
231.8840579710145
231.8840579710145
231.8840579710145
229.66507177033492
225.35211267605635
215.24663677130044
208.69565217391303
210.52631578947367
213.33333333333334
216.21621621621622
236.45320197044336
236.45320197044336
236.45320197044336
236.45320197044336
231.8840579710145
227.48815165876778
221.19815668202764
216.21621621621622
211.45374449339207
205.12820512820514
198.34710743801654
191.23505976095618
185.32818532818533
175.78125
173.828125
177.12177121771217
175.1824817518248
172.66187050359713
170.8185053380783
169.6113074204947
169.01408450704224
167.83216783216784
166.66666666666666
165.51724137931035
164.3835616438356
162.71186440677965
162.71186440677965
162.71186440677965
162.71186440677965
164.94845360824743
163.26530612244898
166.66666666666666
167.24738675958187
168.42105263157896
168.42105263157896
168.42105263157896
167.24738675958187
167.24738675958187
164.94845360824743
163.82252559726962
162.16216216216216
160.5351170568562
160.5351170568562
160.5351170568562
160.5351170568562
160.5351170568562
161.6161616161616
161.6161616161616
163.82252559726962
164.94845360824743
167.24738675958187
170.2127659574468
170.2127659574468
176.47058823529412
0.0
0.0
0.0
0.0
0.0
0.0
0.0
0.0
0.0
0.0
0.0
0.0
0.0
0.0
0.0
0.0
0.0
0.0
0.0
0.0
0.0
0.0
0.0
0.0
0.0
0.0
0.0
0.0
0.0
0.0
0.0
0.0
0.0
0.0
0.0
0.0
0.0
0.0
0.0
0.0
0.0
0.0
0.0
0.0
0.0
0.0
0.0
0.0
0.0
0.0
0.0
0.0
0.0
0.0
0.0
0.0
0.0
0.0
0.0
0.0
0.0
0.0
0.0
0.0
0.0
0.0
0.0
0.0
0.0
0.0
0.0
0.0
0.0
0.0
0.0
0.0
0.0
0.0
0.0
0.0
0.0
0.0
0.0
0.0
0.0
0.0
0.0
0.0
0.0
0.0
0.0
0.0
0.0
0.0
0.0
0.0
0.0
0.0
0.0
0.0
0.0
0.0
0.0
0.0
0.0
0.0
0.0
0.0
0.0
0.0
0.0
0.0
0.0
0.0
0.0
0.0
0.0
0.0
0.0
0.0
0.0
0.0
0.0
0.0
0.0
0.0
0.0
0.0
0.0
0.0
0.0
0.0
0.0
0.0
0.0
0.0
0.0
0.0
0.0
0.0
0.0
0.0
0.0
0.0
0.0
0.0
0.0
0.0
0.0
0.0
0.0
0.0
0.0
0.0
0.0
0.0
0.0
0.0
0.0
0.0
0.0
0.0
0.0
0.0
0.0
0.0
0.0
0.0
0.0
0.0
0.0
0.0
0.0
0.0
0.0
0.0
0.0
0.0
0.0
0.0
0.0
0.0
0.0
0.0
0.0
0.0
0.0
