0.0
0.0
0.0
0.0
0.0
0.0
0.0
0.0
0.0
0.0
0.0
0.0
0.0
0.0
0.0
0.0
0.0
0.0
0.0
0.0
0.0
0.0
0.0
0.0
0.0
0.0
0.0
0.0
0.0
0.0
0.0
0.0
0.0
0.0
0.0
0.0
0.0
0.0
0.0
0.0
0.0
0.0
0.0
0.0
0.0
0.0
0.0
0.0
0.0
0.0
0.0
0.0
0.0
0.0
0.0
0.0
0.0
0.0
0.0
0.0
0.0
0.0
0.0
0.0
0.0
0.0
0.0
0.0
0.0
0.0
0.0
0.0
0.0
0.0
0.0
0.0
0.0
0.0
0.0
0.0
0.0
0.0
0.0
0.0
0.0
0.0
0.0
0.0
0.0
0.0
0.0
0.0
0.0
0.0
0.0
0.0
0.0
0.0
0.0
0.0
0.0
0.0
0.0
0.0
0.0
0.0
0.0
0.0
0.0
0.0
0.0
0.0
0.0
0.0
0.0
0.0
0.0
0.0
0.0
0.0
0.0
0.0
0.0
0.0
0.0
0.0
0.0
0.0
0.0
0.0
0.0
0.0
0.0
0.0
0.0
0.0
0.0
0.0
0.0
0.0
0.0
0.0
0.0
0.0
0.0
0.0
0.0
0.0
0.0
0.0
0.0
0.0
0.0
0.0
0.0
0.0
0.0
0.0
0.0
0.0
0.0
0.0
0.0
0.0
0.0
0.0
0.0
0.0
0.0
0.0
0.0
0.0
0.0
0.0
0.0
0.0
0.0
0.0
0.0
0.0
0.0
0.0
0.0
0.0
0.0
0.0
0.0
0.0
0.0
0.0
0.0
0.0
0.0
0.0
0.0
0.0
0.0
0.0
0.0
0.0
0.0
0.0
0.0
0.0
0.0
0.0
0.0
0.0
0.0
0.0
0.0
0.0
0.0
0.0
0.0
0.0
0.0
0.0
0.0
0.0
0.0
0.0
0.0
0.0
0.0
0.0
0.0
0.0
0.0
0.0
0.0
0.0
0.0
0.0
0.0
0.0
0.0
0.0
0.0
0.0
0.0
0.0
0.0
0.0
0.0
0.0
0.0
0.0
0.0
0.0
0.0
0.0
0.0
0.0
0.0
0.0
0.0
0.0
0.0
0.0
0.0
0.0
0.0
0.0
0.0
0.0
0.0
0.0
0.0
0.0
0.0
0.0
0.0
0.0
0.0
0.0
0.0
0.0
0.0
0.0
0.0
0.0
0.0
0.0
0.0
0.0
0.0
0.0
0.0
0.0
0.0
0.0
0.0
0.0
0.0
0.0
0.0
0.0
0.0
0.0
0.0
0.0
76.17206080513952
82.05128205128206
82.05128205128206
0.0
87.91208791208791
87.91208791208791
87.91208791208791
88.39779005524862
88.56088560885608
88.56088560885608
90.0562851782364
93.75
99.79209979209979
100.20876826722338
100.20876826722338
100.20876826722338
100.20876826722338
98.36065573770492
0.0
0.0
0.0
0.0
0.0
0.0
0.0
0.0
0.0
0.0
0.0
0.0
0.0
0.0
0.0
105.25703430175781
111.36890951276102
112.67605633802818
112.67605633802818
112.67605633802818
113.20754716981132
113.47517730496453
113.47517730496453
114.01425178147268
114.28571428571429
114.28571428571429
114.28571428571429
114.28571428571429
113.74407582938389
113.47517730496453
112.14953271028037
107.38255033557047
103.8961038961039
85.71428571428571
0.0
0.0
0.0
0.0
0.0
0.0
0.0
63.57615894039735
0.0
0.0
0.0
0.0
0.0
0.0
0.0
0.0
0.0
0.0
82.3327615780446
82.3327615780446
82.03125
88.07339449541284
88.07339449541284
88.07339449541284
87.11433756805808
85.86762075134168
82.3327615780446
81.63265306122449
81.63265306122449
81.63265306122449
81.63265306122449
81.63265306122449
82.75862068965517
85.40925266903915
85.40925266903915
87.43169398907104
88.39779005524862
88.39779005524862
88.39779005524862
0.0
0.0
0.0
0.0
0.0
0.0
0.0
0.0
0.0
0.0
0.0
0.0
0.0
0.0
0.0
0.0
0.0
0.0
0.0
0.0
0.0
0.0
0.0
0.0
0.0
0.0
0.0
0.0
0.0
0.0
0.0
0.0
0.0
0.0
0.0
0.0
0.0
0.0
0.0
0.0
0.0
0.0
0.0
0.0
80.94435075885329
82.03125
80.94435075885329
80.8080808080808
80.67226890756302
80.67226890756302
80.53691275167785
80.40201005025126
80.40201005025126
79.86688851913478
79.86688851913478
79.20792079207921
78.04878048780488
0.0
0.0
0.0
0.0
0.0
0.0
0.0
0.0
0.0
67.98866855524079
73.50689127105666
81.35593220338983
81.35593220338983
93.3852140077821
93.3852140077821
93.75
93.9334637964775
93.20388349514563
0.0
0.0
0.0
0.0
0.0
0.0
0.0
0.0
0.0
99.2431640625
105.49450549450549
105.49450549450549
105.72687224669603
105.49450549450549
105.49450549450549
105.26315789473684
104.34782608695652
104.12147505422993
101.05263157894737
100.62893081761007
100.418410041841
100.20876826722338
99.37888198757764
99.37888198757764
99.37888198757764
99.17355371900827
98.76543209876543
98.76543209876543
98.76543209876543
97.95918367346938
97.3630831643002
96.579476861167
94.11764705882354
92.84332688588007
90.56603773584905
85.40925266903915
0.0
0.0
0.0
0.0
0.0
0.0
0.0
0.0
0.0
0.0
0.0
0.0
0.0
0.0
0.0
89.05380333951763
89.21933085501858
89.21933085501858
89.05380333951763
89.05380333951763
89.05380333951763
87.5912408759124
86.33093525179856
81.91126279863481
81.35593220338983
0.0
0.0
0.0
0.0
0.0
0.0
80.0
86.64259927797833
86.64259927797833
86.64259927797833
86.64259927797833
86.48648648648648
85.40925266903915
83.62369337979094
82.1917808219178
81.77172061328791
81.35593220338983
80.94435075885329
80.2675585284281
79.07742998352553
78.30342577487765
78.17589576547232
77.04654895666131
76.6773162939297
75.82938388625593
74.53416149068323
72.72727272727273
72.72727272727273
0.0
0.0
0.0
0.0
0.0
0.0
0.0
0.0
0.0
0.0
0.0
0.0
70.3125
78.04878048780488
78.04878048780488
78.04878048780488
78.30342577487765
78.30342577487765
78.30342577487765
78.30342577487765
78.30342577487765
78.30342577487765
78.30342577487765
78.30342577487765
0.0
0.0
0.0
0.0
0.0
0.0
0.0
0.0
0.0
0.0
0.0
0.0
0.0
0.0
0.0
0.0
0.0
0.0
0.0
0.0
0.0
0.0
0.0
0.0
0.0
0.0
0.0
0.0
0.0
0.0
0.0
0.0
0.0
0.0
0.0
0.0
0.0
0.0
0.0
0.0
0.0
0.0
0.0
0.0
0.0
0.0
0.0
0.0
0.0
0.0
0.0
0.0
70.3125
70.3125
70.90103397341211
71.8562874251497
72.83763277693475
72.83763277693475
72.83763277693475
72.83763277693475
69.164265129683
67.6056338028169
69.06474820143885
80.0
73.8315415451895
74.53416149068323
76.55502392344498
76.55502392344498
79.20792079207921
82.3327615780446
84.50704225352112
86.33093525179856
87.91208791208791
90.22556390977444
92.3076923076923
95.23809523809524
98.56262833675565
102.34541577825159
107.421875
109.375
111.328125
111.328125
111.328125
111.328125
111.328125
111.328125
111.328125
111.328125
111.328125
115.94202898550725
113.47517730496453
109.0909090909091
109.0909090909091
0.0
0.0
0.0
0.0
95.42743538767395
93.75
93.20388349514563
82.03125
82.03125
82.03125
82.03125
82.03125
85.86762075134168
85.40925266903915
82.03125
82.03125
87.43169398907104
87.5912408759124
87.5912408759124
82.03125
82.03125
82.03125
88.56088560885608
88.56088560885608
88.23529411764706
87.5912408759124
87.43169398907104
86.48648648648648
86.48648648648648
86.33093525179856
84.65608465608466
84.65608465608466
69.26406926406926
74.21875
0.0
70.3125
70.3125
70.95102163461539
68.08510638297872
68.18181818181819
82.75862068965517
84.21052631578948
86.48648648648648
88.39779005524862
90.0562851782364
90.0562851782364
90.0562851782364
90.0562851782364
90.0562851782364
89.7196261682243
89.21933085501858
87.75137111517367
85.40925266903915
85.40925266903915
73.2824427480916
0.0
82.03125
82.03125
81.35593220338983
81.35593220338983
75.35321821036106
0.0
0.0
0.0
0.0
82.1917808219178
82.47422680412372
82.47422680412372
76.171875
76.171875
76.171875
76.171875
76.171875
74.4186046511628
74.4186046511628
0.0
0.0
0.0
0.0
0.0
0.0
0.0
0.0
0.0
81.49405772495756
81.49405772495756
81.49405772495756
81.49405772495756
81.49405772495756
81.49405772495756
81.21827411167513
80.40201005025126
79.60199004975124
79.20792079207921
79.20792079207921
79.20792079207921
79.20792079207921
79.47019867549669
79.60199004975124
79.60199004975124
80.2675585284281
80.2675585284281
80.2675585284281
0.0
0.0
0.0
0.0
0.0
0.0
0.0
0.0
0.0
0.0
0.0
0.0
0.0
0.0
0.0
0.0
0.0
0.0
0.0
0.0
0.0
0.0
75.82938388625593
75.82938388625593
75.59055118110236
75.59055118110236
73.61963190184049
73.61963190184049
73.61963190184049
73.61963190184049
73.61963190184049
0.0
0.0
0.0
0.0
99.93489583333331
106.77083333333331
110.3153935185185
111.328125
111.328125
111.328125
111.328125
111.328125
111.328125
111.328125
111.328125
111.328125
111.328125
111.32748894142517
0.0
0.0
0.0
0.0
0.0
0.0
0.0
0.0
0.0
0.0
0.0
0.0
0.0
0.0
0.0
0.0
0.0
0.0
0.0
0.0
0.0
0.0
0.0
0.0
0.0
0.0
0.0
0.0
0.0
0.0
0.0
0.0
0.0
0.0
0.0
0.0
0.0
0.0
0.0
0.0
0.0
0.0
0.0
0.0
0.0
0.0
0.0
0.0
0.0
0.0
0.0
0.0
0.0
0.0
0.0
0.0
0.0
0.0
0.0
0.0
0.0
0.0
0.0
0.0
0.0
0.0
0.0
0.0
0.0
0.0
0.0
0.0
0.0
0.0
0.0
0.0
0.0
0.0
0.0
0.0
0.0
0.0
0.0
0.0
0.0
0.0
0.0
0.0
0.0
0.0
0.0
0.0
0.0
0.0
0.0
0.0
0.0
0.0
0.0
0.0
0.0
0.0
0.0
0.0
0.0
0.0
0.0
0.0
0.0
0.0
0.0
0.0
0.0
0.0
