0.0
0.0
0.0
0.0
0.0
0.0
0.0
0.0
0.0
0.0
0.0
0.0
0.0
0.0
0.0
0.0
0.0
0.0
0.0
0.0
0.0
0.0
0.0
0.0
0.0
0.0
0.0
0.0
0.0
0.0
0.0
0.0
0.0
0.0
0.0
0.0
0.0
0.0
0.0
0.0
0.0
0.0
0.0
0.0
0.0
0.0
0.0
0.0
0.0
0.0
0.0
0.0
0.0
0.0
0.0
0.0
0.0
0.0
0.0
0.0
0.0
0.0
0.0
0.0
0.0
0.0
0.0
0.0
0.0
0.0
0.0
0.0
0.0
0.0
0.0
0.0
0.0
0.0
0.0
0.0
0.0
0.0
0.0
0.0
0.0
0.0
0.0
0.0
0.0
0.0
0.0
0.0
0.0
0.0
0.0
0.0
0.0
0.0
0.0
0.0
0.0
0.0
0.0
0.0
0.0
0.0
0.0
0.0
0.0
0.0
0.0
0.0
0.0
0.0
0.0
0.0
0.0
0.0
0.0
0.0
0.0
0.0
0.0
0.0
0.0
0.0
0.0
0.0
0.0
0.0
0.0
0.0
0.0
0.0
0.0
0.0
0.0
0.0
0.0
0.0
0.0
0.0
0.0
0.0
0.0
0.0
0.0
0.0
0.0
0.0
0.0
0.0
0.0
0.0
0.0
0.0
0.0
0.0
0.0
0.0
0.0
0.0
0.0
0.0
0.0
0.0
0.0
0.0
0.0
0.0
0.0
0.0
0.0
0.0
0.0
0.0
0.0
0.0
0.0
0.0
0.0
0.0
0.0
0.0
0.0
0.0
0.0
0.0
0.0
0.0
0.0
0.0
0.0
0.0
0.0
0.0
0.0
0.0
0.0
0.0
0.0
0.0
0.0
0.0
0.0
0.0
0.0
0.0
0.0
0.0
0.0
0.0
0.0
0.0
0.0
0.0
0.0
0.0
0.0
0.0
0.0
0.0
0.0
0.0
0.0
0.0
0.0
0.0
0.0
0.0
0.0
0.0
0.0
0.0
0.0
0.0
0.0
0.0
0.0
0.0
0.0
0.0
0.0
0.0
0.0
0.0
0.0
0.0
0.0
0.0
0.0
0.0
0.0
0.0
0.0
0.0
0.0
0.0
146.34146341463415
146.34146341463415
144.57831325301206
140.35087719298247
137.93103448275863
135.2112676056338
134.0782122905028
137.93103448275863
139.94169096209913
139.94169096209913
139.94169096209913
139.94169096209913
139.1304347826087
138.328530259366
136.36363636363637
130.79019073569484
128.686327077748
124.35233160621762
122.13740458015268
0.0
0.0
0.0
0.0
0.0
0.0
0.0
0.0
0.0
134.58251953125
134.72719545717592
139.94169096209913
137.93103448275863
137.93103448275863
137.93103448275863
137.93103448275863
139.1304347826087
141.5929203539823
145.01510574018127
140.625
142.578125
156.25
155.3398058252427
167.24738675958187
179.1044776119403
181.640625
181.640625
181.640625
181.640625
181.640625
181.640625
181.640625
181.640625
180.45112781954887
180.45112781954887
176.47058823529412
169.6113074204947
0.0
141.5929203539823
0.0
0.0
0.0
151.8987341772152
153.3546325878594
153.3546325878594
153.3546325878594
153.3546325878594
150.47021943573668
147.23926380368098
147.23926380368098
147.23926380368098
147.23926380368098
146.78899082568807
146.78899082568807
146.78899082568807
146.78899082568807
145.89665653495442
145.89665653495442
144.14414414414415
142.85714285714286
141.5929203539823
139.94169096209913
137.93103448275863
136.36363636363637
134.8314606741573
133.70473537604457
132.9639889196676
132.59668508287294
132.59668508287294
132.23140495867767
131.5068493150685
130.08130081300814
129.03225806451613
128.3422459893048
128.0
128.0
128.0
127.65957446808511
126.98412698412699
126.64907651715039
125.98425196850394
123.39331619537275
0.0
0.0
0.0
0.0
0.0
0.0
0.0
0.0
0.0
0.0
0.0
0.0
0.0
0.0
0.0
0.0
0.0
0.0
0.0
0.0
0.0
0.0
0.0
0.0
0.0
0.0
0.0
0.0
0.0
0.0
0.0
0.0
0.0
0.0
0.0
0.0
0.0
0.0
0.0
0.0
0.0
0.0
0.0
0.0
0.0
0.0
0.0
0.0
0.0
0.0
0.0
0.0
0.0
0.0
0.0
0.0
0.0
0.0
0.0
0.0
0.0
0.0
0.0
0.0
0.0
0.0
0.0
0.0
0.0
140.60737062682216
140.62144679300292
152.86624203821657
150.9433962264151
148.60681114551085
147.69230769230768
146.78899082568807
146.78899082568807
146.78899082568807
146.78899082568807
148.14814814814815
148.14814814814815
149.53271028037383
150.9433962264151
150.9433962264151
150.9433962264151
150.9433962264151
0.0
0.0
0.0
0.0
167.83216783216784
163.85361842105263
164.0625
164.0625
164.0625
164.0625
164.0625
166.66666666666666
166.08996539792386
163.26530612244898
157.89473684210526
153.35564864309208
151.35353489925984
0.0
0.0
0.0
0.0
140.7624633431085
150.0
150.0
150.0
150.0
149.06832298136646
149.06832298136646
146.484375
150.47021943573668
150.47021943573668
151.41955835962145
0.0
0.0
0.0
0.0
0.0
0.0
0.0
0.0
0.0
0.0
0.0
0.0
0.0
0.0
0.0
146.484375
146.484375
146.484375
146.484375
146.484375
144.53125
144.14414414414415
147.69230769230768
0.0
0.0
0.0
0.0
0.0
0.0
0.0
0.0
0.0
0.0
0.0
0.0
0.0
0.0
140.35087719298247
134.7687942333474
132.8125
140.35087719298247
137.53581661891118
135.59322033898306
133.70473537604457
132.23140495867767
130.79019073569484
129.72972972972974
128.686327077748
128.0
127.3209549071618
126.98412698412699
126.98412698412699
126.98412698412699
126.98412698412699
128.0
128.0
128.0
0.0
0.0
0.0
0.0
0.0
0.0
0.0
0.0
134.45378151260505
134.45378151260505
134.45378151260505
132.59668508287294
132.59668508287294
130.43478260869566
128.686327077748
128.0
128.0
128.686327077748
128.0
128.0
128.0
128.0
130.43478260869566
130.79019073569484
130.79019073569484
130.79019073569484
126.953125
125.98425196850394
119.70074812967582
118.22660098522168
118.22660098522168
116.78832116788321
118.22660098522168
0.0
0.0
0.0
0.0
0.0
0.0
0.0
0.0
0.0
117.14201023666416
125.98425196850394
125.98425196850394
124.67532467532467
124.67532467532467
124.67532467532467
124.67532467532467
125.6544502617801
129.03225806451613
131.14754098360655
133.70473537604457
136.75213675213675
137.93103448275863
139.1304347826087
139.1304347826087
139.1304347826087
0.0
0.0
0.0
0.0
0.0
0.0
0.0
0.0
0.0
0.0
0.0
0.0
0.0
0.0
0.0
0.0
146.3466796875
154.83870967741936
154.83870967741936
154.83870967741936
153.3546325878594
152.38095238095238
151.8987341772152
151.8987341772152
151.8987341772152
151.8987341772152
151.8987341772152
151.8987341772152
151.8987341772152
151.8987341772152
151.8987341772152
150.0
146.78899082568807
0.0
0.0
0.0
0.0
0.0
0.0
0.0
0.0
0.0
0.0
0.0
0.0
0.0
146.78899082568807
138.96654253808137
144.57831325301206
144.57831325301206
142.43323442136497
138.72832369942196
134.8314606741573
131.86813186813185
129.3800539083558
126.98412698412699
125.32637075718016
124.03100775193798
122.44897959183673
121.21212121212122
120.30075187969925
118.81188118811882
118.81188118811882
118.81188118811882
0.0
0.0
0.0
0.0
0.0
0.0
0.0
0.0
0.0
0.0
0.0
0.0
0.0
0.0
0.0
0.0
0.0
0.0
0.0
0.0
0.0
0.0
0.0
0.0
0.0
0.0
0.0
0.0
129.3800539083558
129.3800539083558
128.686327077748
129.3800539083558
129.3800539083558
129.3800539083558
129.3800539083558
128.0
127.3209549071618
126.3157894736842
124.67532467532467
0.0
0.0
0.0
0.0
0.0
0.0
0.0
0.0
0.0
0.0
0.0
0.0
130.79019073569484
130.79019073569484
117.1875
124.35233160621762
124.35233160621762
117.6470588235294
115.10791366906474
112.14953271028037
111.36890951276102
109.33940774487472
107.14285714285714
107.14285714285714
107.14285714285714
107.14285714285714
106.9042316258352
106.9042316258352
0.0
105.47385551272318
105.47932476863424
0.0
0.0
73.2824427480916
0.0
0.0
0.0
0.0
0.0
0.0
0.0
0.0
0.0
0.0
0.0
0.0
0.0
0.0
0.0
0.0
0.0
0.0
0.0
0.0
0.0
0.0
0.0
0.0
0.0
0.0
0.0
0.0
0.0
0.0
0.0
0.0
0.0
0.0
0.0
0.0
0.0
0.0
0.0
0.0
0.0
0.0
0.0
0.0
0.0
0.0
0.0
0.0
0.0
0.0
0.0
0.0
0.0
0.0
0.0
0.0
0.0
0.0
0.0
0.0
0.0
0.0
0.0
0.0
0.0
0.0
0.0
0.0
0.0
0.0
0.0
0.0
0.0
0.0
0.0
0.0
0.0
0.0
0.0
0.0
0.0
0.0
0.0
0.0
0.0
0.0
0.0
0.0
0.0
0.0
0.0
0.0
0.0
0.0
0.0
0.0
0.0
0.0
0.0
0.0
0.0
0.0
0.0
0.0
0.0
0.0
0.0
0.0
0.0
0.0
0.0
0.0
0.0
0.0
0.0
0.0
0.0
0.0
0.0
0.0
0.0
0.0
0.0
0.0
0.0
0.0
0.0
0.0
0.0
0.0
0.0
0.0
0.0
0.0
0.0
0.0
0.0
0.0
0.0
0.0
0.0
0.0
0.0
0.0
0.0
0.0
0.0
0.0
0.0
0.0
0.0
0.0
0.0
0.0
0.0
0.0
0.0
0.0
0.0
