0.0 0.0 0.0 0.0456485748291
0.0 0.0 41.7452774048 0.0742549821734
0.0 0.0 42.4330863953 0.126235559583
0.0 0.0 43.9157905579 0.102053053677
0.0 0.0 43.7719993591 0.0835730135441
0.0 0.0 43.9370918274 0.0
0.0 0.0 44.2861480713 0.11309466511
0.0 0.0 46.0167808533 0.147049069405
0.0 0.0 43.9266242981 0.146512299776
0.0 0.0 44.7016525269 0.0519300438464
0.0 0.0 41.9351577759 0.0719439387321
0.0 0.0 41.4338645935 0.124271012843
0.0 0.0 42.3440475464 0.204073578119
0.0 0.0 48.2172775269 0.0
0.0 0.0 62.7296333313 0.0
0.0 0.0 59.7804527283 0.0
0.0 0.0 88.1852493286 0.0
0.0 0.0 67.03956604 0.0
0.0 0.0 92.2529067993 0.0
0.0 0.0 99.2956619263 0.0
0.0 0.0 84.4360656738 0.0
0.0 0.0 98.7130737305 0.0
0.0 0.0 83.9535140991 0.0
0.0 0.0 114.692314148 0.0
0.0 0.0 124.778450012 0.0
0.0 0.0 116.992012024 0.0
0.0 0.0 106.621498108 0.0
0.0 0.0 72.5844345093 0.0
0.0 0.0 407.336700439 0.0
0.0 0.0 560.625427246 0.0
0.0 0.0 517.664428711 0.0
0.0 0.0 428.156280518 0.0
0.0 0.0 117.653274536 0.0
0.0 0.0 106.7108078 0.0
0.0 0.0 75.1934661865 0.0
0.0 0.0 65.9120330811 0.0
0.0 0.0 78.3516082764 0.0
0.0 0.0 50.2252006531 0.0
0.0 0.0 62.0069770813 0.0
0.0 0.0 92.0454788208 0.0
0.0 0.0 66.7191009521 0.0
0.0 0.0 47.548324585 0.205708071589
0.0 0.0 44.1165122986 0.0
0.0 0.0 58.9441795349 0.0
0.0 0.0 88.8670120239 0.0
0.0 0.0 110.352989197 0.0
0.0 0.0 45.0322036743 0.0
0.0 0.0 47.4913406372 0.0
0.0 0.0 58.8052024841 0.0
0.0 0.0 60.6086387634 0.0
0.0 0.0 81.3992462158 0.0
0.0 0.0 104.452308655 0.0
0.0 0.0 252.253799438 0.0
0.0 0.0 216.581344604 0.0
0.0 0.0 225.530395508 0.0
0.0 0.0 252.640014648 0.0
0.0 0.0 197.429214478 0.0
0.0 0.0 178.416610718 0.0
0.0 0.0 134.690414429 0.0
0.0 0.0 58.7851333618 0.0
0.0 0.0 68.3796920776 0.0
0.0 0.0 87.2738952637 0.0
0.0 0.0 102.877380371 0.0
0.0 0.0 109.04990387 0.0
0.0 0.0 141.147155762 0.0
0.0 0.0 155.209274292 0.0
0.0 0.0 133.857269287 0.0
0.0 0.0 126.188034058 0.0
0.0 0.0 69.8019714355 0.0
0.0 0.0 94.5387268066 0.0
0.0 0.0 174.303359985 0.0
0.0 0.0 350.757263184 0.0
0.0 0.0 643.530822754 0.0
0.0 0.0 553.836791992 0.0
0.0 0.0 263.761474609 0.0
0.0 0.0 77.7066955566 0.0
0.0 0.0 26.7437839508 0.0
0.0 0.0 14.1410017014 0.0
0.0 0.0 25.3200893402 0.0
0.0 0.0 34.1586112976 0.0
0.0 0.0 39.7537689209 0.0
0.0 0.0 42.9314117432 0.0
0.0 0.0 44.0394897461 0.460500627756
0.0 0.0 43.5497245789 0.69223678112
0.0 0.0 42.093044281 0.751266777515
0.0 0.0 39.4330444336 0.0
0.0 0.0 36.5365562439 0.0
0.0 0.0 32.9384231567 0.0
0.0 0.0 29.2369689941 0.0
0.0 0.0 25.4702205658 0.0
0.0 0.0 21.5975532532 0.0
0.0 0.0 17.8896923065 0.0
0.0 0.0 14.3188753128 0.0
0.0 0.0 10.9232902527 0.0
0.0 0.0 7.75033998489 0.0
0.0 0.0 7.61894226074 0.0
0.0 0.0 58.6535949707 0.0
0.0 0.0 109.121673584 0.0
0.0 0.0 188.98425293 0.0
0.0 0.0 137.917480469 0.0
0.0 0.0 71.7202911377 0.0
0.0 0.0 81.6724777222 0.0
0.0 0.0 77.3111038208 0.0
0.0 0.0 205.516174316 0.0
0.0 0.0 234.867767334 0.0
0.0 0.0 387.365783691 0.0
0.0 0.0 386.462127686 0.0
0.0 0.0 385.003112793 0.0
0.0 0.0 426.152740479 0.0
0.0 0.0 418.282989502 0.0
0.0 0.0 333.762115479 0.0
0.0 0.0 246.038040161 0.0
0.0 0.0 168.263092041 0.0
0.0 0.0 39.7837257385 0.0
0.0 0.0 57.9486885071 0.0
0.0 0.0 85.1401138306 0.0
0.0 0.0 100.744110107 0.0
0.0 0.0 110.005157471 0.341759026051
0.0 0.0 113.895744324 0.560813128948
0.0 0.0 114.167327881 0.758982300758
0.0 0.0 111.591781616 0.750404119492
0.0 0.0 106.142616272 0.734982609749
0.0 0.0 99.3460235596 0.742099046707
0.0 0.0 91.4679107666 0.0
0.0 0.0 82.8107528687 0.0
0.0 0.0 73.8112258911 0.0
0.0 0.0 64.4385986328 0.0
0.0 0.0 55.3713569641 0.0
0.0 0.0 47.0013618469 0.0
0.0 0.0 37.8005180359 0.0
0.0 0.0 30.2871685028 0.0
0.0 0.0 22.8524875641 0.416594922543
0.0 0.0 15.7032928467 0.0
0.0 0.0 9.60837936401 0.0
0.0 0.0 4.33799791336 0.404158830643
0.0 0.0 3.04364752769 0.404946208
0.0 0.0 6.78714132309 0.69351541996
0.0 0.0 10.8599672318 0.67375677824
0.0 0.0 14.117893219 0.674056470394
0.0 0.0 17.3824710846 0.635908186436
0.0 0.0 19.8796024323 0.656293153763
0.0 0.0 22.0731296539 0.635161280632
0.0 0.0 23.8454875946 0.608061671257
0.0 0.0 25.3792800903 0.583955943584
0.0 0.0 26.4842853546 0.543629527092
0.0 0.0 26.9358520508 0.426469504833
0.0 0.0 28.1103897095 0.316431432962
0.0 0.0 27.915845871 0.299689978361
0.0 0.0 28.0929603577 0.328110873699
0.0 0.0 28.0393810272 0.356976389885
0.0 0.0 27.735912323 0.413016319275
0.0 0.0 27.2817935944 0.412777632475
0.0 0.0 26.7595443726 0.46286958456
0.0 0.0 26.1570682526 0.447465538979
0.0 0.0 25.1556167603 0.458825945854
0.0 0.0 24.6818332672 0.513786971569
0.0 0.0 23.62657547 0.458323180676
0.0 0.0 22.5653400421 0.530495524406
0.0 0.0 21.8299198151 0.515705704689
0.0 0.0 20.7502155304 0.505000770092
0.0 0.0 19.7281017303 0.523164927959
0.0 0.0 18.7035503387 0.470104396343
0.0 0.0 17.712928772 0.44818547368
0.0 0.0 16.5479240417 0.349205464125
0.0 0.0 15.7995004654 0.0
0.0 0.0 14.6261568069 0.0
0.0 0.0 13.009103775 0.268818497658
0.0 0.0 13.1612262726 0.36967292428
0.0 0.0 11.3054647446 0.223256722093
0.0 0.0 10.1362638474 0.137138172984
0.0 0.0 9.64392185211 0.18577863276
0.0 0.0 9.27920055389 0.135419204831
0.0 0.0 7.49402189255 0.0837811231613
0.0 0.0 8.01887321472 0.080772228539
0.0 0.0 7.85225868225 0.11125716567
0.0 0.0 8.86543273926 0.117779813707
0.0 0.0 10.5402565002 0.0863617658615
0.0 0.0 13.6004962921 0.054816339165
0.0 0.0 16.2621383667 0.0829660147429
0.0 0.0 19.4428825378 0.0519622080028
0.0 0.0 21.4025402069 0.0623737722635
0.0 0.0 27.562128067 0.0633178651333
0.0 0.0 32.6009101868 0.0724574699998
0.0 0.0 37.7411727905 0.0972569137812
0.0 0.0 41.1386489868 0.10318146646
0.0 0.0 42.559261322 0.0966454595327
0.0 0.0 42.0260314941 0.100688397884
0.0 0.0 47.0013122559 0.0
0.0 0.0 50.2921104431 0.0
0.0 0.0 62.3582611084 0.0
0.0 0.0 67.8593826294 0.0
0.0 0.0 53.401184082 0.303521424532
0.0 0.0 45.2490272522 0.159189328551
0.0 0.0 41.9804153442 0.162715226412
0.0 0.0 47.2430152893 0.151329740882
0.0 0.0 43.8344459534 0.107455976307
0.0 0.0 39.3058280945 0.0840403363109
0.0 0.0 45.5930213928 0.102161847055
0.0 0.0 44.5403366089 0.138040959835
0.0 0.0 46.3580207825 0.16127038002
0.0 0.0 49.2030754089 0.120866090059
0.0 0.0 41.1410522461 0.0633030384779
0.0 0.0 41.9540557861 0.058181297034
0.0 0.0 42.5246620178 0.0749509632587
0.0 0.0 44.4658088684 0.120449699461
0.0 0.0 42.9031677246 0.111096911132
0.0 0.0 39.7336997986 0.0967929512262
0.0 0.0 43.6468925476 0.10217499733
0.0 0.0 42.7823143005 0.0678528249264
0.0 0.0 43.3533859253 0.0709054172039
0.0 0.0 42.7584724426 0.060955774039
0.0 0.0 40.8106460571 0.080434769392
0.0 0.0 43.6184616089 0.0639965832233
0.0 0.0 42.1966323853 0.0663310140371
0.0 0.0 41.6190376282 0.055653065443
0.0 0.0 44.588760376 0.0329090468585
0.0 0.0 42.6247215271 0.0598059669137
0.0 0.0 45.7116699219 0.0489484108984
0.0 0.0 41.8485984802 0.0696985572577
0.0 0.0 42.9279708862 0.0626858249307
0.0 0.0 43.7897987366 0.0591102167964
0.0 0.0 40.5970535278 0.0845251232386
0.0 0.0 40.2811355591 0.10803116858
0.0 0.0 43.5051498413 0.0852892100811
0.0 0.0 44.6186485291 0.0885717943311
0.0 0.0 44.296005249 0.0
0.0 0.0 42.4028129578 0.0
0.0 0.0 45.0289764404 0.102201856673
0.0 0.0 49.1903610229 0.0856530368328
0.0 0.0 45.6520462036 0.0939199626446
0.0 0.0 42.6839790344 0.064037181437
0.0 0.0 39.9415969849 0.0767851993442
0.0 0.0 42.8994216919 0.0
0.0 0.0 43.4370613098 0.0
0.0 0.0 44.0595245361 0.0744856148958
0.0 0.0 41.9094657898 0.0907418355346
0.0 0.0 41.7820739746 0.0496609136462
0.0 0.0 44.3072891235 0.0874027013779
0.0 0.0 42.5762176514 0.0711480528116
0.0 0.0 45.4390029907 0.0557149872184
0.0 0.0 42.4451141357 0.0733409672976
0.0 0.0 40.8177261353 0.0813847407699
0.0 0.0 43.2508811951 0.0831073820591
0.0 0.0 41.2227859497 0.054052490741
0.0 0.0 42.6558265686 0.082675985992
0.0 0.0 40.7007446289 0.062019534409
0.0 0.0 40.3734207153 0.072175309062
0.0 0.0 41.9239120483 0.0731593519449
0.0 0.0 41.57264328 0.113948069513
0.0 0.0 45.0951004028 0.0958152040839
0.0 0.0 44.547996521 0.0
0.0 0.0 46.5380744934 0.0
0.0 0.0 58.5510368347 0.0
0.0 0.0 64.9523849487 0.0
0.0 0.0 61.6804389954 0.0
0.0 0.0 53.9996032715 0.17435786128
0.0 0.0 48.9133224487 0.105535045266
0.0 0.0 47.214050293 0.0890110060573
0.0 0.0 41.3303985596 0.092032559216
0.0 0.0 43.7895545959 0.10855665803
0.0 0.0 42.8571891785 0.0686550289392
0.0 0.0 41.3073005676 0.0846204385161
0.0 0.0 45.0101470947 0.084925159812
0.0 0.0 43.2437057495 0.0881549417973
0.0 0.0 44.0932312012 0.0486315190792
0.0 0.0 44.2437744141 0.049528773874
0.0 0.0 42.5151443481 0.05435988307
0.0 0.0 44.6385574341 0.0553854107857
0.0 0.0 41.9465637207 0.0554264709353
0.0 0.0 41.7255744934 0.0428134948015
0.0 0.0 44.7359848022 0.046319425106
0.0 0.0 40.9393997192 0.0
0.0 0.0 43.8516311646 0.0712944567204
0.0 0.0 43.6240463257 0.0997818112373
0.0 0.0 45.3726005554 0.0886060670018
0.0 0.0 41.9724731445 0.0961218997836
0.0 0.0 43.1441612244 0.106573462486
0.0 0.0 45.4949531555 0.0924456492066
0.0 0.0 46.8388748169 0.0879222974181
0.0 0.0 44.0736122131 0.0875264331698
0.0 0.0 44.9673614502 0.184635609388
0.0 0.0 45.7512016296 0.0
0.0 0.0 54.6955299377 0.0
0.0 0.0 42.2879295349 0.10558398813
0.0 0.0 48.438457489 0.0
0.0 0.0 56.461025238 0.0
0.0 0.0 50.8926391602 0.192153781652
0.0 0.0 46.9943695068 0.0691189020872
0.0 0.0 42.6985206604 0.0
0.0 0.0 41.6170768738 0.124080874026
0.0 0.0 46.9194717407 0.0
0.0 0.0 45.4064559937 0.0
0.0 0.0 47.2121887207 0.17825755477
0.0 0.0 45.4996452332 0.18783146143
0.0 0.0 44.0332374573 0.0
0.0 0.0 45.6220626831 0.0
0.0 0.0 62.6813583374 0.0
0.0 0.0 110.401176453 0.0
0.0 0.0 140.541854858 0.0
0.0 0.0 115.196540833 0.592060804367
232.449432373 1.0 100.001625061 0.718619465828
227.522521973 1.0 134.704162598 0.817370831966
218.453125 1.0 246.411315918 0.911109507084
214.153778076 1.0 403.341430664 0.937200903893
211.755508423 1.0 707.765991211 0.962642252445
209.527648926 1.0 768.328063965 0.982853114605
207.905792236 1.0 768.410827637 0.988392829895
207.335128784 1.0 734.585510254 0.980936408043
206.774795532 1.0 652.455383301 0.95430201292
205.235214233 1.0 714.337890625 0.969054341316
204.808853149 1.0 1034.19213867 0.979639470577
203.983627319 1.0 1126.26953125 0.99631768465
203.546173096 1.0 1168.68676758 0.996666491032
202.778930664 1.0 1173.72558594 0.99790585041
202.486419678 1.0 1155.93737793 0.998044192791
201.98890686 1.0 1141.6574707 0.996388912201
200.968597412 1.0 1123.11706543 0.978578150272
199.927261353 1.0 1097.76794434 0.887724459171
197.969055176 1.0 907.255126953 0.788708806038
0.0 0.0 375.786987305 0.0
0.0 0.0 118.557220459 0.0
0.0 0.0 99.4742202759 0.0
0.0 0.0 55.485912323 0.0
0.0 0.0 42.9556121826 0.0
0.0 0.0 60.2812423706 0.0
0.0 0.0 53.9901161194 0.0
0.0 0.0 96.4711456299 0.0
0.0 0.0 211.238998413 0.0
0.0 0.0 167.343200684 0.0
0.0 0.0 86.342010498 0.0
0.0 0.0 54.8342208862 0.0
0.0 0.0 55.1670951843 0.202149480581
0.0 0.0 55.8445701599 0.0
0.0 0.0 60.7089118958 0.0
0.0 0.0 113.289611816 0.0
223.777130127 1.0 199.904083252 0.668598413467
212.710159302 1.0 191.823074341 0.840639948845
210.69972229 1.0 686.57421875 0.904071092606
208.291732788 1.0 977.78112793 0.981498837471
206.232666016 1.0 964.694702148 0.993590950966
203.497253418 1.0 961.271728516 0.989369630814
200.321884155 1.0 949.365600586 0.988364934921
197.415130615 1.0 938.574829102 0.990318536758
195.167770386 1.0 926.166259766 0.993213295937
193.373504639 1.0 917.443115234 0.994228243828
191.782897949 1.0 933.067749023 0.993179678917
190.103790283 1.0 932.209594727 0.991504788399
188.37046814 1.0 928.650024414 0.992685675621
187.058181763 1.0 893.723388672 0.993583917618
186.100692749 1.0 823.097229004 0.981921255589
185.284942627 1.0 789.109985352 0.935599625111
184.162490845 1.0 692.916992188 0.892065703869
176.795028687 1.0 321.364074707 0.739194154739
0.0 0.0 70.2366714478 0.28218537569
0.0 0.0 66.3103942871 0.0
0.0 0.0 53.9133872986 0.0
0.0 0.0 54.1835403442 0.0
0.0 0.0 59.7647399902 0.0
211.041320801 1.0 158.041976929 0.725836217403
212.31690979 1.0 587.251586914 0.836846768856
212.871673584 1.0 960.179931641 0.960797190666
214.356689453 1.0 930.34576416 0.99442243576
215.311538696 1.0 963.464538574 0.99649810791
216.30128479 1.0 977.754821777 0.99585801363
217.298492432 1.0 973.447631836 0.996246516705
218.050292969 1.0 965.830505371 0.996705949306
218.693618774 1.0 961.653930664 0.996935069561
219.351104736 1.0 978.459655762 0.996780872345
219.834579468 1.0 984.799316406 0.996785581112
219.933456421 1.0 1029.29418945 0.997093498707
219.432861328 1.0 1076.36010742 0.996091783047
217.668045044 1.0 1087.90979004 0.992441773415
214.717407227 1.0 1083.18591309 0.962480068207
212.770767212 1.0 1029.29577637 0.927230060101
209.384735107 1.0 874.156982422 0.887066066265
198.757278442 1.0 345.630157471 0.725789248943
0.0 0.0 62.6872291565 0.334777295589
0.0 0.0 75.3117370605 0.0
0.0 0.0 59.5161628723 0.0
0.0 0.0 48.4034347534 0.0
0.0 0.0 72.6115646362 0.0
0.0 0.0 67.7342376709 0.0
0.0 0.0 61.1927375793 0.0
0.0 0.0 56.8032989502 0.0
0.0 0.0 51.4779891968 0.101110346615
0.0 0.0 43.5073013306 0.224678069353
0.0 0.0 47.9675941467 0.17545850575
0.0 0.0 65.3145217896 0.0
0.0 0.0 46.8760604858 0.0954378992319
0.0 0.0 56.3456764221 0.0
0.0 0.0 56.8984222412 0.114042937756
0.0 0.0 43.4301872253 0.0
0.0 0.0 59.1335716248 0.0
0.0 0.0 51.6693382263 0.0
0.0 0.0 64.3461990356 0.0
0.0 0.0 69.6218261719 0.0
0.0 0.0 56.3619689941 0.0
0.0 0.0 83.0391693115 0.0
0.0 0.0 227.098495483 0.0
0.0 0.0 176.536392212 0.0
0.0 0.0 77.2632598877 0.231530189514
0.0 0.0 174.297653198 0.649351418018
224.781509399 1.0 425.86315918 0.787121355534
223.497344971 1.0 586.914245605 0.923645436764
222.754867554 1.0 617.49407959 0.969516456127
221.219741821 1.0 626.2421875 0.956468045712
222.132705688 1.0 616.698852539 0.730197310448
0.0 0.0 577.09362793 0.347315102816
0.0 0.0 503.01852417 0.281036227942
0.0 0.0 590.001953125 0.0
0.0 0.0 360.01272583 0.0
0.0 0.0 190.605957031 0.0
0.0 0.0 55.3174819946 0.132598042488
0.0 0.0 45.1392631531 0.0
0.0 0.0 86.8061065674 0.0
0.0 0.0 105.123840332 0.0
0.0 0.0 229.428039551 0.0
204.587936401 1.0 385.935455322 0.631425619125
202.420288086 1.0 523.317932129 0.801747858524
199.745025635 1.0 643.763061523 0.966881930828
195.33354187 1.0 640.695007324 0.967101275921
192.940795898 1.0 627.919006348 0.875913083553
190.407028198 1.0 604.258972168 0.761073887348
0.0 0.0 326.073883057 0.254213452339
0.0 0.0 194.271530151 0.0
0.0 0.0 209.513122559 0.0
0.0 0.0 148.734176636 0.0
0.0 0.0 101.849754333 0.0
0.0 0.0 70.7788085938 0.0
0.0 0.0 48.6445770264 0.0
0.0 0.0 61.1073722839 0.10435462743
0.0 0.0 49.7672157288 0.0
0.0 0.0 76.8815231323 0.0
223.778625488 1.0 104.237754822 0.696168065071
217.739593506 1.0 105.924858093 0.849192142487
214.839080811 1.0 505.324707031 0.910196840763
211.709838867 1.0 728.067443848 0.974208950996
209.547912598 1.0 786.427368164 0.986006677151
207.34161377 1.0 838.227355957 0.97876226902
205.364715576 1.0 843.221740723 0.974556624889
203.051528931 1.0 851.760986328 0.973108351231
201.263137817 1.0 810.66583252 0.98719805479
200.698974609 1.0 814.841125488 0.98987442255
200.648071289 1.0 827.152709961 0.993206441402
201.467208862 1.0 789.021362305 0.991578161716
202.54069519 1.0 730.366943359 0.993696451187
202.748733521 1.0 715.522827148 0.995401263237
202.14805603 1.0 699.290100098 0.99300378561
200.914001465 1.0 686.816101074 0.992204904556
199.740524292 1.0 662.816345215 0.993037462234
199.136489868 1.0 661.722717285 0.993554830551
199.058578491 1.0 663.267456055 0.993726670742
199.237319946 1.0 675.51373291 0.993856191635
199.962341309 1.0 673.016296387 0.9941842556
200.225097656 1.0 667.298156738 0.995450615883
200.08102417 1.0 681.889831543 0.994781851768
199.719177246 1.0 686.690856934 0.995365262032
199.22076416 1.0 691.600524902 0.995309412479
198.930847168 1.0 680.775756836 0.995049417019
197.66178894 1.0 681.817382813 0.993351757526
196.095016479 1.0 681.150268555 0.991125881672
193.931503296 1.0 674.820373535 0.988640427589
192.550521851 1.0 666.28515625 0.987261474133
191.635375977 1.0 646.732971191 0.892815649509
191.011398315 1.0 625.22088623 0.827680110931
190.797592163 1.0 470.853057861 0.649149060249
0.0 0.0 135.48336792 0.522897958755
0.0 0.0 102.149131775 0.424680680037
0.0 0.0 77.9334182739 0.15774910152
0.0 0.0 38.2493133545 0.106392100453
0.0 0.0 39.0832824707 0.0
0.0 0.0 37.3418121338 0.190661847591
0.0 0.0 46.3130760193 0.0
0.0 0.0 57.8274116516 0.0
0.0 0.0 50.782283783 0.0
0.0 0.0 63.0828971863 0.0
0.0 0.0 61.4496459961 0.191479936242
0.0 0.0 44.5813941956 0.12614159286
0.0 0.0 49.4921989441 0.146607011557
0.0 0.0 47.0899353027 0.325148761272
0.0 0.0 55.4272956848 0.0
0.0 0.0 68.5044708252 0.0
0.0 0.0 57.3226165771 0.0
0.0 0.0 57.3662490845 0.0
0.0 0.0 50.4995498657 0.0
0.0 0.0 45.2326850891 0.104704961181
0.0 0.0 47.883140564 0.0
0.0 0.0 58.1233558655 0.0
0.0 0.0 55.0645103455 0.0
0.0 0.0 46.5959968567 0.0637489855289
0.0 0.0 44.9045410156 0.0
0.0 0.0 52.6811523438 0.0
214.851730347 1.0 88.4384231567 0.757297575474
212.269546509 1.0 346.400939941 0.853040158749
209.242355347 1.0 617.603271484 0.886380255222
205.72102356 1.0 683.721374512 0.945195734501
200.890640259 1.0 691.921081543 0.941108465195
194.950042725 1.0 667.000244141 0.956214785576
191.361877441 1.0 646.265563965 0.865916013718
187.049606323 1.0 593.339111328 0.797332584858
185.550048828 1.0 325.264343262 0.323071330786
0.0 0.0 62.7286949158 0.108990959823
0.0 0.0 51.127281189 0.0
0.0 0.0 44.2008705139 0.0
0.0 0.0 51.5766868591 0.0
0.0 0.0 51.9569282532 0.0
0.0 0.0 64.8848342896 0.0
0.0 0.0 137.91973877 0.0
0.0 0.0 150.422103882 0.0
0.0 0.0 183.501113892 0.0
0.0 0.0 140.278076172 0.0
0.0 0.0 125.67881012 0.0
0.0 0.0 151.819747925 0.645350039005
210.948898315 1.0 195.120758057 0.822119176388
211.32611084 1.0 569.373596191 0.88933712244
211.158050537 1.0 612.861083984 0.990438520908
210.378295898 1.0 608.147155762 0.985920071602
209.64616394 1.0 609.352844238 0.971205592155
209.499343872 1.0 624.112182617 0.969059407711
209.206726074 1.0 602.059875488 0.970217943192
209.565536499 1.0 578.60168457 0.98671746254
207.832519531 1.0 566.300964355 0.982840776443
206.275238037 1.0 562.612731934 0.981880843639
204.646789551 1.0 558.625671387 0.98596739769
203.725631714 1.0 544.882385254 0.988721847534
202.54397583 1.0 540.354187012 0.988578975201
200.687515259 1.0 529.189025879 0.988683700562
199.32333374 1.0 516.769470215 0.976677119732
199.095321655 1.0 510.906219482 0.883480966091
199.200958252 1.0 464.830566406 0.768066704273
199.952560425 1.0 391.275787354 0.569504261017
198.751068115 1.0 358.92086792 0.497597038746
0.0 0.0 171.371383667 0.159005507827
0.0 0.0 67.5925750732 0.434534430504
0.0 0.0 46.1050376892 0.0
0.0 0.0 24.1282463074 0.254480063915
0.0 0.0 29.1837234497 0.15535390377
0.0 0.0 24.1806049347 0.123013161123
0.0 0.0 32.3069877625 0.16242210567
0.0 0.0 39.3578987122 0.169937208295
0.0 0.0 51.1200370789 0.0
0.0 0.0 49.83070755 0.43430557847
197.008239746 1.0 60.5302886963 0.749101519585
193.897216797 1.0 193.0990448 0.853051364422
192.541275024 1.0 544.56262207 0.891547083855
190.963943481 1.0 575.91973877 0.983180105686
190.401397705 1.0 528.904663086 0.986016869545
190.444885254 1.0 508.835784912 0.986892342567
190.101394653 1.0 505.003662109 0.987424075603
188.77532959 1.0 518.952453613 0.990816295147
188.023208618 1.0 529.448181152 0.993063509464
187.728759766 1.0 543.96282959 0.993014037609
187.931411743 1.0 580.71472168 0.992894530296
188.793563843 1.0 600.349365234 0.992398917675
189.994659424 1.0 627.621765137 0.990136325359
192.203857422 1.0 644.676391602 0.988610863686
194.653091431 1.0 640.51574707 0.98506295681
197.593109131 1.0 658.143798828 0.98192358017
201.607894897 1.0 660.286804199 0.841673791409
0.0 0.0 629.302978516 0.441555559635
0.0 0.0 550.534179688 0.208701848984
0.0 0.0 530.18560791 0.0
0.0 0.0 374.584320068 0.0
0.0 0.0 126.747764587 0.0
0.0 0.0 75.7154769897 0.0
0.0 0.0 50.812046051 0.0
0.0 0.0 86.7029037476 0.0
0.0 0.0 73.1675338745 0.0
0.0 0.0 61.5241699219 0.0
0.0 0.0 157.050308228 0.340898275375
0.0 0.0 170.9087677 0.262454986572
0.0 0.0 108.715278625 0.0
0.0 0.0 66.72315979 0.509820818901
0.0 0.0 80.3696136475 0.807462275028
198.364089966 1.0 281.13873291 0.885798275471
197.550247192 1.0 586.652160645 0.928784668446
195.579208374 1.0 658.262084961 0.978856801987
193.655853271 1.0 629.326416016 0.986684858799
189.607498169 1.0 634.713195801 0.976034343243
186.851501465 1.0 616.41583252 0.87555116415
183.542724609 1.0 574.005859375 0.80051779747
175.133621216 1.0 311.867401123 0.34223434329
0.0 0.0 95.6997146606 0.245425030589
0.0 0.0 60.7400093079 0.28823980689
0.0 0.0 43.0021247864 0.0
0.0 0.0 50.4301948547 0.0
0.0 0.0 57.454788208 0.17093770206
0.0 0.0 49.4546890259 0.404300689697
0.0 0.0 74.240852356 0.734443843365
209.026733398 1.0 337.403808594 0.856304883957
208.36706543 1.0 696.987365723 0.917860031128
206.559921265 1.0 704.041503906 0.992770671844
205.429840088 1.0 700.921386719 0.99204492569
204.245498657 1.0 698.383850098 0.990645051003
202.68939209 1.0 693.212463379 0.988353669643
201.278060913 1.0 693.033813477 0.990031063557
199.852340698 1.0 702.704345703 0.990627408028
197.704666138 1.0 702.698852539 0.992004692554
196.877746582 1.0 708.85559082 0.992796719074
196.080673218 1.0 693.645263672 0.991989791393
195.192459106 1.0 665.889160156 0.990787506104
194.472640991 1.0 678.55670166 0.973755598068
194.156982422 1.0 658.551452637 0.885049581528
193.92829895 1.0 582.148620605 0.791546106339
0.0 0.0 249.514389038 0.373850435019
0.0 0.0 94.1506118774 0.493478357792
0.0 0.0 63.2580108643 0.322867512703
0.0 0.0 56.7510643005 0.262534290552
0.0 0.0 66.4161987305 0.189990833402
0.0 0.0 50.3188552856 0.385672271252
0.0 0.0 55.8445358276 0.827275693417
213.017532349 1.0 144.704177856 0.830545246601
213.468017578 1.0 586.121276855 0.887252211571
213.167266846 1.0 723.282836914 0.955436587334
214.173233032 1.0 687.220397949 0.985384225845
215.142730713 1.0 675.782104492 0.993555963039
215.083328247 1.0 680.743164063 0.994297623634
215.498046875 1.0 671.07244873 0.988375842571
214.411209106 1.0 681.560180664 0.986387133598
214.555328369 1.0 724.927429199 0.987097024918
214.265731812 1.0 769.28704834 0.991784751415
215.475402832 1.0 778.23614502 0.992111265659
216.210601807 1.0 770.66015625 0.991732656956
218.227981567 1.0 773.946105957 0.991636097431
218.547851563 1.0 782.83013916 0.992587029934
219.798370361 1.0 793.697998047 0.993330597878
220.27671814 1.0 795.86517334 0.99217748642
222.459182739 1.0 796.999694824 0.992358148098
223.95249939 1.0 795.421508789 0.991590976715
222.248580933 1.0 800.343505859 0.966264009476
220.571289063 1.0 783.963134766 0.80832529068
219.284515381 1.0 720.99029541 0.536403000355
0.0 0.0 642.462280273 0.266740560532
0.0 0.0 594.363037109 0.0
0.0 0.0 305.819244385 0.584646761417
0.0 0.0 217.694625854 0.0
0.0 0.0 101.363853455 0.0
0.0 0.0 59.0550384521 0.0
0.0 0.0 51.2024078369 0.0
0.0 0.0 48.9264373779 0.0
0.0 0.0 98.3790588379 0.0
0.0 0.0 175.347244263 0.0
0.0 0.0 249.572952271 0.0
0.0 0.0 145.576461792 0.0
0.0 0.0 68.8692626953 0.0
0.0 0.0 29.4014434814 0.598965227604
0.0 0.0 42.1139183044 0.368297040462
195.011520386 1.0 70.4135513306 0.667424380779
198.548217773 1.0 107.087219238 0.853692829609
199.803695679 1.0 515.011169434 0.906014740467
200.768096924 1.0 736.303100586 0.97574621439
202.542800903 1.0 759.179321289 0.871787011623
205.560562134 1.0 726.16583252 0.700340390205
0.0 0.0 701.336120605 0.449858397245
0.0 0.0 553.824829102 0.256963908672
0.0 0.0 460.628570557 0.0
0.0 0.0 415.058166504 0.0
0.0 0.0 156.993041992 0.0
0.0 0.0 153.407745361 0.0
0.0 0.0 57.9738349915 0.0
0.0 0.0 48.0307350159 0.313646048307
0.0 0.0 55.6450920105 0.0
0.0 0.0 88.5725097656 0.0
204.69128418 1.0 193.066421509 0.594401776791
198.399551392 1.0 273.027526855 0.822663486004
197.13494873 1.0 672.59942627 0.900407671928
196.198196411 1.0 814.504272461 0.991292893887
195.666397095 1.0 832.094482422 0.996869921684
195.698471069 1.0 822.91192627 0.99689000845
195.281951904 1.0 810.369995117 0.997261464596
194.902648926 1.0 812.628417969 0.9967623353
194.306411743 1.0 820.188964844 0.99734044075
194.215789795 1.0 826.531616211 0.9973128438
194.127502441 1.0 816.036682129 0.99734890461
193.478744507 1.0 844.272888184 0.99482023716
191.582778931 1.0 876.757080078 0.961211144924
190.098724365 1.0 882.063171387 0.898942530155
187.134506226 1.0 827.300537109 0.845117688179
178.770385742 1.0 513.852661133 0.692456841469
0.0 0.0 136.577987671 0.0
0.0 0.0 77.6711502075 0.0
0.0 0.0 86.4406204224 0.369266599417
0.0 0.0 163.550170898 0.5367603302
194.516021729 1.0 202.568954468 0.776604294777
192.084030151 1.0 713.730957031 0.85852766037
190.375274658 1.0 893.580322266 0.965276002884
187.793258667 1.0 883.62890625 0.98150074482
184.986984253 1.0 857.786804199 0.975776076317
182.071578979 1.0 805.138000488 0.972617268562
180.550445557 1.0 728.652587891 0.940383553505
179.942504883 1.0 550.967956543 0.882191538811
186.090820313 1.0 241.28465271 0.718402504921
193.934829712 1.0 74.1815948486 0.324350357056
190.951324463 1.0 77.4923553467 0.849971830845
189.376937866 1.0 393.67300415 0.913971364498
189.018112183 1.0 763.324462891 0.974591135979
188.159011841 1.0 842.145385742 0.994341492653
187.62852478 1.0 844.65045166 0.996388316154
186.832519531 1.0 838.727050781 0.996695280075
186.251663208 1.0 848.151245117 0.995846390724
185.954391479 1.0 846.338806152 0.99524140358
185.133453369 1.0 848.919067383 0.97063678503
183.163528442 1.0 850.529663086 0.947099983692
179.648117065 1.0 793.104309082 0.929001033306
175.456329346 1.0 736.919799805 0.932087063789
172.286361694 1.0 814.959655762 0.917720973492
171.561050415 1.0 740.837646484 0.891966223717
168.946044922 1.0 510.13973999 0.755566716194
0.0 0.0 121.70664978 0.309657931328
0.0 0.0 66.4294281006 0.0
0.0 0.0 67.8420715332 0.0
0.0 0.0 71.3062438965 0.0
0.0 0.0 69.2588653564 0.0
0.0 0.0 58.3206672668 0.0
0.0 0.0 49.0321273804 0.0
0.0 0.0 47.1342124939 0.305688917637
0.0 0.0 53.3819847107 0.603102385998
196.238601685 1.0 139.193389893 0.792013168335
194.528930664 1.0 649.620666504 0.862264871597
191.691299438 1.0 776.374633789 0.97779750824
188.597976685 1.0 749.178771973 0.980123698711
187.069107056 1.0 729.447265625 0.98441272974
185.333618164 1.0 715.816040039 0.991777122021
184.939285278 1.0 710.224304199 0.992287516594
184.820907593 1.0 712.928222656 0.990868628025
185.056610107 1.0 726.180908203 0.990675032139
185.305084229 1.0 735.896850586 0.992188751698
185.168243408 1.0 733.359558105 0.993965744972
185.31288147 1.0 735.228149414 0.993974268436
185.644241333 1.0 742.976501465 0.991068303585
184.454544067 1.0 772.83605957 0.91673541069
184.261367798 1.0 770.858032227 0.849938809872
178.106887817 1.0 548.314147949 0.67857837677
0.0 0.0 183.576263428 0.0
0.0 0.0 93.0124206543 0.0
0.0 0.0 67.8827285767 0.0
0.0 0.0 54.8770484924 0.0
0.0 0.0 56.9592590332 0.0
0.0 0.0 42.3764266968 0.120186373591
0.0 0.0 40.2903709412 0.137788489461
0.0 0.0 43.71849823 0.201961457729
0.0 0.0 48.1774215698 0.197013989091
0.0 0.0 45.2471847534 0.199080482125
0.0 0.0 53.9645042419 0.0
0.0 0.0 67.922088623 0.0
0.0 0.0 54.9185638428 0.0
0.0 0.0 53.3674507141 0.0
0.0 0.0 62.4882583618 0.0
0.0 0.0 63.6388511658 0.0
0.0 0.0 73.2864303589 0.20605994761
0.0 0.0 77.3713760376 0.739495694637
0.0 0.0 154.580291748 0.601787447929
205.832641602 1.0 587.595947266 0.686249196529
203.781280518 1.0 621.930297852 0.793287873268
203.483383179 1.0 627.745422363 0.952438533306
201.177139282 1.0 601.100036621 0.833741426468
193.191711426 1.0 614.59185791 0.8130017519
187.294967651 1.0 598.949645996 0.856954872608
187.395294189 1.0 622.521484375 0.967603981495
186.505264282 1.0 625.896179199 0.982830166817
186.260421753 1.0 615.969116211 0.97989398241
185.373901367 1.0 620.184814453 0.988348543644
185.753631592 1.0 639.035583496 0.99087023735
185.671401978 1.0 626.672851563 0.989900052547
185.438323975 1.0 630.026611328 0.949910163879
185.04927063 1.0 609.744628906 0.915473520756
183.234970093 1.0 478.440246582 0.833603382111
193.157119751 1.0 171.204772949 0.516137242317
0.0 0.0 96.2364120483 0.371710598469
0.0 0.0 58.8637199402 0.0
0.0 0.0 55.2733383179 0.2830093503
0.0 0.0 38.7233428955 0.263405889273
0.0 0.0 68.0625305176 0.0
0.0 0.0 129.829666138 0.583245038986
191.613433838 1.0 294.712738037 0.614489614964
189.755569458 1.0 560.157104492 0.710631787777
187.643814087 1.0 584.76574707 0.831550300121
185.842407227 1.0 528.818847656 0.934405446053
183.999465942 1.0 486.158172607 0.95311743021
182.098617554 1.0 516.141601563 0.944850444794
181.724212646 1.0 418.800415039 0.955976545811
181.049407959 1.0 434.099304199 0.852033019066
180.867904663 1.0 357.289123535 0.769073188305
183.196273804 1.0 285.880310059 0.553963840008
183.169403076 1.0 195.342651367 0.810044288635
180.001083374 1.0 84.2752609253 0.816345214844
178.77255249 1.0 75.1704177856 0.763431668282
178.107910156 1.0 63.9159622192 0.685129582882
0.0 0.0 55.263381958 0.444158583879
0.0 0.0 49.3233375549 0.231737345457
0.0 0.0 44.2412033081 0.0
0.0 0.0 44.9021377563 0.0
0.0 0.0 45.2207832336 0.0
0.0 0.0 37.6453056335 0.0614903606474
0.0 0.0 39.303653717 0.0242048129439
0.0 0.0 36.5662002563 0.0
0.0 0.0 30.0948257446 0.0
0.0 0.0 31.4709663391 0.0343255884945
0.0 0.0 31.1019458771 0.0855535790324
0.0 0.0 32.1587562561 0.0
0.0 0.0 30.3386154175 0.0
0.0 0.0 40.072807312 0.0
0.0 0.0 41.1877365112 0.0
0.0 0.0 43.0861778259 0.0
0.0 0.0 34.0339431763 0.160798311234
0.0 0.0 30.3397026062 0.0817900002003
0.0 0.0 31.2854290009 0.0849752798676
0.0 0.0 32.5796775818 0.0650353357196
0.0 0.0 33.1023368835 0.0712747275829
0.0 0.0 35.3972663879 0.0878926664591
0.0 0.0 37.226978302 0.089977838099
0.0 0.0 38.7447395325 0.0751008912921
0.0 0.0 36.2377510071 0.0608040839434
0.0 0.0 38.5932502747 0.0
0.0 0.0 42.4146728516 0.141328200698
0.0 0.0 47.0529632568 0.119660653174
0.0 0.0 46.8136978149 0.11453948915
0.0 0.0 39.1334915161 0.0709060952067
0.0 0.0 42.761882782 0.112298294902
0.0 0.0 41.9487266541 0.0
0.0 0.0 43.5816307068 0.0
0.0 0.0 42.7140197754 0.0
0.0 0.0 36.9491500854 0.0598043464124
0.0 0.0 39.8110809326 0.091723933816
0.0 0.0 41.6615524292 0.0919314548373
0.0 0.0 43.2390708923 0.084963336587
0.0 0.0 41.2015266418 0.0889237597585
0.0 0.0 41.5023117065 0.0753732100129
0.0 0.0 41.8267440796 0.0863022357225
0.0 0.0 40.9292984009 0.0726241916418
0.0 0.0 43.3844261169 0.100560814142
0.0 0.0 40.6962966919 0.0717910379171
0.0 0.0 41.0209083557 0.0633957982063
0.0 0.0 41.3195915222 0.0734179839492
0.0 0.0 43.3666114807 0.0782803967595
0.0 0.0 44.3196334839 0.0789664164186
0.0 0.0 43.1600761414 0.132470443845
0.0 0.0 43.8807220459 0.0775931850076
0.0 0.0 48.9762115479 0.105424895883
0.0 0.0 44.0868339539 0.0945589840412
0.0 0.0 47.1348304749 0.0981482416391
0.0 0.0 44.5030136108 0.169216990471
0.0 0.0 44.1682319641 0.133077919483
0.0 0.0 43.0368690491 0.13230933249
0.0 0.0 47.8599281311 0.0842342972755
0.0 0.0 44.7656326294 0.0559781379998
0.0 0.0 46.5489082336 0.0595224164426
0.0 0.0 44.1896286011 0.0631564185023
0.0 0.0 43.9706268311 0.132424652576
0.0 0.0 42.6743583679 0.0495511293411
0.0 0.0 43.9965057373 0.0749095231295
0.0 0.0 41.7607688904 0.0890620797873
0.0 0.0 41.4448699951 0.0876307338476
0.0 0.0 41.2077026367 0.0808791965246
0.0 0.0 44.2150726318 0.0735799223185
0.0 0.0 43.2145385742 0.0760099440813
0.0 0.0 41.0977973938 0.0618751123548
0.0 0.0 40.8430709839 0.0613917596638
0.0 0.0 42.0769958496 0.0766770169139
0.0 0.0 42.5260696411 0.0469870902598
0.0 0.0 44.2786636353 0.0702714771032
0.0 0.0 41.1372451782 0.0510498136282
0.0 0.0 42.4237098694 0.0348202362657
0.0 0.0 43.680103302 0.101267121732
0.0 0.0 40.8381729126 0.0
0.0 0.0 43.1674575806 0.0
0.0 0.0 50.9961509705 0.0
0.0 0.0 57.7747459412 0.0
0.0 0.0 56.0487632751 0.110645703971
0.0 0.0 48.4225502014 0.128098368645
0.0 0.0 44.9833450317 0.0726328864694
0.0 0.0 43.1336250305 0.103811398149
0.0 0.0 42.1945419312 0.0541878975928
0.0 0.0 41.7931938171 0.104273691773
0.0 0.0 41.9978485107 0.0887549519539
0.0 0.0 45.6939353943 0.0579873360693
0.0 0.0 42.0925331116 0.0698513239622
0.0 0.0 40.2316856384 0.074434645474
0.0 0.0 42.5882568359 0.0900809168816
0.0 0.0 43.6473007202 0.0796571299434
0.0 0.0 43.6532173157 0.064267411828
0.0 0.0 42.1577262878 0.0484408996999
0.0 0.0 41.0738334656 0.0642955154181
0.0 0.0 43.8404273987 0.0731328502297
0.0 0.0 45.4916305542 0.0735832154751
0.0 0.0 43.7007713318 0.0697592720389
0.0 0.0 39.6980285645 0.0812120139599
0.0 0.0 41.1895599365 0.0742876604199
0.0 0.0 41.4558868408 0.0593980550766
0.0 0.0 40.091217041 0.0891531705856
0.0 0.0 41.4974060059 0.100211672485
0.0 0.0 41.7038803101 0.0625491440296
0.0 0.0 39.989730835 0.0591771751642
0.0 0.0 38.9393005371 0.0805115997791
0.0 0.0 41.2863540649 0.120204046369
0.0 0.0 43.7952041626 0.0579580776393
0.0 0.0 44.1929473877 0.0912536755204
0.0 0.0 46.2945632935 0.091861538589
0.0 0.0 44.3661575317 0.0651985257864
0.0 0.0 41.5651702881 0.0816228687763
0.0 0.0 41.6598243713 0.0633529499173
0.0 0.0 39.0627593994 0.0541402548552
0.0 0.0 40.7233734131 0.0725975558162
0.0 0.0 43.2936477661 0.0
0.0 0.0 48.1370010376 0.0
0.0 0.0 53.992275238 0.0
0.0 0.0 49.825012207 0.0923712477088
0.0 0.0 43.0283546448 0.0626043155789
0.0 0.0 40.6642227173 0.0772104859352
0.0 0.0 40.245059967 0.0510493330657
