0.0 0.0 0.0 0.0760521367192
0.0 0.0 22.4290237427 0.0
0.0 0.0 27.1722049713 0.0
0.0 0.0 28.8800239563 0.0
0.0 0.0 34.1931266785 0.0
0.0 0.0 34.3656196594 0.188443511724
0.0 0.0 24.7709503174 0.0
0.0 0.0 27.3165950775 0.0
0.0 0.0 25.4042434692 0.112023346126
0.0 0.0 25.9743423462 0.16700796783
0.0 0.0 23.5970344543 0.191830456257
0.0 0.0 23.8618850708 0.104952566326
0.0 0.0 23.454126358 0.0664383471012
0.0 0.0 24.1370105743 0.133233755827
0.0 0.0 23.9926795959 0.0554626397789
0.0 0.0 23.6401290894 0.0520387366414
0.0 0.0 21.6836738586 0.0447463095188
0.0 0.0 22.7339286804 0.118293702602
0.0 0.0 23.316450119 0.115594230592
0.0 0.0 24.233707428 0.104918129742
0.0 0.0 23.5641899109 0.0811373218894
0.0 0.0 23.0163288116 0.0560812465847
0.0 0.0 22.5317344666 0.0629118159413
0.0 0.0 22.1929244995 0.0916804596782
0.0 0.0 20.8317661285 0.0
0.0 0.0 21.4097213745 0.0
0.0 0.0 23.1622772217 0.0820845738053
0.0 0.0 23.419834137 0.0864154845476
0.0 0.0 22.2334671021 0.0
0.0 0.0 24.5555477142 0.0
0.0 0.0 27.6368637085 0.0
0.0 0.0 27.6366634369 0.0
0.0 0.0 26.3105106354 0.0
0.0 0.0 26.5134830475 0.0
0.0 0.0 29.4493122101 0.0
0.0 0.0 42.5141143799 0.0
0.0 0.0 42.5044174194 0.0
0.0 0.0 32.9578208923 0.0
0.0 0.0 29.0112304688 0.0
0.0 0.0 27.5912532806 0.0
0.0 0.0 34.6029014587 0.0
0.0 0.0 41.9631767273 0.0
0.0 0.0 48.0326004028 0.0
0.0 0.0 36.115447998 0.187396362424
0.0 0.0 29.6333866119 0.19353222847
0.0 0.0 25.4737930298 0.119996868074
0.0 0.0 24.2533893585 0.0465906150639
0.0 0.0 24.1482448578 0.0857916325331
0.0 0.0 23.2070999146 0.116106897593
0.0 0.0 22.8660964966 0.0962747260928
0.0 0.0 21.4259872437 0.097807995975
0.0 0.0 23.6099872589 0.0853734463453
0.0 0.0 23.1523838043 0.0738742053509
0.0 0.0 22.3023738861 0.0666280388832
0.0 0.0 23.2287654877 0.055123411119
0.0 0.0 23.6738948822 0.0640380755067
0.0 0.0 24.9090328217 0.140035092831
0.0 0.0 24.55210495 0.167535305023
0.0 0.0 25.9128475189 0.0598189756274
0.0 0.0 26.0359592438 0.0943508073688
0.0 0.0 24.776222229 0.122134044766
0.0 0.0 25.7716712952 0.140645876527
0.0 0.0 22.8321266174 0.0811573863029
0.0 0.0 21.9522151947 0.0718754827976
0.0 0.0 21.2743606567 0.0
0.0 0.0 22.2616691589 0.0
0.0 0.0 23.7447013855 0.0
0.0 0.0 32.0557594299 0.0
0.0 0.0 38.913734436 0.0
0.0 0.0 52.8084182739 0.0
0.0 0.0 55.5991287231 0.0
0.0 0.0 37.0390319824 0.0
0.0 0.0 28.6914043427 0.245610117912
0.0 0.0 25.1609230042 0.11089862138
0.0 0.0 23.4601192474 0.0615874677896
0.0 0.0 22.9395809174 0.0
0.0 0.0 26.2575721741 0.0
0.0 0.0 36.2847595215 0.0
0.0 0.0 34.0853004456 0.0
0.0 0.0 27.3775215149 0.0
0.0 0.0 23.2312583923 0.0
0.0 0.0 24.2641143799 0.0634226053953
0.0 0.0 27.0237140656 0.0716499015689
0.0 0.0 23.1558761597 0.108345717192
0.0 0.0 25.11186409 0.0596596002579
0.0 0.0 24.6715717316 0.116889461875
0.0 0.0 23.7320251465 0.0891698300838
0.0 0.0 24.0918178558 0.0784851908684
0.0 0.0 23.7967090607 0.0895444899797
0.0 0.0 24.2241287231 0.0569418631494
0.0 0.0 26.091753006 0.0484804660082
0.0 0.0 22.206823349 0.0822581127286
0.0 0.0 23.7440605164 0.114107869565
0.0 0.0 23.9638881683 0.0683032497764
0.0 0.0 23.4996471405 0.102771773934
0.0 0.0 23.2431430817 0.065126106143
0.0 0.0 21.6805858612 0.070461012423
0.0 0.0 26.2081623077 0.129767522216
0.0 0.0 23.5580310822 0.0
0.0 0.0 25.1382141113 0.059975605458
0.0 0.0 26.1107387543 0.0
0.0 0.0 23.796836853 0.0459245182574
0.0 0.0 24.7598648071 0.0
0.0 0.0 24.2688694 0.054808024317
0.0 0.0 24.2047977448 0.0701766759157
0.0 0.0 22.5243606567 0.0789995342493
0.0 0.0 22.4141769409 0.0630945786834
0.0 0.0 25.4046821594 0.0773948058486
0.0 0.0 25.63920784 0.0
0.0 0.0 24.8604450226 0.256918787956
0.0 0.0 27.6465644836 0.0
0.0 0.0 23.2585830688 0.086614228785
0.0 0.0 23.5498085022 0.0662802904844
0.0 0.0 21.8359451294 0.072995506227
0.0 0.0 22.1657447815 0.0713175758719
0.0 0.0 22.3778972626 0.0386424437165
0.0 0.0 22.3164157867 0.0673345476389
0.0 0.0 22.6967315674 0.072331123054
0.0 0.0 23.6339359283 0.0707094967365
0.0 0.0 23.1715431213 0.110585741699
0.0 0.0 23.1171035767 0.0379134900868
0.0 0.0 22.5922813416 0.0589333176613
0.0 0.0 23.7987537384 0.0956689566374
0.0 0.0 23.0393562317 0.123606786132
0.0 0.0 23.5864238739 0.0742142274976
0.0 0.0 23.7388515472 0.126654848456
0.0 0.0 25.4654064178 0.132482916117
0.0 0.0 24.6547412872 0.0
0.0 0.0 24.7097301483 0.0
0.0 0.0 30.7838859558 0.0
0.0 0.0 45.5511627197 0.0
0.0 0.0 38.5759887695 0.0
0.0 0.0 30.5887374878 0.0
0.0 0.0 26.8827171326 0.0
0.0 0.0 23.0799999237 0.0363467372954
0.0 0.0 23.0615787506 0.104448914528
0.0 0.0 23.0223999023 0.0
0.0 0.0 28.3350868225 0.0
0.0 0.0 33.1035728455 0.0
0.0 0.0 29.1393909454 0.0
0.0 0.0 27.2462482452 0.204600587487
0.0 0.0 24.0498809814 0.0973644629121
0.0 0.0 23.147069931 0.0522346235812
0.0 0.0 21.7943668365 0.0654892995954
0.0 0.0 21.5880279541 0.0487655811012
0.0 0.0 22.8363933563 0.0860562995076
0.0 0.0 22.2748966217 0.0979074239731
0.0 0.0 24.1020717621 0.0911522135139
0.0 0.0 21.83934021 0.068506732583
0.0 0.0 20.2002906799 0.06648658216
0.0 0.0 21.9627075195 0.106602795422
0.0 0.0 21.3275699615 0.152754977345
0.0 0.0 22.4977245331 0.0
0.0 0.0 27.1685943604 0.105057179928
0.0 0.0 27.4265518188 0.0612418577075
0.0 0.0 24.9874534607 0.0953626483679
0.0 0.0 23.6378707886 0.0561671890318
0.0 0.0 24.2530632019 0.0978270024061
0.0 0.0 24.1222190857 0.095993809402
0.0 0.0 22.7465820313 0.0943741723895
0.0 0.0 24.6902580261 0.0745684504509
0.0 0.0 23.8974781036 0.0
0.0 0.0 25.3190822601 0.117664203048
0.0 0.0 27.1976718903 0.0
0.0 0.0 29.8104915619 0.0
0.0 0.0 32.432384491 0.0
0.0 0.0 32.6786766052 0.0
0.0 0.0 26.6948890686 0.0
0.0 0.0 25.5308055878 0.139546588063
0.0 0.0 24.2872447968 0.104220084846
0.0 0.0 25.6434192657 0.099968239665
0.0 0.0 23.1134967804 0.105432607234
0.0 0.0 25.8320198059 0.0
0.0 0.0 26.6048965454 0.0962072759867
0.0 0.0 24.8619270325 0.144682705402
0.0 0.0 22.3254261017 0.110785417259
0.0 0.0 23.2063083649 0.0859770327806
0.0 0.0 22.3984336853 0.0613875091076
0.0 0.0 23.0003452301 0.0897552073002
0.0 0.0 23.6775398254 0.11186401546
0.0 0.0 23.0548992157 0.092871800065
0.0 0.0 22.2370166779 0.0944422185421
0.0 0.0 22.1878490448 0.081669472158
0.0 0.0 21.6719741821 0.0957031622529
0.0 0.0 21.0229988098 0.0828152671456
0.0 0.0 22.6159801483 0.0940431281924
0.0 0.0 21.2874279022 0.0741392076015
0.0 0.0 23.2118167877 0.078438103199
0.0 0.0 22.4476909637 0.0941715240479
0.0 0.0 21.4927310944 0.0534903928638
0.0 0.0 22.1421432495 0.102037660778
0.0 0.0 21.0958957672 0.101236201823
0.0 0.0 22.5642108917 0.105355903506
0.0 0.0 20.9716320038 0.0666566416621
0.0 0.0 22.5274276733 0.0929749980569
0.0 0.0 24.046579361 0.0547043122351
0.0 0.0 21.0320720673 0.060320224613
0.0 0.0 22.1473770142 0.0706081688404
0.0 0.0 23.1467609406 0.0795253142715
0.0 0.0 23.415184021 0.0973281040788
0.0 0.0 24.2430725098 0.113241642714
0.0 0.0 22.4881076813 0.0695777311921
0.0 0.0 24.5364227295 0.0620365738869
0.0 0.0 22.7077045441 0.0620938129723
0.0 0.0 20.5755634308 0.0993381738663
0.0 0.0 21.8829555511 0.075406961143
0.0 0.0 21.5947570801 0.109691277146
0.0 0.0 22.9221000671 0.0884350314736
0.0 0.0 23.6874504089 0.0649415552616
0.0 0.0 22.6374435425 0.0591665618122
0.0 0.0 23.6654090881 0.0800361931324
0.0 0.0 22.6707935333 0.0596591755748
0.0 0.0 23.7964363098 0.0701952129602
0.0 0.0 23.24284935 0.101235352457
0.0 0.0 22.7822494507 0.0966827943921
0.0 0.0 24.6911411285 0.0881095528603
0.0 0.0 24.4235801697 0.0990901365876
0.0 0.0 23.063835144 0.0901838392019
0.0 0.0 21.7191467285 0.112068355083
0.0 0.0 24.7421073914 0.165261685848
0.0 0.0 24.8918800354 0.154600769281
0.0 0.0 23.6920261383 0.131501093507
0.0 0.0 24.5842037201 0.136740848422
0.0 0.0 23.8886451721 0.134426742792
0.0 0.0 24.6697216034 0.165210977197
0.0 0.0 22.5783576965 0.190790593624
0.0 0.0 23.0667724609 0.136677160859
0.0 0.0 27.4291591644 0.0
0.0 0.0 27.8047599792 0.0
0.0 0.0 23.0936775208 0.128680676222
0.0 0.0 23.0175743103 0.234072670341
0.0 0.0 23.9522132874 0.0
0.0 0.0 36.7246894836 0.0
0.0 0.0 47.3552207947 0.0
0.0 0.0 65.2469024658 0.0
0.0 0.0 62.6213340759 0.0
0.0 0.0 45.9894676208 0.0
0.0 0.0 46.3439712524 0.0
0.0 0.0 97.917350769 0.0
0.0 0.0 120.05040741 0.0
0.0 0.0 61.1330947876 0.0
0.0 0.0 53.9707679749 0.0
0.0 0.0 93.2580337524 0.0
0.0 0.0 235.295135498 0.0
0.0 0.0 332.277099609 0.0
0.0 0.0 170.542022705 0.0
0.0 0.0 89.9227218628 0.0
0.0 0.0 46.7462158203 0.0
0.0 0.0 90.0624389648 0.0
0.0 0.0 162.876876831 0.0
0.0 0.0 341.079559326 0.0
0.0 0.0 417.902313232 0.0
0.0 0.0 267.085968018 0.0
0.0 0.0 356.921447754 0.0
0.0 0.0 616.536010742 0.0
0.0 0.0 581.179321289 0.0
0.0 0.0 623.41796875 0.0
0.0 0.0 222.655166626 0.0
0.0 0.0 103.085021973 0.0
0.0 0.0 53.6246147156 0.0
0.0 0.0 27.4685211182 0.0
0.0 0.0 28.4807453156 0.0
0.0 0.0 43.3509292603 0.0
0.0 0.0 63.5781860352 0.0
0.0 0.0 230.374786377 0.0
0.0 0.0 445.921325684 0.0
0.0 0.0 179.459014893 0.0
0.0 0.0 190.376708984 0.0
0.0 0.0 117.419593811 0.0
0.0 0.0 171.514343262 0.0
0.0 0.0 298.68069458 0.0
0.0 0.0 371.099609375 0.0
0.0 0.0 339.94744873 0.0
0.0 0.0 173.238510132 0.0
0.0 0.0 87.941444397 0.39519020915
0.0 0.0 57.6481895447 0.552055060863
0.0 0.0 185.455657959 0.0
0.0 0.0 590.741027832 0.0
0.0 0.0 1083.03723145 0.0
0.0 0.0 450.688934326 0.344710469246
0.0 0.0 656.377990723 0.332890719175
0.0 0.0 1327.9173584 0.289372354746
0.0 0.0 949.444641113 0.0
0.0 0.0 844.645812988 0.0
0.0 0.0 514.540527344 0.575293719769
0.0 0.0 459.110778809 0.795000314713
0.0 0.0 404.106811523 0.763225197792
0.0 0.0 364.835418701 0.593628168106
0.0 0.0 234.616424561 0.381906330585
0.0 0.0 115.741767883 0.345448404551
0.0 0.0 71.579750061 0.0
0.0 0.0 44.3316040039 0.0
0.0 0.0 43.5890541077 0.0
0.0 0.0 117.619628906 0.0
0.0 0.0 232.98034668 0.0
0.0 0.0 645.915649414 0.0
0.0 0.0 589.26171875 0.0
0.0 0.0 410.342681885 0.0
0.0 0.0 329.501159668 0.0
0.0 0.0 517.96661377 0.0
0.0 0.0 794.308776855 0.16809591651
0.0 0.0 285.67779541 0.344455689192
0.0 0.0 212.516311646 0.493833124638
0.0 0.0 331.522979736 0.394994258881
0.0 0.0 411.381072998 0.0
0.0 0.0 619.522277832 0.345140129328
0.0 0.0 548.82611084 0.482761800289
0.0 0.0 282.803070068 0.530512273312
0.0 0.0 298.890289307 0.695750415325
0.0 0.0 348.534606934 0.448719769716
0.0 0.0 371.645568848 0.399176716805
0.0 0.0 538.922607422 0.0
0.0 0.0 308.220153809 0.0
0.0 0.0 195.710830688 0.599323630333
0.0 0.0 38.2274131775 0.258134007454
0.0 0.0 195.536346436 0.385902911425
0.0 0.0 347.237731934 0.334319412708
0.0 0.0 366.308959961 0.417445480824
0.0 0.0 191.519775391 0.552141904831
0.0 0.0 241.842498779 0.782662630081
0.0 0.0 449.265533447 0.170215532184
0.0 0.0 503.435546875 0.0
0.0 0.0 968.303955078 0.0
0.0 0.0 708.54498291 0.309958398342
0.0 0.0 319.035797119 0.826422274113
0.0 0.0 276.767303467 0.77771538496
0.0 0.0 295.464630127 0.799589812756
0.0 0.0 379.029937744 0.64031624794
0.0 0.0 380.647460938 0.566485404968
0.0 0.0 643.232543945 0.0
0.0 0.0 1100.11730957 0.0
0.0 0.0 975.232055664 0.0
0.0 0.0 481.384307861 0.589725852013
0.0 0.0 292.454040527 0.865212142467
0.0 0.0 230.760803223 0.929037570953
0.0 0.0 220.374862671 0.705351114273
0.0 0.0 158.55581665 0.472694963217
0.0 0.0 149.468032837 0.0
0.0 0.0 105.819831848 0.0
0.0 0.0 78.0994110107 0.0
0.0 0.0 49.6705703735 0.0
0.0 0.0 30.8414211273 0.0
0.0 0.0 62.9499206543 0.0
0.0 0.0 68.9165496826 0.559869527817
0.0 0.0 203.320388794 0.0
0.0 0.0 490.970581055 0.0
0.0 0.0 1003.90093994 0.0
0.0 0.0 1053.08447266 0.0
0.0 0.0 1122.06982422 0.0
0.0 0.0 845.557250977 0.0
0.0 0.0 383.683013916 0.0
0.0 0.0 151.948272705 0.404877126217
0.0 0.0 161.990814209 0.602456152439
203.664840698 1.0 218.487625122 0.735392868519
198.319824219 1.0 356.72857666 0.863547027111
194.04284668 1.0 394.663299561 0.936080157757
193.243591309 1.0 419.74331665 0.970107316971
193.482879639 1.0 432.331298828 0.875291824341
194.654998779 1.0 440.909210205 0.724414348602
195.133148193 1.0 526.095947266 0.70544809103
196.318496704 1.0 447.584899902 0.703041732311
195.937561035 1.0 400.935943604 0.850927889347
196.141067505 1.0 409.258666992 0.826234340668
187.137023926 1.0 375.357940674 0.58959877491
0.0 0.0 386.514373779 0.446197658777
0.0 0.0 762.731201172 0.249185487628
0.0 0.0 1176.2421875 0.214169979095
0.0 0.0 1488.28283691 0.0
0.0 0.0 683.080322266 0.401737064123
0.0 0.0 475.020111084 0.721010446548
0.0 0.0 416.495635986 0.776095032692
0.0 0.0 295.148651123 0.71479421854
0.0 0.0 107.741874695 0.305934935808
0.0 0.0 47.4351005554 0.0
0.0 0.0 41.2894554138 0.0
0.0 0.0 71.5794906616 0.480320751667
206.471633911 1.0 179.587127686 0.588110625744
205.69909668 1.0 290.730041504 0.622509777546
203.733230591 1.0 215.653793335 0.883742272854
203.168487549 1.0 162.831115723 0.798556268215
199.968521118 1.0 116.914840698 0.583055734634
0.0 0.0 94.9955825806 0.359741151333
0.0 0.0 87.7837982178 0.0
0.0 0.0 55.567565918 0.0
0.0 0.0 82.6424789429 0.0
0.0 0.0 223.873840332 0.0
0.0 0.0 634.639343262 0.0
0.0 0.0 1453.31286621 0.0
0.0 0.0 1391.13989258 0.0
0.0 0.0 812.469421387 0.0
0.0 0.0 1380.88781738 0.433714956045
0.0 0.0 942.12677002 0.527906894684
0.0 0.0 1067.46911621 0.426307380199
0.0 0.0 1155.17504883 0.508267343044
0.0 0.0 749.85925293 0.0
0.0 0.0 546.15234375 0.0
0.0 0.0 226.597457886 0.0
0.0 0.0 63.5059509277 0.0
0.0 0.0 122.838874817 0.0
0.0 0.0 136.505996704 0.0
0.0 0.0 177.762786865 0.253400236368
0.0 0.0 326.071716309 0.346573084593
0.0 0.0 169.668807983 0.264623522758
0.0 0.0 591.056518555 0.264023005962
0.0 0.0 764.689025879 0.298673272133
0.0 0.0 380.073791504 0.508567035198
0.0 0.0 551.06817627 0.346382528543
0.0 0.0 441.662139893 0.0
0.0 0.0 567.989807129 0.0
0.0 0.0 870.94354248 0.352322876453
0.0 0.0 507.348358154 0.50592893362
0.0 0.0 319.515075684 0.636469185352
0.0 0.0 275.440185547 0.463106513023
0.0 0.0 361.546844482 0.448638945818
183.059921265 1.0 431.589691162 0.261134177446
185.687179565 1.0 258.705230713 0.686558365822
186.333618164 1.0 239.140167236 0.864477276802
184.261138916 1.0 296.290222168 0.966327011585
183.212020874 1.0 315.793029785 0.981984198093
181.486953735 1.0 334.505981445 0.975636601448
179.398071289 1.0 368.776916504 0.970860779285
177.456741333 1.0 374.323547363 0.845438718796
176.958145142 1.0 373.842071533 0.655934274197
178.107559204 1.0 408.19430542 0.503023087978
0.0 0.0 258.68057251 0.0
0.0 0.0 89.8446121216 0.0
0.0 0.0 44.1201248169 0.0
0.0 0.0 32.9237709045 0.0
0.0 0.0 16.1146736145 0.0
0.0 0.0 7.5447716713 0.511429011822
0.0 0.0 5.09952497482 0.297552555799
0.0 0.0 4.6633272171 0.0
0.0 0.0 6.8157081604 0.0
0.0 0.0 11.3861598969 0.0
0.0 0.0 21.1054553986 0.0
0.0 0.0 12.8225746155 0.0
0.0 0.0 16.9342498779 0.496689677238
0.0 0.0 38.1805877686 0.0
0.0 0.0 56.09765625 0.0
0.0 0.0 155.680541992 0.0
0.0 0.0 524.94732666 0.0
0.0 0.0 946.669189453 0.0
0.0 0.0 508.76852417 0.0
0.0 0.0 266.558197021 0.848789513111
0.0 0.0 263.962310791 0.931682050228
0.0 0.0 316.004669189 0.911010742188
0.0 0.0 309.86038208 0.810315728188
0.0 0.0 345.460540771 0.408225744963
0.0 0.0 517.417297363 0.472500383854
0.0 0.0 1093.27209473 0.518245518208
0.0 0.0 1239.46374512 0.658206880093
0.0 0.0 925.398986816 0.295619755983
0.0 0.0 417.194519043 0.418566375971
0.0 0.0 203.092376709 0.81898444891
177.782608032 1.0 429.050994873 0.916675686836
175.532318115 1.0 481.065582275 0.973974764347
172.887008667 1.0 482.395721436 0.989778339863
172.351287842 1.0 504.457702637 0.993650972843
172.091537476 1.0 533.442077637 0.995679736137
172.620605469 1.0 552.621948242 0.986377418041
173.171966553 1.0 553.931213379 0.980167090893
174.176971436 1.0 533.539733887 0.978759884834
175.02255249 1.0 535.936828613 0.981336355209
176.222869873 1.0 495.03326416 0.986798405647
176.197021484 1.0 486.641235352 0.983730733395
175.356781006 1.0 516.446228027 0.979921400547
174.99029541 1.0 566.130554199 0.967729389668
174.242584229 1.0 584.450866699 0.950662791729
173.585922241 1.0 583.070129395 0.933055996895
173.690460205 1.0 553.125427246 0.699136078358
171.768508911 1.0 556.881774902 0.665428578854
168.593078613 1.0 654.801513672 0.663781106472
164.074996948 1.0 571.813049316 0.90045183897
165.271835327 1.0 482.714569092 0.955877363682
165.202804565 1.0 547.375 0.946700811386
166.093704224 1.0 478.516967773 0.934370279312
166.440383911 1.0 452.152282715 0.955007076263
168.737640381 1.0 487.958099365 0.898000359535
169.642440796 1.0 504.898925781 0.740307867527
172.596710205 1.0 491.759735107 0.617229580879
173.382614136 1.0 628.295471191 0.500414907932
177.447784424 1.0 674.279418945 0.568534135818
177.136505127 1.0 630.368103027 0.529487788677
179.572052002 1.0 490.216156006 0.789229989052
184.261138916 1.0 428.22088623 0.838832259178
185.445037842 1.0 361.307037354 0.828384518623
184.261993408 1.0 255.159194946 0.832557082176
174.749343872 1.0 137.868041992 0.713596940041
0.0 0.0 63.2658309937 0.0
0.0 0.0 89.6878967285 0.0
0.0 0.0 49.6722640991 0.0
0.0 0.0 43.2171516418 0.0
0.0 0.0 109.24760437 0.0
0.0 0.0 100.909576416 0.0
0.0 0.0 105.042823792 0.270285308361
0.0 0.0 133.609207153 0.0
0.0 0.0 247.258071899 0.0
0.0 0.0 182.55430603 0.0
0.0 0.0 104.769042969 0.0
0.0 0.0 144.736679077 0.0
0.0 0.0 119.433494568 0.482231110334
0.0 0.0 176.336807251 0.268384993076
0.0 0.0 528.66986084 0.0
0.0 0.0 678.51171875 0.0
0.0 0.0 735.76184082 0.360914736986
0.0 0.0 528.036987305 0.498301386833
81.8713684082 1.0 518.818603516 0.700602412224
82.4274368286 1.0 418.07244873 0.878182053566
82.4813690186 1.0 421.558166504 0.87591946125
81.9800796509 1.0 487.016204834 0.884625792503
81.9355773926 1.0 585.272949219 0.897412180901
82.1871337891 1.0 683.077270508 0.927060961723
81.9893951416 1.0 562.140197754 0.936383664608
79.5360183716 1.0 576.947753906 0.934704780579
78.1122894287 1.0 531.492370605 0.954902052879
76.8615036011 1.0 495.942077637 0.96405673027
76.5769348145 1.0 475.228118896 0.935740351677
77.2814941406 1.0 418.307250977 0.813968122005
0.0 0.0 366.505706787 0.480629950762
0.0 0.0 421.652740479 0.200521573424
0.0 0.0 348.149230957 0.0
0.0 0.0 346.740753174 0.249857828021
0.0 0.0 414.666107178 0.364957511425
84.258140564 1.0 514.456054688 0.747842133045
85.4270935059 1.0 457.262542725 0.934880971909
85.5921401978 1.0 526.134155273 0.974248111248
85.6883850098 1.0 521.918273926 0.933950841427
85.7546615601 1.0 531.080871582 0.818923592567
0.0 0.0 560.928344727 0.398619025946
0.0 0.0 445.206848145 0.0
0.0 0.0 496.358306885 0.0
0.0 0.0 512.931945801 0.0
0.0 0.0 235.754852295 0.0
0.0 0.0 118.230270386 0.0
0.0 0.0 38.4093971252 0.0
0.0 0.0 12.1443042755 0.0
0.0 0.0 3.61565852165 0.0
0.0 0.0 8.79696464539 0.0
0.0 0.0 13.3485536575 0.308246225119
110.960487366 1.0 16.6098518372 0.615032970905
104.573516846 1.0 18.6563720703 0.585446953773
101.243652344 1.0 19.6851387024 0.602729916573
100.863105774 1.0 20.2521343231 0.652679145336
100.796295166 1.0 19.8056526184 0.680608451366
100.757965088 1.0 19.2122459412 0.681884765625
103.381225586 1.0 18.1802616119 0.684390723705
103.335800171 1.0 16.9551830292 0.678811371326
101.46521759 1.0 15.4653530121 0.673056960106
100.338668823 1.0 13.9568634033 0.655056834221
101.158561707 1.0 12.4999284744 0.65876108408
106.54875946 1.0 10.9552793503 0.610465943813
107.984931946 1.0 9.30925273895 0.639812469482
103.925895691 1.0 7.89771986008 0.621493458748
101.080627441 1.0 6.50396251678 0.641814231873
101.586143494 1.0 5.27204942703 0.614651918411
100.415870667 1.0 3.90091943741 0.623194694519
100.384025574 1.0 3.00550484657 0.6164239645
100.399986267 1.0 1.98901844025 0.60356426239
100.264320374 1.0 1.28764426708 0.55876916647
0.0 0.0 0.895820558071 0.579256176949
0.0 0.0 1.44891035557 0.549071609974
0.0 0.0 1.67692303658 0.57813590765
0.0 0.0 2.13592243195 0.543193519115
0.0 0.0 2.8043487072 0.492015689611
0.0 0.0 2.97532987595 0.430543869734
0.0 0.0 3.44692158699 0.262025386095
0.0 0.0 3.97015810013 0.0934788808227
0.0 0.0 3.68130660057 0.0
0.0 0.0 4.18809747696 0.0
0.0 0.0 4.8617606163 0.107460409403
0.0 0.0 3.97711277008 0.154633805156
0.0 0.0 4.76628255844 0.0636602342129
0.0 0.0 4.70218324661 0.0
0.0 0.0 4.05700397491 0.0
0.0 0.0 5.27790355682 0.0
0.0 0.0 4.51560735703 0.097914673388
0.0 0.0 4.8979434967 0.0
0.0 0.0 4.48096752167 0.0
0.0 0.0 6.58130836487 0.0953249633312
0.0 0.0 5.68207645416 0.0609569661319
0.0 0.0 6.71930360794 0.135548859835
0.0 0.0 7.75283956528 0.0855536982417
0.0 0.0 9.65138149261 0.0262885931879
0.0 0.0 11.2409715652 0.0786747559905
0.0 0.0 12.2565164566 0.0919875204563
0.0 0.0 15.0481157303 0.119177490473
0.0 0.0 16.0550785065 0.172686338425
0.0 0.0 20.3383216858 0.153422445059
0.0 0.0 23.5721759796 0.0
0.0 0.0 23.3914165497 0.0
0.0 0.0 24.1860542297 0.0529539100826
0.0 0.0 24.1933689117 0.0732945650816
0.0 0.0 23.3480148315 0.0805979669094
0.0 0.0 24.2980766296 0.0876953452826
0.0 0.0 22.6677627563 0.0846378058195
0.0 0.0 24.5260639191 0.083983592689
0.0 0.0 23.1311130524 0.0700960457325
0.0 0.0 22.4880199432 0.0710210949183
0.0 0.0 23.043636322 0.0913664251566
0.0 0.0 23.2147789001 0.155115559697
0.0 0.0 25.2294330597 0.0
0.0 0.0 29.3490867615 0.0
0.0 0.0 29.5642127991 0.0
0.0 0.0 33.316116333 0.0
0.0 0.0 31.6491718292 0.106238164008
0.0 0.0 25.9536056519 0.104798421264
0.0 0.0 23.5499019623 0.119260676205
0.0 0.0 30.4195766449 0.0
0.0 0.0 35.8650398254 0.245217531919
0.0 0.0 26.9309234619 0.221895232797
0.0 0.0 27.7581329346 0.207619205117
0.0 0.0 31.0023651123 0.211108312011
0.0 0.0 27.2088413239 0.111110664904
0.0 0.0 25.2375183105 0.0755019709468
0.0 0.0 21.6869564056 0.115067437291
0.0 0.0 28.0705451965 0.118413157761
0.0 0.0 27.9645195007 0.106881298125
0.0 0.0 34.2195281982 0.09862588346
0.0 0.0 29.7012081146 0.122186087072
0.0 0.0 33.6677513123 0.105308368802
0.0 0.0 37.5225563049 0.0
0.0 0.0 35.1069297791 0.160060629249
0.0 0.0 36.974861145 0.104744084179
0.0 0.0 32.6567306519 0.188391029835
0.0 0.0 30.6613063812 0.221832334995
0.0 0.0 30.5920028687 0.132676318288
0.0 0.0 28.2178592682 0.117043443024
0.0 0.0 35.7357368469 0.0
0.0 0.0 34.5387039185 0.0
0.0 0.0 32.8694381714 0.110754847527
0.0 0.0 32.6765937805 0.0
0.0 0.0 28.5562973022 0.0
0.0 0.0 31.5609130859 0.100991532207
0.0 0.0 30.4282035828 0.137428045273
0.0 0.0 25.664226532 0.0
0.0 0.0 30.1700458527 0.0
0.0 0.0 36.3448448181 0.17788001895
0.0 0.0 42.6840782166 0.0
0.0 0.0 50.3658485413 0.0
0.0 0.0 71.1231994629 0.0
0.0 0.0 55.8842735291 0.0
0.0 0.0 104.352996826 0.0
0.0 0.0 182.093856812 0.0
0.0 0.0 115.801078796 0.0
0.0 0.0 64.3911972046 0.0
0.0 0.0 27.84649086 0.0
0.0 0.0 21.3308811188 0.0791583135724
0.0 0.0 21.4978580475 0.0911434143782
0.0 0.0 23.9538402557 0.0798548683524
0.0 0.0 22.4125766754 0.0649421513081
0.0 0.0 23.5518703461 0.126482024789
0.0 0.0 23.7319355011 0.0942351818085
0.0 0.0 23.2857303619 0.0933298394084
0.0 0.0 23.6462306976 0.0965423211455
0.0 0.0 22.5703601837 0.10354347527
0.0 0.0 23.1776981354 0.0
0.0 0.0 23.2462921143 0.0
