0.0 0.0 0.0 0.0636230036616
0.0 0.0 26.475566864 0.0454139150679
0.0 0.0 25.674118042 0.07177965343
0.0 0.0 27.8329105377 0.075629837811
0.0 0.0 27.067232132 0.0594738349319
0.0 0.0 29.177406311 0.0
0.0 0.0 26.6741104126 0.0806820914149
0.0 0.0 27.7315196991 0.0
0.0 0.0 31.4017009735 0.0
0.0 0.0 36.9394416809 0.0
0.0 0.0 38.1494445801 0.0
0.0 0.0 34.3271522522 0.14290176332
0.0 0.0 28.0158538818 0.0
0.0 0.0 25.0891304016 0.0856725051999
0.0 0.0 25.8384017944 0.107895538211
0.0 0.0 28.7259693146 0.0909989997745
0.0 0.0 28.7803611755 0.0872222930193
0.0 0.0 27.3327941895 0.0837270766497
0.0 0.0 26.7652168274 0.0685013085604
0.0 0.0 25.6475658417 0.115730449557
0.0 0.0 26.4835948944 0.092432834208
0.0 0.0 28.0998783112 0.0884487107396
0.0 0.0 26.8674755096 0.0763704627752
0.0 0.0 26.2917289734 0.0676697343588
0.0 0.0 26.0370521545 0.0770214945078
0.0 0.0 27.9398784637 0.0689262524247
0.0 0.0 27.3986167908 0.0588438734412
0.0 0.0 24.7582893372 0.0680332779884
0.0 0.0 26.3887424469 0.0648147538304
0.0 0.0 27.4646396637 0.0817690938711
0.0 0.0 27.8456268311 0.0731182768941
0.0 0.0 25.2682476044 0.0940394103527
0.0 0.0 24.5177001953 0.0898808315396
0.0 0.0 26.8444023132 0.126330733299
0.0 0.0 25.7450313568 0.104963585734
0.0 0.0 26.3121738434 0.0764686614275
0.0 0.0 27.791809082 0.0743198543787
0.0 0.0 27.5026931763 0.103061810136
0.0 0.0 27.3065376282 0.0771461129189
0.0 0.0 25.5435028076 0.0889731273055
0.0 0.0 26.4486980438 0.0774272456765
0.0 0.0 26.9123497009 0.11509411037
0.0 0.0 25.3791065216 0.0566825903952
0.0 0.0 27.092798233 0.0566698685288
0.0 0.0 26.2379245758 0.081506177783
0.0 0.0 28.766368866 0.0558935850859
0.0 0.0 28.7693367004 0.0772965401411
0.0 0.0 25.2336654663 0.0926570221782
0.0 0.0 27.6167736053 0.0421929433942
0.0 0.0 27.0418548584 0.0
0.0 0.0 28.6289806366 0.0
0.0 0.0 33.9551239014 0.0
0.0 0.0 30.8845024109 0.0
0.0 0.0 29.0996303558 0.0963292494416
0.0 0.0 29.4549217224 0.0
0.0 0.0 31.3230781555 0.10737054795
0.0 0.0 31.739490509 0.0691378340125
0.0 0.0 29.0641689301 0.0582097172737
0.0 0.0 27.5979919434 0.334166258574
0.0 0.0 30.1113128662 0.169278487563
0.0 0.0 57.8054046631 0.0
0.0 0.0 57.1289176941 0.0
0.0 0.0 48.7273292542 0.0
0.0 0.0 45.2395553589 0.0
0.0 0.0 32.5766868591 0.0
0.0 0.0 36.7667655945 0.0
0.0 0.0 63.5903129578 0.0
0.0 0.0 68.1645202637 0.0
0.0 0.0 48.5024452209 0.0
0.0 0.0 35.967716217 0.0
0.0 0.0 44.5556640625 0.0
0.0 0.0 37.2555732727 0.0
0.0 0.0 41.5510025024 0.0
0.0 0.0 29.8040828705 0.1781835109
0.0 0.0 28.1177444458 0.0
0.0 0.0 30.7840824127 0.0
0.0 0.0 25.2881736755 0.0
0.0 0.0 39.9354400635 0.0
0.0 0.0 47.0994873047 0.0
0.0 0.0 47.5155792236 0.0
0.0 0.0 29.08543396 0.0
0.0 0.0 17.3350753784 0.0997329726815
0.0 0.0 17.4750976563 0.0795093551278
0.0 0.0 20.2678337097 0.0649133846164
0.0 0.0 21.9158554077 0.0734788998961
0.0 0.0 20.8447265625 0.0738640204072
0.0 0.0 20.6674118042 0.172651544213
0.0 0.0 21.9231452942 0.0
0.0 0.0 23.9468822479 0.0
0.0 0.0 35.5955047607 0.0
0.0 0.0 42.6143226624 0.0
0.0 0.0 31.2136039734 0.0
0.0 0.0 25.112745285 0.13511942327
0.0 0.0 23.1074295044 0.0
0.0 0.0 21.4847164154 0.0989131480455
0.0 0.0 23.6280021667 0.0
0.0 0.0 28.1966018677 0.0
0.0 0.0 27.3495540619 0.178525224328
0.0 0.0 25.5735588074 0.168211206794
0.0 0.0 26.0409183502 0.122090451419
0.0 0.0 27.0294132233 0.0724301114678
0.0 0.0 26.4244174957 0.0437489189208
0.0 0.0 25.5566253662 0.0601340681314
0.0 0.0 25.1359977722 0.0600703619421
0.0 0.0 25.0484790802 0.0668566301465
0.0 0.0 26.5280418396 0.0620519593358
0.0 0.0 27.368516922 0.0617679692805
0.0 0.0 26.2142925262 0.0624780394137
0.0 0.0 25.7683124542 0.0549478828907
0.0 0.0 26.8016643524 0.0676030814648
0.0 0.0 26.1586494446 0.0748196840286
0.0 0.0 26.242389679 0.0809534415603
0.0 0.0 25.5382843018 0.0774383917451
0.0 0.0 26.429107666 0.0948491096497
0.0 0.0 25.1001853943 0.0941503122449
0.0 0.0 25.9432735443 0.072066873312
0.0 0.0 27.9298706055 0.065630055964
0.0 0.0 25.6576080322 0.0505317561328
0.0 0.0 27.6753044128 0.0737621560693
0.0 0.0 27.1321601868 0.0447137020528
0.0 0.0 29.3876438141 0.0809240490198
0.0 0.0 28.9553394318 0.0913261696696
0.0 0.0 27.7909164429 0.167318761349
0.0 0.0 33.2423973083 0.17956648767
0.0 0.0 28.5713424683 0.12722954154
0.0 0.0 27.0192394257 0.0912443771958
0.0 0.0 29.5744171143 0.0715741664171
0.0 0.0 26.6738491058 0.113045677543
0.0 0.0 29.2027359009 0.152376949787
0.0 0.0 27.9480781555 0.0
0.0 0.0 29.6279716492 0.155456632376
0.0 0.0 29.4579162598 0.168197721243
0.0 0.0 30.5361442566 0.176465883851
0.0 0.0 28.3111724854 0.191088989377
0.0 0.0 26.9358215332 0.112082242966
0.0 0.0 30.3978862762 0.0818810239434
0.0 0.0 26.9092388153 0.0683408230543
0.0 0.0 25.3113651276 0.0752807110548
0.0 0.0 27.5710582733 0.0497284084558
0.0 0.0 26.2360267639 0.0573534741998
0.0 0.0 24.4515705109 0.0561089366674
0.0 0.0 27.48878479 0.0873883366585
0.0 0.0 25.9601993561 0.0749947652221
0.0 0.0 27.800989151 0.0635695010424
0.0 0.0 24.8793907166 0.0680481940508
0.0 0.0 25.5660572052 0.0626922175288
0.0 0.0 26.6963233948 0.0637246072292
0.0 0.0 26.2243061066 0.0496135614812
0.0 0.0 27.105222702 0.0940617918968
0.0 0.0 27.413110733 0.050804041326
0.0 0.0 26.3764686584 0.0663586854935
0.0 0.0 26.2291049957 0.102770492435
0.0 0.0 26.6822376251 0.140236213803
0.0 0.0 28.3511791229 0.0
0.0 0.0 30.2551250458 0.0
0.0 0.0 34.1260948181 0.0
0.0 0.0 34.0895500183 0.0
0.0 0.0 30.7574253082 0.0441094338894
0.0 0.0 28.3015995026 0.0643081814051
0.0 0.0 25.9914417267 0.0777806714177
0.0 0.0 26.8221340179 0.0591918453574
0.0 0.0 26.796289444 0.0644295439124
0.0 0.0 26.4274349213 0.0857011899352
0.0 0.0 26.8378639221 0.0567607358098
0.0 0.0 25.9043674469 0.0981178358197
0.0 0.0 28.4365959167 0.0777222886682
0.0 0.0 26.4213161469 0.0812450498343
0.0 0.0 25.3706855774 0.0700701773167
0.0 0.0 25.9379863739 0.0855768099427
0.0 0.0 23.9881191254 0.0756648033857
0.0 0.0 26.8627357483 0.0858129709959
0.0 0.0 28.3721561432 0.0942503213882
0.0 0.0 26.4078369141 0.0691159367561
0.0 0.0 26.0407333374 0.0582286790013
0.0 0.0 24.5169315338 0.0582213029265
0.0 0.0 26.114402771 0.064338080585
0.0 0.0 28.7809619904 0.0993592217565
0.0 0.0 26.2142543793 0.103017792106
0.0 0.0 27.3956394196 0.056571457535
0.0 0.0 26.1637268066 0.0861461237073
0.0 0.0 27.1551895142 0.0866915509105
0.0 0.0 27.8055839539 0.0703803598881
0.0 0.0 26.1869754791 0.0738279223442
0.0 0.0 26.0915775299 0.0712648183107
0.0 0.0 26.2611446381 0.0408130921423
0.0 0.0 28.882144928 0.090502679348
0.0 0.0 27.0075550079 0.119711510837
0.0 0.0 26.1300792694 0.0643719360232
0.0 0.0 25.9315605164 0.0
0.0 0.0 27.1589851379 0.0
0.0 0.0 29.8635311127 0.0
0.0 0.0 28.8617935181 0.0
0.0 0.0 28.0899982452 0.0749284923077
0.0 0.0 27.5636062622 0.0748148858547
0.0 0.0 25.6067886353 0.0560118891299
0.0 0.0 26.5855312347 0.103245764971
0.0 0.0 27.1860427856 0.0923672318459
0.0 0.0 26.883518219 0.0646293461323
0.0 0.0 27.4489631653 0.0982901751995
0.0 0.0 27.9062099457 0.0988795310259
0.0 0.0 28.2342281342 0.0387170799077
0.0 0.0 27.95744133 0.109779305756
0.0 0.0 27.7778739929 0.114987380803
0.0 0.0 28.5468788147 0.100857235491
0.0 0.0 28.4911499023 0.0784737989306
0.0 0.0 29.6909618378 0.0988459140062
0.0 0.0 29.670217514 0.0637518167496
0.0 0.0 26.11287117 0.162183180451
0.0 0.0 28.8242435455 0.194584682584
0.0 0.0 29.9228534698 0.182728946209
0.0 0.0 29.4179592133 0.162513673306
0.0 0.0 28.4760379791 0.141124472022
0.0 0.0 25.4863681793 0.0798354819417
0.0 0.0 27.1984577179 0.0626135393977
0.0 0.0 26.2439403534 0.109774768353
0.0 0.0 29.6256999969 0.0995817705989
0.0 0.0 28.6725292206 0.0514431446791
0.0 0.0 27.097038269 0.0
0.0 0.0 28.4023265839 0.0
0.0 0.0 39.2218894958 0.0
0.0 0.0 34.5554351807 0.0
0.0 0.0 31.1712818146 0.161660432816
0.0 0.0 31.0935268402 0.11910494417
0.0 0.0 29.0597763062 0.0
0.0 0.0 25.70378685 0.0
0.0 0.0 44.0488395691 0.0
0.0 0.0 59.605632782 0.0
0.0 0.0 54.0775032043 0.0
0.0 0.0 44.4023742676 0.0
0.0 0.0 28.1262664795 0.0
0.0 0.0 30.7860965729 0.0
0.0 0.0 34.3655548096 0.0
0.0 0.0 30.7102108002 0.0
0.0 0.0 29.2271137238 0.171527639031
0.0 0.0 28.6351299286 0.189477831125
0.0 0.0 30.5588283539 0.22996866703
0.0 0.0 30.6601600647 0.0
0.0 0.0 31.9303817749 0.0
0.0 0.0 30.1255836487 0.172460526228
0.0 0.0 28.8339443207 0.172639295459
0.0 0.0 29.1726150513 0.106221184134
0.0 0.0 30.0933074951 0.0931702777743
0.0 0.0 29.7873420715 0.125517532229
0.0 0.0 30.4930553436 0.135588243604
0.0 0.0 31.6524276733 0.148743018508
0.0 0.0 27.9033470154 0.0
0.0 0.0 29.9993076324 0.0423323735595
0.0 0.0 27.5782756805 0.0353357084095
0.0 0.0 26.5386791229 0.056253310293
0.0 0.0 25.6154918671 0.0740808919072
0.0 0.0 28.2325572968 0.0678670480847
0.0 0.0 27.0308094025 0.0740864500403
0.0 0.0 25.7033023834 0.0755754187703
0.0 0.0 27.6708374023 0.10939450562
0.0 0.0 26.919336319 0.0821947157383
0.0 0.0 27.5391464233 0.105805791914
0.0 0.0 26.7337722778 0.0963099822402
0.0 0.0 26.7656154633 0.0651348009706
0.0 0.0 30.3121604919 0.0
0.0 0.0 29.0286827087 0.0
0.0 0.0 35.6580886841 0.0
0.0 0.0 37.8183097839 0.0
0.0 0.0 27.2523975372 0.124513722956
0.0 0.0 28.5131778717 0.0
0.0 0.0 32.1398963928 0.0
0.0 0.0 37.6621894836 0.0
0.0 0.0 32.8288459778 0.128807261586
0.0 0.0 27.242061615 0.113712184131
0.0 0.0 27.8330307007 0.0898861959577
0.0 0.0 27.0015029907 0.0
0.0 0.0 30.1212558746 0.0
0.0 0.0 31.4499607086 0.0
0.0 0.0 33.2668952942 0.0
0.0 0.0 30.9459228516 0.0968513935804
0.0 0.0 28.6697978973 0.0
0.0 0.0 28.5117855072 0.0247530117631
0.0 0.0 28.9174785614 0.0599033236504
0.0 0.0 27.0679264069 0.0782807916403
0.0 0.0 28.380487442 0.112256348133
0.0 0.0 26.4463405609 0.0663972347975
0.0 0.0 30.6912155151 0.0
0.0 0.0 30.0277957916 0.0
0.0 0.0 26.5940551758 0.0
0.0 0.0 32.1376647949 0.0
0.0 0.0 27.0359020233 0.0
0.0 0.0 35.4890289307 0.0
0.0 0.0 32.7580604553 0.0
0.0 0.0 49.4044952393 0.0
0.0 0.0 97.8765182495 0.0
0.0 0.0 264.916503906 0.0
0.0 0.0 466.804046631 0.0
0.0 0.0 211.975204468 0.0
0.0 0.0 96.314453125 0.0
0.0 0.0 42.7512130737 0.0
0.0 0.0 28.1207199097 0.0
0.0 0.0 44.4406356812 0.0
0.0 0.0 77.7346191406 0.0
0.0 0.0 41.4158630371 0.241762399673
0.0 0.0 32.6095619202 0.759712457657
214.216125488 1.0 105.799804688 0.885494351387
211.467453003 1.0 227.754272461 0.936023950577
208.247131348 1.0 297.728759766 0.954231083393
205.361221313 1.0 324.457855225 0.836226582527
202.128982544 1.0 339.43157959 0.747137486935
185.3724823 1.0 196.483047485 0.455767303705
0.0 0.0 51.6785774231 0.0
0.0 0.0 16.2283744812 0.71541595459
0.0 0.0 3.90869879723 0.307135224342
0.0 0.0 2.56889486313 0.0
0.0 0.0 1.31823658943 0.372184306383
0.0 0.0 1.742628932 0.109133303165
0.0 0.0 2.48182272911 0.139779254794
0.0 0.0 3.22674202919 0.119081526995
0.0 0.0 4.09919834137 0.305983543396
0.0 0.0 4.29626560211 0.0
0.0 0.0 3.79934453964 0.356275945902
0.0 0.0 8.63449859619 0.558699250221
191.609115601 1.0 19.182767868 0.764938831329
187.492507935 1.0 83.0306015015 0.835050880909
185.431091309 1.0 99.03956604 0.963348388672
180.402038574 1.0 100.819480896 0.968244791031
176.307434082 1.0 107.948310852 0.914431989193
173.023956299 1.0 120.045211792 0.900114953518
167.015899658 1.0 87.3438720703 0.872393071651
0.0 0.0 27.9092845917 0.383207350969
0.0 0.0 15.3732290268 0.0238316841424
0.0 0.0 15.1553936005 0.0626849755645
0.0 0.0 19.0925178528 0.0
0.0 0.0 21.16456604 0.0
0.0 0.0 28.9524173737 0.0
0.0 0.0 41.7245826721 0.0
0.0 0.0 55.6131515503 0.657546281815
187.007995605 1.0 187.820266724 0.785748362541
181.22857666 1.0 584.35345459 0.842844009399
178.022689819 1.0 702.55480957 0.964125812054
175.341598511 1.0 707.673339844 0.989190995693
172.319412231 1.0 696.348571777 0.980577409267
170.649414063 1.0 706.697021484 0.982037603855
168.111526489 1.0 720.808532715 0.985835433006
166.866867065 1.0 721.449584961 0.981626868248
163.913757324 1.0 724.874328613 0.986444354057
161.825180054 1.0 691.392700195 0.983472049236
160.163070679 1.0 636.493713379 0.958808362484
158.719604492 1.0 557.433105469 0.926909148693
161.961044312 1.0 310.674346924 0.622704267502
194.23664856 1.0 91.7018737793 0.669730424881
188.826309204 1.0 151.800201416 0.839925885201
189.463241577 1.0 500.3465271 0.890561103821
190.600448608 1.0 618.300292969 0.966612756252
194.625442505 1.0 595.473999023 0.956788957119
199.01184082 1.0 587.520751953 0.960829854012
204.446411133 1.0 577.258789063 0.954150557518
209.856246948 1.0 576.645935059 0.952075242996
215.201599121 1.0 556.839416504 0.964058041573
219.339263916 1.0 511.777496338 0.97273337841
221.866149902 1.0 469.993225098 0.986456990242
224.089752197 1.0 444.540710449 0.986175954342
224.295944214 1.0 432.265960693 0.986662387848
223.555328369 1.0 423.167694092 0.983404457569
220.6197052 1.0 419.476837158 0.982971072197
216.434921265 1.0 411.702453613 0.972492456436
210.89515686 1.0 410.596832275 0.962323963642
204.049591064 1.0 416.780609131 0.945113480091
197.01133728 1.0 414.218170166 0.950984477997
191.430145264 1.0 423.1065979 0.969949662685
186.890548706 1.0 424.036621094 0.974589765072
183.398605347 1.0 430.600524902 0.98696154356
181.131744385 1.0 440.705932617 0.989411234856
180.210678101 1.0 455.90020752 0.99358946085
180.335952759 1.0 472.359619141 0.993267893791
181.206802368 1.0 489.133514404 0.992283284664
181.658294678 1.0 497.210632324 0.986929655075
180.610748291 1.0 490.77722168 0.973673462868
178.891998291 1.0 492.488006592 0.948323011398
177.848312378 1.0 480.120513916 0.931984126568
174.499740601 1.0 350.398834229 0.889076173306
191.995223999 1.0 139.886367798 0.732101380825
0.0 0.0 57.9145774841 0.237796410918
0.0 0.0 54.5522918701 0.0
0.0 0.0 36.5458526611 0.349908202887
0.0 0.0 40.3350486755 0.362717419863
0.0 0.0 48.1031532288 0.0
0.0 0.0 74.9462814331 0.0
0.0 0.0 70.6173019409 0.0
0.0 0.0 65.4504547119 0.0
0.0 0.0 38.5665740967 0.0
0.0 0.0 38.5119132996 0.0
0.0 0.0 46.6841125488 0.0
0.0 0.0 33.9112052917 0.0
0.0 0.0 30.5474910736 0.191211625934
0.0 0.0 36.1031723022 0.0
0.0 0.0 37.9170570374 0.147813230753
0.0 0.0 33.480255127 0.0
0.0 0.0 40.710193634 0.0
0.0 0.0 41.8194885254 0.283045381308
186.371170044 1.0 56.526599884 0.81911700964
182.363418579 1.0 271.701751709 0.884682953358
181.488449097 1.0 527.107849121 0.957080483437
179.808944702 1.0 560.169311523 0.99026376009
179.046859741 1.0 545.289123535 0.986534237862
177.542770386 1.0 545.91418457 0.986741364002
176.253540039 1.0 572.981811523 0.990405201912
175.728317261 1.0 598.508056641 0.993133306503
176.042068481 1.0 620.885742188 0.989197969437
177.714752197 1.0 600.16217041 0.985613167286
181.987487793 1.0 513.682922363 0.9548163414
188.561203003 1.0 442.912384033 0.964826345444
191.368591309 1.0 464.633666992 0.984141647816
191.841430664 1.0 543.542724609 0.987565517426
191.239639282 1.0 567.560302734 0.988480508327
189.43510437 1.0 583.005371094 0.980267345905
184.971405029 1.0 669.081787109 0.957804143429
180.239562988 1.0 720.343017578 0.951000094414
175.799453735 1.0 712.466247559 0.950948774815
171.167861938 1.0 636.011535645 0.953831136227
168.046325684 1.0 457.274017334 0.922019481659
169.912109375 1.0 219.492324829 0.789620637894
179.120910645 1.0 85.4694213867 0.614015519619
178.786987305 1.0 54.719871521 0.50144058466
185.667678833 1.0 41.8854675293 0.400796085596
222.446975708 1.0 37.0796318054 0.689307868481
186.041290283 1.0 71.5687255859 0.791506171227
184.467132568 1.0 394.25970459 0.87065166235
183.439926147 1.0 716.032531738 0.924972951412
181.093017578 1.0 728.60534668 0.986214160919
179.146072388 1.0 706.985107422 0.992559611797
179.18762207 1.0 698.3359375 0.990647375584
180.90071106 1.0 690.378356934 0.978241503239
183.790817261 1.0 685.901733398 0.98219114542
187.575134277 1.0 688.877868652 0.966255784035
192.763626099 1.0 690.435119629 0.968784332275
197.771102905 1.0 692.231262207 0.975386023521
202.260574341 1.0 704.423583984 0.979204654694
206.255325317 1.0 716.41192627 0.985059916973
207.821395874 1.0 712.107788086 0.984846889973
208.445602417 1.0 685.898071289 0.938713252544
206.48348999 1.0 513.745117188 0.889955580235
202.105560303 1.0 183.943344116 0.48223695159
0.0 0.0 44.5768928528 0.320116072893
0.0 0.0 40.1527671814 0.200685799122
0.0 0.0 38.1710853577 0.503127574921
0.0 0.0 34.3197097778 0.596358656883
0.0 0.0 210.341629028 0.431697964668
156.970199585 1.0 518.03503418 0.539118945599
151.275054932 1.0 592.119445801 0.692805230618
146.527893066 1.0 577.296142578 0.926660001278
147.672805786 1.0 563.215270996 0.885960519314
157.635482788 1.0 575.797180176 0.867778301239
162.651290894 1.0 597.234313965 0.928826451302
165.390594482 1.0 617.608764648 0.973507344723
164.694763184 1.0 627.651000977 0.921100199223
162.540420532 1.0 528.840393066 0.894180774689
162.245193481 1.0 291.551605225 0.635251164436
0.0 0.0 88.8950119019 0.309757709503
0.0 0.0 45.0425224304 0.0
0.0 0.0 31.3296489716 0.227154657245
0.0 0.0 32.6692695618 0.0
0.0 0.0 49.2759284973 0.0
0.0 0.0 35.3258743286 0.0
0.0 0.0 26.0664577484 0.0
0.0 0.0 38.5243911743 0.0
0.0 0.0 48.7617797852 0.0
0.0 0.0 27.2848262787 0.0
0.0 0.0 36.4744911194 0.0
0.0 0.0 32.228805542 0.112911127508
0.0 0.0 28.7966079712 0.148321047425
0.0 0.0 38.9034233093 0.0
0.0 0.0 35.3153915405 0.0
0.0 0.0 58.2016677856 0.561053693295
185.686920166 1.0 39.2519607544 0.771726131439
189.011657715 1.0 242.300964355 0.875033140182
189.601470947 1.0 592.420532227 0.91752576828
189.851547241 1.0 662.442626953 0.988713383675
189.779571533 1.0 689.523803711 0.993716597557
188.9921875 1.0 700.992492676 0.996711134911
188.723297119 1.0 711.015380859 0.997315645218
189.33039856 1.0 705.450622559 0.995559155941
191.019119263 1.0 701.101074219 0.990106403828
193.464035034 1.0 696.285949707 0.988290607929
195.834381104 1.0 703.778625488 0.992673873901
197.285842896 1.0 706.657836914 0.994142651558
198.371246338 1.0 716.284667969 0.997648477554
199.01222229 1.0 730.281188965 0.9979570508
199.53956604 1.0 736.966064453 0.997906863689
200.076766968 1.0 745.309265137 0.997946560383
200.357711792 1.0 750.324768066 0.998276114464
200.167816162 1.0 751.551635742 0.998147010803
199.627853394 1.0 738.444946289 0.997537970543
198.858963013 1.0 724.470092773 0.997338116169
197.722091675 1.0 705.460327148 0.995871901512
197.128265381 1.0 686.614624023 0.996563732624
196.846466064 1.0 666.597290039 0.996807157993
196.833892822 1.0 638.755004883 0.996983230114
196.919967651 1.0 624.47442627 0.997286260128
196.721954346 1.0 612.908447266 0.996964633465
196.802597046 1.0 601.654174805 0.996129393578
196.594161987 1.0 586.854309082 0.995954811573
196.546585083 1.0 583.180603027 0.996301472187
196.622756958 1.0 576.389282227 0.996287584305
197.416275024 1.0 571.450317383 0.995342731476
198.794296265 1.0 568.715759277 0.993308246136
200.587600708 1.0 567.81817627 0.99225050211
202.467407227 1.0 568.43927002 0.992150366306
204.621643066 1.0 569.412719727 0.990478515625
206.193862915 1.0 567.629455566 0.992701768875
208.005355835 1.0 566.295471191 0.990402042866
210.174957275 1.0 554.925109863 0.988345503807
212.679458618 1.0 540.66619873 0.985611259937
215.008743286 1.0 516.661437988 0.982753813267
217.547607422 1.0 484.512145996 0.980809509754
220.530181885 1.0 448.81942749 0.978714764118
222.947799683 1.0 424.497039795 0.984483540058
225.034133911 1.0 405.771331787 0.98616528511
227.293060303 1.0 381.499664307 0.972183942795
228.605392456 1.0 379.556365967 0.940498590469
229.023956299 1.0 375.899139404 0.923391759396
227.950088501 1.0 354.26473999 0.883579194546
227.365737915 1.0 267.585876465 0.667783200741
0.0 0.0 202.759338379 0.374171167612
0.0 0.0 177.065414429 0.307442784309
0.0 0.0 167.671737671 0.183827906847
0.0 0.0 145.227661133 0.269381672144
0.0 0.0 117.795326233 0.260718435049
0.0 0.0 271.522399902 0.503550887108
98.3262176514 1.0 269.444213867 0.64437687397
101.066352844 1.0 304.59085083 0.811183512211
102.583450317 1.0 329.42956543 0.86419737339
104.011543274 1.0 345.410888672 0.888518452644
205.789367676 1.0 361.380737305 0.935409426689
206.643341064 1.0 412.370880127 0.955245733261
204.475830078 1.0 440.11517334 0.970984220505
203.50769043 1.0 459.351348877 0.982440114021
202.08140564 1.0 476.347381592 0.9856377244
200.290878296 1.0 472.100769043 0.985035955906
198.631973267 1.0 448.95135498 0.952225208282
197.02381897 1.0 383.765716553 0.924510836601
195.520492554 1.0 231.605941772 0.813773930073
197.115097046 1.0 71.4707641602 0.514171242714
0.0 0.0 33.195526123 0.116636417806
0.0 0.0 27.4250488281 0.0911903381348
0.0 0.0 27.7762565613 0.0
0.0 0.0 30.2189331055 0.0
0.0 0.0 29.2714271545 0.110857583582
0.0 0.0 29.1903762817 0.0673256590962
0.0 0.0 36.6821098328 0.425008773804
195.216644287 1.0 46.8582839966 0.853281140327
194.343154907 1.0 89.8880081177 0.945886790752
190.929153442 1.0 240.069351196 0.937904477119
184.934951782 1.0 362.808227539 0.922609865665
179.095321655 1.0 409.194244385 0.92192620039
172.640228271 1.0 417.724304199 0.941692590714
169.109191895 1.0 419.629180908 0.950798273087
164.863632202 1.0 408.586273193 0.956527709961
163.247695923 1.0 406.23651123 0.932681620121
160.267196655 1.0 367.936553955 0.939313948154
153.840667725 1.0 249.362426758 0.973031461239
151.387115479 1.0 138.922439575 0.93974339962
144.44732666 1.0 81.5233612061 0.936748325825
140.737350464 1.0 61.2560310364 0.938657581806
137.667709351 1.0 51.1755599976 0.892695784569
140.854049683 1.0 39.0055923462 0.759115695953
0.0 0.0 25.6591720581 0.588407516479
0.0 0.0 20.2309570313 0.452529549599
0.0 0.0 22.6296443939 0.549460947514
0.0 0.0 17.6861724854 0.287041902542
0.0 0.0 19.5695724487 0.262602508068
0.0 0.0 19.7899646759 0.0
0.0 0.0 18.0499458313 0.376302629709
0.0 0.0 19.8131351471 0.553650438786
0.0 0.0 18.7516651154 0.421883672476
0.0 0.0 15.5491285324 0.395318210125
0.0 0.0 20.3518028259 0.258685112
0.0 0.0 21.8233146667 0.322966188192
0.0 0.0 16.1747074127 0.139957934618
0.0 0.0 13.2055644989 0.0
0.0 0.0 14.0424900055 0.0
0.0 0.0 24.1032066345 0.0
0.0 0.0 28.3849945068 0.0
0.0 0.0 45.0601158142 0.0
0.0 0.0 47.4147872925 0.195459797978
0.0 0.0 24.5014915466 0.30971044302
0.0 0.0 27.9168224335 0.0
0.0 0.0 44.4186820984 0.0
0.0 0.0 43.4956512451 0.0
0.0 0.0 47.3310813904 0.0
0.0 0.0 53.6406059265 0.0
0.0 0.0 47.7071113586 0.0
0.0 0.0 66.3053512573 0.0
0.0 0.0 50.5527458191 0.0
0.0 0.0 52.6455345154 0.0
0.0 0.0 48.4327087402 0.0
0.0 0.0 49.6903877258 0.0
0.0 0.0 89.3711547852 0.0
0.0 0.0 71.6417694092 0.0
0.0 0.0 50.3937606812 0.0
0.0 0.0 65.4288482666 0.0
0.0 0.0 136.386108398 0.0
0.0 0.0 154.781143188 0.0
0.0 0.0 119.71811676 0.0
0.0 0.0 86.6153717041 0.0
0.0 0.0 41.3527526855 0.0
0.0 0.0 50.0586585999 0.0
0.0 0.0 34.0402908325 0.239075019956
0.0 0.0 38.1823921204 0.390401810408
0.0 0.0 47.4844932556 0.460463374853
0.0 0.0 44.3991622925 0.195781737566
0.0 0.0 40.0327720642 0.0
0.0 0.0 51.4016685486 0.0
0.0 0.0 62.0138435364 0.0
0.0 0.0 38.7900924683 0.0
0.0 0.0 53.3471641541 0.0
0.0 0.0 36.7748184204 0.0
0.0 0.0 31.8868160248 0.0
0.0 0.0 37.2588233948 0.0992365628481
0.0 0.0 30.9116649628 0.0
0.0 0.0 27.6589050293 0.0
0.0 0.0 31.3302364349 0.0
0.0 0.0 27.7831115723 0.171296000481
0.0 0.0 27.8883590698 0.0748235583305
0.0 0.0 30.2956924438 0.0
0.0 0.0 29.0139350891 0.0
0.0 0.0 29.3796310425 0.146639123559
0.0 0.0 28.7400226593 0.0
0.0 0.0 29.8392028809 0.0
0.0 0.0 36.0818443298 0.0
0.0 0.0 33.6446914673 0.0
0.0 0.0 38.5003051758 0.0
0.0 0.0 36.9765548706 0.372756123543
0.0 0.0 63.5726852417 0.351861327887
0.0 0.0 57.8269691467 0.0
0.0 0.0 44.7308044434 0.0
0.0 0.0 72.8292770386 0.0
0.0 0.0 75.7337341309 0.0
0.0 0.0 72.5347290039 0.0
0.0 0.0 55.1012268066 0.0
0.0 0.0 38.1863250732 0.0
0.0 0.0 38.4764671326 0.187947079539
0.0 0.0 36.6209106445 0.436985403299
0.0 0.0 51.0263671875 0.495362639427
0.0 0.0 87.5062637329 0.514630138874
0.0 0.0 62.5719337463 0.374546259642
0.0 0.0 71.5241851807 0.483974456787
0.0 0.0 59.6802406311 0.284134030342
0.0 0.0 38.1134300232 0.0
0.0 0.0 32.4720993042 0.0
0.0 0.0 30.5940246582 0.0985744222999
0.0 0.0 36.5294952393 0.0
0.0 0.0 36.1646614075 0.0
0.0 0.0 28.2218170166 0.0
0.0 0.0 32.0277557373 0.0
0.0 0.0 36.4416732788 0.0
0.0 0.0 29.6494865417 0.0
0.0 0.0 31.7289123535 0.201988846064
0.0 0.0 37.9889183044 0.160839036107
0.0 0.0 38.3335647583 0.0
0.0 0.0 28.2480010986 0.0
0.0 0.0 27.6288032532 0.159827321768
0.0 0.0 27.8491687775 0.0
0.0 0.0 32.7356796265 0.0
0.0 0.0 30.7149429321 0.0
0.0 0.0 26.157459259 0.133001089096
0.0 0.0 26.334733963 0.106927551329
0.0 0.0 26.0286197662 0.116272643209
0.0 0.0 27.8548908234 0.0
0.0 0.0 29.0256557465 0.0
0.0 0.0 33.8004226685 0.0
0.0 0.0 32.7641334534 0.0
0.0 0.0 38.5489349365 0.0
0.0 0.0 50.6465835571 0.0
0.0 0.0 67.9664154053 0.0
0.0 0.0 46.4662818909 0.0
0.0 0.0 39.3987960815 0.0
0.0 0.0 30.9447250366 0.0
0.0 0.0 27.4053211212 0.0
0.0 0.0 27.8823337555 0.0
0.0 0.0 30.0169448853 0.0
0.0 0.0 31.2660636902 0.0
0.0 0.0 32.4833984375 0.172116532922
0.0 0.0 31.9879646301 0.124899767339
0.0 0.0 28.6120624542 0.0211819987744
0.0 0.0 28.1988430023 0.0696537345648
0.0 0.0 27.1269931793 0.0768998637795
0.0 0.0 27.0759029388 0.155498802662
0.0 0.0 28.8769111633 0.227324441075
0.0 0.0 30.7891941071 0.22296307981
0.0 0.0 31.0822372437 0.0866702795029
0.0 0.0 30.089931488 0.0
0.0 0.0 28.0878257751 0.069126278162
0.0 0.0 27.2214851379 0.0977673828602
0.0 0.0 24.9791374207 0.030858559534
0.0 0.0 26.2917385101 0.0686752572656
0.0 0.0 28.3891525269 0.0892598107457
0.0 0.0 25.9897251129 0.0839655771852
0.0 0.0 29.1654815674 0.157541066408
0.0 0.0 29.9363517761 0.122795127332
0.0 0.0 25.82122612 0.146424457431
0.0 0.0 26.4274272919 0.0675322785974
0.0 0.0 26.1055622101 0.0555105470121
0.0 0.0 26.1216506958 0.0741494894028
0.0 0.0 26.9980888367 0.0639345124364
0.0 0.0 28.4987640381 0.123286187649
0.0 0.0 29.733259201 0.0967470109463
0.0 0.0 28.6149635315 0.128664404154
0.0 0.0 27.6571350098 0.103506855667
0.0 0.0 27.7160015106 0.0932146459818
0.0 0.0 31.2388706207 0.232255443931
0.0 0.0 36.2708129883 0.350231021643
0.0 0.0 56.5484237671 0.422868013382
0.0 0.0 66.9189300537 0.246957302094
0.0 0.0 101.899345398 0.246069222689
0.0 0.0 123.632118225 0.443296849728
0.0 0.0 97.1999206543 0.356640994549
0.0 0.0 69.2988204956 0.0
0.0 0.0 41.0520935059 0.0
0.0 0.0 35.1780891418 0.0
0.0 0.0 44.112285614 0.0
0.0 0.0 55.8716163635 0.0
0.0 0.0 54.8035202026 0.406757175922
0.0 0.0 52.0946540833 0.389435946941
0.0 0.0 52.253074646 0.2305957973
0.0 0.0 34.731212616 0.186237230897
0.0 0.0 24.5173225403 0.200932919979
0.0 0.0 27.2063484192 0.0
0.0 0.0 25.3871212006 0.0
0.0 0.0 33.7314033508 0.0
0.0 0.0 23.4680919647 0.0
0.0 0.0 30.5218849182 0.0934599265456
0.0 0.0 34.1158905029 0.0
0.0 0.0 24.7624931335 0.0959491431713
0.0 0.0 24.3824977875 0.135970637202
0.0 0.0 28.8374328613 0.132921084762
0.0 0.0 29.6010379791 0.0
0.0 0.0 31.1081905365 0.0
