0.0 0.0 0.0 0.0
0.0 0.0 39.038684845 0.0
0.0 0.0 33.3975639343 0.239996507764
0.0 0.0 34.5404701233 0.106062419713
0.0 0.0 30.5095329285 0.189896434546
0.0 0.0 27.3747806549 0.128150582314
0.0 0.0 31.159444809 0.0978074446321
0.0 0.0 32.0517997742 0.216963738203
0.0 0.0 28.2741298676 0.139596402645
0.0 0.0 31.9944076538 0.121716305614
0.0 0.0 29.8449726105 0.0797404646873
0.0 0.0 29.9813690186 0.0505987405777
0.0 0.0 30.3531017303 0.102234654129
0.0 0.0 27.0030384064 0.102583311498
0.0 0.0 28.0010490417 0.0980565398932
0.0 0.0 27.3729858398 0.111712232232
0.0 0.0 27.8947505951 0.0982851460576
0.0 0.0 28.8702793121 0.199482649565
0.0 0.0 28.2693157196 0.0
0.0 0.0 34.8075447083 0.0
0.0 0.0 53.3147354126 0.0
0.0 0.0 60.7930679321 0.0
0.0 0.0 65.064491272 0.0
0.0 0.0 43.8815536499 0.0
0.0 0.0 43.5623703003 0.117988623679
0.0 0.0 35.7536010742 0.0
0.0 0.0 31.6110515594 0.107100144029
0.0 0.0 30.2750644684 0.0997032672167
0.0 0.0 27.4873142242 0.089710958302
0.0 0.0 29.1331062317 0.100691705942
0.0 0.0 27.1019897461 0.118546426296
0.0 0.0 28.1030025482 0.0670321285725
0.0 0.0 29.626329422 0.0435086861253
0.0 0.0 28.9449653625 0.0894802734256
0.0 0.0 28.6137332916 0.0
0.0 0.0 26.5168495178 0.0826670005918
0.0 0.0 27.98021698 0.0860525593162
0.0 0.0 30.269109726 0.0856046155095
0.0 0.0 26.3852272034 0.0931165963411
0.0 0.0 26.9711723328 0.0684879049659
0.0 0.0 25.6173839569 0.0593874268234
0.0 0.0 29.1226482391 0.0575942844152
0.0 0.0 28.1926326752 0.0624629668891
0.0 0.0 25.5264453888 0.0793751552701
0.0 0.0 28.4870243073 0.0770271345973
0.0 0.0 25.2885284424 0.0983811616898
0.0 0.0 27.7074718475 0.0579754337668
0.0 0.0 30.0290603638 0.0755365267396
0.0 0.0 30.2271137238 0.195218712091
0.0 0.0 29.0126667023 0.221220135689
0.0 0.0 34.8241043091 0.327783942223
0.0 0.0 37.6487579346 0.0
0.0 0.0 45.2316246033 0.0
0.0 0.0 56.1326904297 0.0
0.0 0.0 52.6891517639 0.0
0.0 0.0 75.804069519 0.0
0.0 0.0 52.6923217773 0.0
0.0 0.0 62.7112197876 0.0
0.0 0.0 37.4840164185 0.0
0.0 0.0 40.4884300232 0.223243311048
0.0 0.0 28.8713855743 0.156186908484
0.0 0.0 26.4346179962 0.0972725525498
0.0 0.0 31.3406162262 0.202952831984
0.0 0.0 31.4989814758 0.191150397062
0.0 0.0 30.5840644836 0.0969532206655
0.0 0.0 27.1390857697 0.10036393255
0.0 0.0 28.3055152893 0.114543318748
0.0 0.0 28.8184642792 0.123363122344
0.0 0.0 27.9586963654 0.0710560530424
0.0 0.0 28.4896392822 0.0932656601071
0.0 0.0 27.0481414795 0.0262880511582
0.0 0.0 28.1994304657 0.0905027389526
0.0 0.0 29.2871112823 0.101384311914
0.0 0.0 28.7330570221 0.0
0.0 0.0 29.2834854126 0.0
0.0 0.0 37.7328262329 0.0
0.0 0.0 69.0061035156 0.0
0.0 0.0 58.1244239807 0.0
0.0 0.0 55.9482727051 0.0
0.0 0.0 35.0757064819 0.352769523859
0.0 0.0 31.9239215851 0.154769822955
0.0 0.0 27.3194160461 0.111484020948
0.0 0.0 26.6233310699 0.101722419262
0.0 0.0 25.8102169037 0.113878265023
0.0 0.0 27.2189483643 0.085567779839
0.0 0.0 29.4093608856 0.115345858037
0.0 0.0 28.5037708282 0.110597975552
0.0 0.0 30.3130435944 0.0996944457293
0.0 0.0 27.1846218109 0.0757113993168
0.0 0.0 28.1303443909 0.0678576901555
0.0 0.0 26.8449001312 0.0483877584338
0.0 0.0 27.4867076874 0.0711240842938
0.0 0.0 28.9396152496 0.0383748039603
0.0 0.0 27.0935783386 0.0505670271814
0.0 0.0 28.6106796265 0.0901055186987
0.0 0.0 26.3164348602 0.0641910135746
0.0 0.0 27.5927677155 0.157580882311
0.0 0.0 30.6537628174 0.160290047526
0.0 0.0 28.870677948 0.17815323174
0.0 0.0 29.324754715 0.114765182137
0.0 0.0 27.5852794647 0.0680274814367
0.0 0.0 28.3748683929 0.0721167773008
0.0 0.0 30.2515010834 0.0542452707887
0.0 0.0 28.9186096191 0.138084635139
0.0 0.0 29.1332569122 0.160336121917
0.0 0.0 31.3373661041 0.187577068806
0.0 0.0 37.8178825378 0.0
0.0 0.0 37.9408874512 0.0
0.0 0.0 53.2009963989 0.0
0.0 0.0 45.9615440369 0.0
0.0 0.0 68.2623825073 0.0
0.0 0.0 48.6952552795 0.0
0.0 0.0 53.68151474 0.0
0.0 0.0 36.7926826477 0.0
0.0 0.0 37.5439300537 0.204523473978
0.0 0.0 32.2357025146 0.227284103632
0.0 0.0 27.7833652496 0.12093988061
0.0 0.0 28.1987438202 0.0503680817783
0.0 0.0 30.2562198639 0.214671477675
0.0 0.0 30.2650146484 0.188889563084
0.0 0.0 29.4342422485 0.119767792523
0.0 0.0 30.5227203369 0.149275273085
0.0 0.0 26.9615764618 0.0698102414608
0.0 0.0 26.4395313263 0.0837043747306
0.0 0.0 27.1776847839 0.0836127325892
0.0 0.0 27.64635849 0.166996911168
0.0 0.0 30.7668151855 0.222123995423
0.0 0.0 32.4618339539 0.0
0.0 0.0 33.4134674072 0.0
0.0 0.0 33.7365112305 0.0
0.0 0.0 31.880815506 0.0
0.0 0.0 48.5779457092 0.0
0.0 0.0 58.3499946594 0.0
0.0 0.0 59.9075584412 0.0
0.0 0.0 39.683467865 0.0
0.0 0.0 37.624786377 0.272389620543
0.0 0.0 30.9170436859 0.272982895374
0.0 0.0 30.8217658997 0.114522539079
0.0 0.0 28.6212425232 0.116529144347
0.0 0.0 28.6221466064 0.0783604234457
0.0 0.0 28.5748958588 0.0915936380625
0.0 0.0 27.1084308624 0.0868985280395
0.0 0.0 28.6246643066 0.0640136897564
0.0 0.0 28.6906280518 0.121048904955
0.0 0.0 29.3675727844 0.13153116405
0.0 0.0 28.7547187805 0.0531394891441
0.0 0.0 29.419303894 0.0666692480445
0.0 0.0 28.1688213348 0.0869864299893
0.0 0.0 26.0878238678 0.110002942383
0.0 0.0 30.2465305328 0.114012911916
0.0 0.0 26.5157184601 0.0570141524076
0.0 0.0 27.9289588928 0.0793859064579
0.0 0.0 28.8438053131 0.146975576878
0.0 0.0 28.7145957947 0.0796086192131
0.0 0.0 30.0986442566 0.100078210235
0.0 0.0 26.9667396545 0.094074010849
0.0 0.0 28.5648498535 0.0535491146147
0.0 0.0 29.1968402863 0.101904250681
0.0 0.0 27.3728370667 0.0542695522308
0.0 0.0 28.544960022 0.272710442543
0.0 0.0 26.723077774 0.250924289227
0.0 0.0 39.8095588684 0.0
0.0 0.0 39.1536140442 0.0
0.0 0.0 50.995098114 0.0
0.0 0.0 49.6153411865 0.0
0.0 0.0 49.235168457 0.0
0.0 0.0 69.2032318115 0.0
0.0 0.0 46.2559585571 0.0
0.0 0.0 51.6949119568 0.460402339697
0.0 0.0 34.8066482544 0.0
0.0 0.0 34.9208374023 0.156818255782
0.0 0.0 36.8507995605 0.292268872261
0.0 0.0 30.7699203491 0.247712373734
0.0 0.0 36.9323234558 0.254074275494
0.0 0.0 33.6936798096 0.344498753548
0.0 0.0 33.1063308716 0.108565941453
0.0 0.0 32.3633956909 0.119315497577
0.0 0.0 30.5788478851 0.132137835026
0.0 0.0 27.0573253632 0.0870845168829
0.0 0.0 28.0056095123 0.0307961609215
0.0 0.0 27.3425674438 0.118093542755
0.0 0.0 28.1620540619 0.0927854627371
0.0 0.0 29.5158729553 0.26610031724
0.0 0.0 31.5949020386 0.0
0.0 0.0 34.078666687 0.0
0.0 0.0 30.5947494507 0.0
0.0 0.0 40.163482666 0.0
0.0 0.0 62.5958862305 0.0
0.0 0.0 66.8251190186 0.0
0.0 0.0 59.3139305115 0.0
0.0 0.0 42.1792945862 0.0
0.0 0.0 35.9646492004 0.157013714314
0.0 0.0 34.9493408203 0.190609559417
0.0 0.0 28.8661289215 0.0839692130685
0.0 0.0 29.5538520813 0.116941802204
0.0 0.0 26.3533725739 0.0982325747609
0.0 0.0 26.5021476746 0.115689247847
0.0 0.0 29.161649704 0.0934652537107
0.0 0.0 27.4542560577 0.125301420689
0.0 0.0 27.0508728027 0.117156676948
0.0 0.0 27.447687149 0.13270573318
0.0 0.0 28.1344871521 0.102681621909
0.0 0.0 29.8826122284 0.164886191487
0.0 0.0 26.8151550293 0.113429002464
0.0 0.0 26.8820877075 0.0922656655312
0.0 0.0 26.2543754578 0.0407352298498
0.0 0.0 26.8908729553 0.0682456940413
0.0 0.0 29.0566864014 0.101963415742
0.0 0.0 25.9108409882 0.0708341896534
0.0 0.0 28.7719039917 0.0711545050144
0.0 0.0 25.8080730438 0.0858552977443
0.0 0.0 27.954208374 0.0492216981947
0.0 0.0 28.7231369019 0.0593269579113
0.0 0.0 27.6912841797 0.103117242455
0.0 0.0 30.7140712738 0.11276575923
0.0 0.0 28.8394412994 0.219945028424
0.0 0.0 29.5980072021 0.320466279984
0.0 0.0 36.8953323364 0.0
0.0 0.0 36.3778190613 0.0
0.0 0.0 36.0073165894 0.0
0.0 0.0 30.4596214294 0.338895708323
0.0 0.0 30.2442626953 0.0
0.0 0.0 39.9831542969 0.0
0.0 0.0 41.6140899658 0.0
0.0 0.0 47.3634910583 0.0
0.0 0.0 36.1361808777 0.0
0.0 0.0 44.6610717773 0.0
0.0 0.0 36.2784538269 0.314163863659
0.0 0.0 34.5081100464 0.291714817286
0.0 0.0 28.8276462555 0.265721082687
0.0 0.0 31.5927276611 0.454365760088
0.0 0.0 37.4590873718 0.0
0.0 0.0 50.8274688721 0.0
0.0 0.0 46.9236030579 0.0
0.0 0.0 35.8479423523 0.0
0.0 0.0 34.9210357666 0.0
0.0 0.0 41.4629020691 0.0
0.0 0.0 39.7089996338 0.0
0.0 0.0 48.8848762512 0.420881509781
0.0 0.0 32.7839279175 0.42732283473
0.0 0.0 32.8080596924 0.0
0.0 0.0 40.0505599976 0.0
0.0 0.0 52.4549369812 0.0
0.0 0.0 67.3309783936 0.0
0.0 0.0 88.5980224609 0.0
0.0 0.0 88.4505081177 0.0
0.0 0.0 95.7590637207 0.0
0.0 0.0 59.8053245544 0.0
0.0 0.0 51.8463630676 0.0
0.0 0.0 56.5644569397 0.0
0.0 0.0 58.7942276001 0.0
0.0 0.0 76.5054550171 0.0
0.0 0.0 71.1739196777 0.0
0.0 0.0 58.2087135315 0.0
0.0 0.0 58.5391082764 0.0
0.0 0.0 95.5094146729 0.0
0.0 0.0 155.878265381 0.0
0.0 0.0 326.513305664 0.0
0.0 0.0 773.147949219 0.0
0.0 0.0 790.896728516 0.0
0.0 0.0 669.633239746 0.0
0.0 0.0 418.468444824 0.0
0.0 0.0 257.6875 0.246196135879
0.0 0.0 105.084182739 0.765006005764
151.140823364 1.0 353.236206055 0.901950240135
146.604888916 1.0 737.933898926 0.903556168079
145.923355103 1.0 1334.1583252 0.931198894978
143.716934204 1.0 1895.18811035 0.935862064362
142.348983765 1.0 1754.07226563 0.842896461487
134.584838867 1.0 1496.28186035 0.807053387165
123.765525818 1.0 908.498352051 0.773901462555
0.0 0.0 266.124023438 0.240799859166
0.0 0.0 247.657546997 0.0
0.0 0.0 336.960998535 0.0
0.0 0.0 135.43460083 0.0
0.0 0.0 213.194396973 0.0
0.0 0.0 171.491577148 0.0
0.0 0.0 42.153011322 0.0
0.0 0.0 68.5142211914 0.0
0.0 0.0 102.708625793 0.0
0.0 0.0 228.623504639 0.0
182.254776001 1.0 348.883880615 0.621893405914
185.825897217 1.0 680.810241699 0.780568897724
191.833709717 1.0 2007.82885742 0.808635830879
196.230300903 1.0 2319.38134766 0.909313797951
201.624954224 1.0 2265.984375 0.965422034264
202.084106445 1.0 2337.03637695 0.955073535442
200.749755859 1.0 2210.96948242 0.898307919502
193.591278076 1.0 1962.59143066 0.882551252842
182.308425903 1.0 1112.20141602 0.828686475754
0.0 0.0 223.422866821 0.6253002882
0.0 0.0 185.277603149 0.0
0.0 0.0 123.633140564 0.0
0.0 0.0 116.594917297 0.0
0.0 0.0 166.94329834 0.269335776567
0.0 0.0 140.630233765 0.0
0.0 0.0 100.459396362 0.668025791645
245.193405151 1.0 378.637786865 0.871018588543
243.336425781 1.0 1293.42285156 0.919283628464
240.258926392 1.0 1758.41662598 0.983412206173
232.189086914 1.0 1765.58557129 0.915277540684
213.456054688 1.0 1776.51794434 0.711573004723
189.590820313 1.0 1793.82043457 0.744533121586
176.718521118 1.0 1765.67041016 0.897425711155
170.08241272 1.0 1490.4453125 0.866629481316
173.599197388 1.0 771.235168457 0.676979780197
0.0 0.0 245.647857666 0.0
0.0 0.0 213.646865845 0.0
0.0 0.0 248.142074585 0.64787453413
143.928268433 1.0 817.423095703 0.71073359251
135.853179932 1.0 1936.42675781 0.765235185623
126.710151672 1.0 2153.57128906 0.804139792919
117.958114624 1.0 2115.76391602 0.906973719597
113.411499023 1.0 2048.16137695 0.967198967934
111.534446716 1.0 2050.71606445 0.986099481583
110.304100037 1.0 2072.0546875 0.989443421364
108.898391724 1.0 2063.8269043 0.994666576385
108.101699829 1.0 2009.08825684 0.996234357357
107.562515259 1.0 1938.96972656 0.996684014797
107.149749756 1.0 1868.95727539 0.998426198959
107.057800293 1.0 1824.9967041 0.997827410698
107.347892761 1.0 1804.00915527 0.997015893459
108.470016479 1.0 1814.61462402 0.992571532726
109.496421814 1.0 1859.00256348 0.98969823122
111.200149536 1.0 1886.71569824 0.975268006325
114.666061401 1.0 1919.3326416 0.950383901596
115.864067078 1.0 1962.56274414 0.963911116123
118.665168762 1.0 2038.59790039 0.969604611397
118.081428528 1.0 2073.01757813 0.903412938118
120.50730896 1.0 1913.6138916 0.866265237331
114.743484497 1.0 1267.02636719 0.84354197979
0.0 0.0 346.809326172 0.358834207058
0.0 0.0 62.8346748352 0.0
0.0 0.0 58.2104034424 0.0
0.0 0.0 71.2392807007 0.0
0.0 0.0 111.577308655 0.0
0.0 0.0 88.3667602539 0.0
0.0 0.0 34.2414131165 0.0
0.0 0.0 47.693271637 0.0
0.0 0.0 106.490158081 0.0
0.0 0.0 74.0519714355 0.0
0.0 0.0 63.3722839355 0.0
0.0 0.0 81.9439620972 0.0
0.0 0.0 216.615585327 0.0
0.0 0.0 207.559112549 0.299132436514
0.0 0.0 473.456298828 0.50102943182
121.333213806 1.0 484.108612061 0.697458565235
123.185783386 1.0 1570.59924316 0.83140283823
123.993148804 1.0 1765.66125488 0.967158794403
124.597923279 1.0 1912.63647461 0.961543083191
122.488876343 1.0 2110.04907227 0.944186747074
119.561050415 1.0 2281.42626953 0.949285328388
118.141845703 1.0 2425.03588867 0.98460072279
118.060157776 1.0 2433.65161133 0.990979552269
119.170539856 1.0 2319.43432617 0.994337379932
119.671676636 1.0 2294.67382813 0.997515261173
119.650764465 1.0 2326.82641602 0.996870458126
119.060157776 1.0 2393.19970703 0.993407547474
117.242218018 1.0 2453.98925781 0.987463533878
114.978187561 1.0 2478.06982422 0.976618587971
112.324661255 1.0 2411.5480957 0.955978512764
110.571739197 1.0 2176.37329102 0.912817776203
108.484352112 1.0 1499.04516602 0.856637477875
0.0 0.0 611.508605957 0.275845527649
0.0 0.0 166.198684692 0.0
0.0 0.0 115.757316589 0.0
0.0 0.0 61.2640190125 0.0
0.0 0.0 49.5885353088 0.0
0.0 0.0 113.574386597 0.0
0.0 0.0 121.698135376 0.0
0.0 0.0 204.83656311 0.660199761391
131.025222778 1.0 567.976135254 0.680244684219
129.55758667 1.0 1766.11462402 0.769704401493
128.059814453 1.0 2510.71362305 0.970868766308
128.253005981 1.0 2138.98852539 0.984536826611
132.049438477 1.0 1952.5144043 0.930545508862
138.756027222 1.0 1910.51306152 0.879295349121
148.837188721 1.0 1967.78186035 0.899102210999
158.764984131 1.0 2002.65148926 0.857174813747
168.126159668 1.0 2077.75756836 0.916446208954
174.789505005 1.0 2108.81494141 0.971015810966
178.494750977 1.0 2151.40014648 0.986723005772
181.619171143 1.0 2243.99926758 0.982241690159
182.52104187 1.0 2249.72705078 0.975049555302
181.75440979 1.0 2153.46044922 0.935767591
176.75227356 1.0 1976.08703613 0.911430716515
171.404525757 1.0 1291.08203125 0.868701338768
0.0 0.0 413.105712891 0.115765064955
0.0 0.0 110.284721375 0.569226741791
0.0 0.0 229.291992188 0.327084749937
0.0 0.0 658.335754395 0.182975128293
145.675003052 1.0 1352.71386719 0.363701552153
144.720672607 1.0 1478.54516602 0.797203600407
146.610397339 1.0 1691.2364502 0.936098575592
142.761474609 1.0 1908.18566895 0.910392284393
139.449645996 1.0 2119.66772461 0.873979628086
135.246780396 1.0 1784.34777832 0.87558221817
129.203399658 1.0 1008.91790771 0.816718697548
0.0 0.0 204.132461548 0.0783644020557
0.0 0.0 97.846824646 0.0
0.0 0.0 62.874912262 0.0
0.0 0.0 73.8879852295 0.0
0.0 0.0 68.1957702637 0.0
0.0 0.0 84.2336044312 0.0
0.0 0.0 50.8293457031 0.0
0.0 0.0 86.5085067749 0.0
0.0 0.0 73.2331848145 0.0
0.0 0.0 121.697929382 0.0
0.0 0.0 110.912902832 0.0
0.0 0.0 122.358787537 0.0
0.0 0.0 98.9490509033 0.681323409081
152.470993042 1.0 388.606872559 0.825925350189
150.741546631 1.0 1866.89428711 0.88136023283
148.284210205 1.0 2540.51733398 0.963977456093
145.548950195 1.0 2600.55639648 0.963311553001
142.842697144 1.0 2508.89379883 0.983868360519
142.166305542 1.0 2239.41674805 0.99631613493
142.372772217 1.0 2091.43920898 0.997835218906
143.509216309 1.0 2045.06445313 0.99366658926
144.666397095 1.0 2057.61303711 0.992991328239
146.538360596 1.0 2108.77685547 0.993624985218
148.465957642 1.0 2180.61376953 0.991523742676
150.515762329 1.0 2250.67260742 0.994866132736
152.325271606 1.0 2310.47998047 0.991634011269
153.552383423 1.0 2357.28540039 0.996754288673
153.4453125 1.0 2419.25317383 0.996016204357
151.606369019 1.0 2448.46191406 0.991758823395
149.875061035 1.0 2442.9465332 0.989118456841
147.429534912 1.0 2416.15649414 0.985640347004
144.000411987 1.0 2375.10400391 0.972627460957
140.119857788 1.0 2336.9050293 0.977229058743
136.717422485 1.0 2303.12084961 0.982158005238
134.375289917 1.0 2224.70678711 0.991135776043
132.721176147 1.0 2169.98046875 0.99315059185
131.406295776 1.0 2120.90332031 0.996069908142
130.565750122 1.0 2080.48510742 0.999135792255
130.563079834 1.0 2053.79199219 0.999143362045
130.429672241 1.0 2045.74291992 0.999156355858
130.469451904 1.0 2048.90869141 0.999301970005
130.254257202 1.0 2052.79101563 0.999440968037
130.15737915 1.0 2059.19946289 0.999432682991
129.788467407 1.0 2060.34863281 0.99941778183
129.646636963 1.0 2041.71240234 0.999556422234
129.587203979 1.0 2024.06225586 0.99964761734
128.934875488 1.0 2027.44689941 0.995622336864
128.087249756 1.0 2038.17541504 0.995263159275
127.21232605 1.0 2056.14355469 0.997464239597
126.805740356 1.0 2031.32434082 0.99854695797
126.602836609 1.0 2019.17858887 0.998658120632
126.7579422 1.0 2010.2130127 0.998480737209
127.053443909 1.0 2019.16271973 0.998625278473
127.250923157 1.0 2034.1796875 0.999236285686
126.584495544 1.0 2048.15405273 0.994936823845
125.683418274 1.0 2067.50463867 0.994217514992
124.658187866 1.0 2070.59423828 0.996409714222
124.127326965 1.0 2047.48754883 0.999136805534
123.968078613 1.0 2037.84863281 0.999304771423
123.997665405 1.0 2050.01342773 0.999206244946
123.912902832 1.0 2074.6003418 0.997991740704
124.600791931 1.0 2091.8581543 0.992151796818
125.723625183 1.0 2102.68725586 0.989793241024
126.398963928 1.0 2112.10864258 0.991024971008
125.635452271 1.0 2097.04443359 0.966769218445
125.273826599 1.0 1926.17590332 0.91679662466
121.426315308 1.0 1488.74072266 0.873878538609
109.392936707 1.0 713.807556152 0.652617156506
111.23815918 1.0 129.419998169 0.60174882412
0.0 0.0 65.646194458 0.0
0.0 0.0 48.4196472168 0.0
0.0 0.0 33.6347961426 0.0
0.0 0.0 82.1263198853 0.0
0.0 0.0 102.266921997 0.0
0.0 0.0 105.782463074 0.0
0.0 0.0 88.5845718384 0.370844572783
0.0 0.0 97.8418502808 0.820537745953
0.0 0.0 75.3074569702 0.585732340813
167.355133057 1.0 261.721130371 0.856757581234
168.512481689 1.0 1009.90856934 0.917124688625
167.568435669 1.0 1589.98461914 0.98489177227
164.200500488 1.0 1728.69213867 0.965299189091
159.204498291 1.0 1806.29150391 0.934135079384
152.089996338 1.0 1872.85742188 0.930184185505
145.008728027 1.0 1961.53234863 0.924104690552
135.778152466 1.0 2027.53979492 0.867171883583
127.823181152 1.0 2095.19433594 0.889671087265
119.995918274 1.0 2151.42333984 0.890311300755
112.409408569 1.0 2187.32348633 0.89089512825
106.102226257 1.0 2205.54150391 0.895062863827
99.7101211548 1.0 2211.16015625 0.863186299801
93.1564407349 1.0 2227.95825195 0.860086381435
86.0985794067 1.0 2201.15991211 0.857358157635
85.3333129883 1.0 2003.51049805 0.801071465015
84.6862945557 1.0 1965.57409668 0.711240649223
0.0 0.0 1485.71801758 0.646461427212
0.0 0.0 1638.41040039 0.532191455364
0.0 0.0 1411.29309082 0.374521642923
0.0 0.0 1693.98425293 0.296807527542
0.0 0.0 1169.7923584 0.0
0.0 0.0 1747.58618164 0.208899632096
0.0 0.0 1792.12451172 0.308191418648
0.0 0.0 1540.57312012 0.807663321495
0.0 0.0 935.192932129 0.627227246761
0.0 0.0 252.732299805 0.0
0.0 0.0 130.486236572 0.0
0.0 0.0 83.9952697754 0.0
0.0 0.0 128.368881226 0.0
0.0 0.0 99.7104644775 0.0
0.0 0.0 59.1152763367 0.0
0.0 0.0 50.3831977844 0.0
0.0 0.0 27.670009613 0.405348420143
0.0 0.0 24.9748916626 0.0
0.0 0.0 14.6167135239 0.0
0.0 0.0 9.37563419342 0.0
0.0 0.0 12.0084981918 0.0
0.0 0.0 21.8681812286 0.0
0.0 0.0 40.5479393005 0.0
0.0 0.0 55.290687561 0.311776041985
0.0 0.0 38.9012069702 0.0
0.0 0.0 31.3941020966 0.100883856416
0.0 0.0 38.0959434509 0.405983716249
0.0 0.0 34.4679489136 0.0
0.0 0.0 46.1021385193 0.0
0.0 0.0 69.1103286743 0.0
0.0 0.0 94.3555221558 0.0
0.0 0.0 49.3772659302 0.0
0.0 0.0 34.4956130981 0.331362485886
0.0 0.0 35.4911231995 0.0
0.0 0.0 45.2758102417 0.0
0.0 0.0 52.4412269592 0.0
0.0 0.0 65.7913284302 0.0
0.0 0.0 47.5170593262 0.0
0.0 0.0 37.1945075989 0.0
0.0 0.0 51.3504981995 0.0
0.0 0.0 44.3000526428 0.0
0.0 0.0 59.1220359802 0.0
0.0 0.0 34.3295478821 0.0
0.0 0.0 26.9757575989 0.137879863381
0.0 0.0 28.8737487793 0.110324561596
0.0 0.0 28.4038028717 0.0497308038175
0.0 0.0 28.5500125885 0.0529111623764
0.0 0.0 27.7273845673 0.109953790903
0.0 0.0 28.2277793884 0.0413753949106
0.0 0.0 32.8987541199 0.0841838046908
0.0 0.0 29.4832515717 0.059716001153
0.0 0.0 29.3131256104 0.128462940454
0.0 0.0 30.3646144867 0.164020523429
0.0 0.0 30.3330879211 0.201959326863
0.0 0.0 30.2022800446 0.262859880924
0.0 0.0 33.2415847778 0.11619181931
0.0 0.0 31.5498752594 0.203211694956
0.0 0.0 26.7063083649 0.110884107649
0.0 0.0 26.6195087433 0.0
0.0 0.0 31.0491313934 0.0
0.0 0.0 31.978515625 0.0772233530879
0.0 0.0 27.6686668396 0.0949761345983
0.0 0.0 28.3152694702 0.0773666650057
0.0 0.0 28.9676876068 0.124418824911
0.0 0.0 30.6785640717 0.174638271332
0.0 0.0 30.7443752289 0.0
0.0 0.0 34.7069206238 0.141843870282
0.0 0.0 34.7803688049 0.243365496397
0.0 0.0 29.4811172485 0.137713178992
0.0 0.0 31.4039421082 0.145652547479
0.0 0.0 32.0626869202 0.120317034423
0.0 0.0 28.974899292 0.130090683699
0.0 0.0 28.5038909912 0.140403598547
0.0 0.0 31.4919967651 0.149530753493
0.0 0.0 35.1897354126 0.275932818651
0.0 0.0 31.9564437866 0.148184373975
0.0 0.0 33.7297821045 0.0
0.0 0.0 31.8237743378 0.0
0.0 0.0 32.8518943787 0.0
0.0 0.0 35.2297782898 0.101828403771
0.0 0.0 30.7257843018 0.119671627879
0.0 0.0 31.1927375793 0.150905445218
0.0 0.0 29.6222991943 0.128997951746
0.0 0.0 26.9133358002 0.118176735938
0.0 0.0 27.3278999329 0.0659407675266
0.0 0.0 27.3539924622 0.0724514648318
0.0 0.0 26.9189567566 0.090788282454
0.0 0.0 28.8132209778 0.159285739064
0.0 0.0 29.6499843597 0.136835962534
0.0 0.0 34.1693878174 0.313822090626
0.0 0.0 31.3945102692 0.204108566046
0.0 0.0 35.9190216064 0.308601349592
0.0 0.0 28.7485427856 0.215982720256
0.0 0.0 32.0353813171 0.258334070444
0.0 0.0 33.7514228821 0.231621190906
0.0 0.0 33.1118125916 0.127939268947
0.0 0.0 29.6186504364 0.263919085264
0.0 0.0 28.5139865875 0.0
0.0 0.0 43.7932929993 0.0
0.0 0.0 52.6339683533 0.0
0.0 0.0 49.6648368835 0.0
0.0 0.0 48.3346672058 0.0
0.0 0.0 35.3140335083 0.0
0.0 0.0 37.3743171692 0.0
0.0 0.0 34.4711112976 0.0
0.0 0.0 30.8238296509 0.127471670508
0.0 0.0 27.5461444855 0.0496403984725
0.0 0.0 26.7794094086 0.0591328665614
0.0 0.0 27.7016963959 0.0776282921433
0.0 0.0 28.9950008392 0.121459923685
0.0 0.0 29.1015720367 0.105436168611
0.0 0.0 33.6472320557 0.173710733652
0.0 0.0 30.1214637756 0.0497765429318
0.0 0.0 28.3959579468 0.157845064998
0.0 0.0 29.4923038483 0.184162080288
0.0 0.0 28.9517440796 0.110165305436
0.0 0.0 29.3514614105 0.141186952591
0.0 0.0 26.6251163483 0.0816681906581
0.0 0.0 25.8447284698 0.0765799507499
0.0 0.0 27.0724658966 0.0568844377995
0.0 0.0 26.8450775146 0.0772914737463
0.0 0.0 29.1954078674 0.10408577323
0.0 0.0 27.4597644806 0.0892902687192
0.0 0.0 27.4960002899 0.126440212131
0.0 0.0 29.283164978 0.0833025723696
0.0 0.0 27.2373180389 0.0674661919475
0.0 0.0 28.6664295197 0.0918974652886
0.0 0.0 28.842010498 0.148942217231
0.0 0.0 28.9191493988 0.0
0.0 0.0 39.3833770752 0.179127663374
0.0 0.0 29.0805263519 0.0
0.0 0.0 36.0870018005 0.324437528849
0.0 0.0 33.8191337585 0.0
0.0 0.0 35.7223739624 0.139112055302
0.0 0.0 30.981464386 0.163149267435
0.0 0.0 27.6536941528 0.0652669668198
0.0 0.0 29.677482605 0.0829183086753
0.0 0.0 28.1985301971 0.0938806906343
0.0 0.0 30.05509758 0.343933433294
0.0 0.0 31.2789382935 0.0
0.0 0.0 43.977684021 0.0
0.0 0.0 37.9314537048 0.0
0.0 0.0 45.2507781982 0.0
0.0 0.0 36.3595581055 0.0
0.0 0.0 35.6161308289 0.0
0.0 0.0 34.4250297546 0.127554893494
0.0 0.0 32.3050880432 0.0
0.0 0.0 27.5431213379 0.0765975564718
0.0 0.0 28.6460437775 0.102948389947
0.0 0.0 30.7146034241 0.0656676143408
0.0 0.0 26.679359436 0.0859766975045
0.0 0.0 28.7381591797 0.0828277096152
0.0 0.0 27.6773662567 0.0798646360636
0.0 0.0 25.6874294281 0.0726111456752
0.0 0.0 29.1195545197 0.0827201157808
0.0 0.0 28.729631424 0.0615153349936
0.0 0.0 29.5007476807 0.108474858105
0.0 0.0 27.9715900421 0.0741974785924
0.0 0.0 28.0756797791 0.0821705237031
0.0 0.0 29.9522323608 0.0702566951513
0.0 0.0 27.961681366 0.233565449715
0.0 0.0 29.4392528534 0.0
0.0 0.0 40.6077384949 0.0
