0.0 0.0 0.0 0.0437013581395
0.0 0.0 73.0228881836 0.0424847342074
0.0 0.0 72.4116744995 0.0750216245651
0.0 0.0 70.166519165 0.059429243207
0.0 0.0 73.7567367554 0.0473398119211
0.0 0.0 71.4540557861 0.0678758174181
0.0 0.0 69.995765686 0.0809016302228
0.0 0.0 72.2021179199 0.0876895412803
0.0 0.0 71.3309173584 0.0644516572356
0.0 0.0 76.5128555298 0.030081089586
0.0 0.0 73.3018264771 0.115524560213
0.0 0.0 75.2609786987 0.237321302295
0.0 0.0 79.911819458 0.0
0.0 0.0 88.1356735229 0.0
0.0 0.0 92.6168670654 0.0
0.0 0.0 87.9881973267 0.191276758909
0.0 0.0 80.0519256592 0.106452450156
0.0 0.0 75.0416259766 0.0851037576795
0.0 0.0 68.7075653076 0.0853133797646
0.0 0.0 67.6881484985 0.0737159028649
0.0 0.0 71.630859375 0.0723059847951
0.0 0.0 67.0163650513 0.0615547709167
0.0 0.0 73.4996337891 0.0855724215508
0.0 0.0 74.7749786377 0.108051456511
0.0 0.0 76.849105835 0.0470085218549
0.0 0.0 76.2565460205 0.056333411485
0.0 0.0 68.9312973022 0.0797588229179
0.0 0.0 77.2642822266 0.0653347820044
0.0 0.0 72.5708618164 0.0677691921592
0.0 0.0 77.3735046387 0.0738194063306
0.0 0.0 81.4848556519 0.055858515203
0.0 0.0 77.078125 0.0692350566387
0.0 0.0 75.172454834 0.0728515088558
0.0 0.0 72.1232528687 0.0937991514802
0.0 0.0 75.3920211792 0.104948431253
0.0 0.0 72.5824127197 0.0723932534456
0.0 0.0 71.6351928711 0.0478212498128
0.0 0.0 74.6239089966 0.0465946905315
0.0 0.0 72.3532562256 0.0962650254369
0.0 0.0 68.8290634155 0.0602363161743
0.0 0.0 76.2804031372 0.0563066378236
0.0 0.0 72.6735305786 0.0847430303693
0.0 0.0 73.8869400024 0.12755317986
0.0 0.0 73.3143234253 0.0654937103391
0.0 0.0 73.3720855713 0.0725845247507
0.0 0.0 76.0314483643 0.0690160617232
0.0 0.0 77.349105835 0.0847901403904
0.0 0.0 75.6747131348 0.0667158439755
0.0 0.0 68.01197052 0.143686234951
0.0 0.0 75.3429031372 0.0748643875122
0.0 0.0 75.1031341553 0.0846309140325
0.0 0.0 73.2994232178 0.0648874789476
0.0 0.0 69.2385635376 0.0581587217748
0.0 0.0 71.5225830078 0.0806029587984
0.0 0.0 70.8396835327 0.0650685206056
0.0 0.0 74.217414856 0.0540095902979
0.0 0.0 72.1358566284 0.0412664152682
0.0 0.0 77.0563583374 0.0780030563474
0.0 0.0 71.3438873291 0.0788420438766
0.0 0.0 71.5280685425 0.0583996102214
0.0 0.0 76.1746673584 0.0
0.0 0.0 74.8708343506 0.0451219491661
0.0 0.0 73.9451065063 0.0523221865296
0.0 0.0 70.9553070068 0.0574871636927
0.0 0.0 74.952545166 0.0906345620751
0.0 0.0 71.3606338501 0.111294433475
0.0 0.0 66.8062133789 0.046376708895
0.0 0.0 72.5035247803 0.0210672747344
0.0 0.0 71.1073150635 0.0520153306425
0.0 0.0 76.2531890869 0.0796873345971
0.0 0.0 77.9277954102 0.0
0.0 0.0 78.6492080688 0.120579615235
0.0 0.0 76.1073303223 0.114092826843
0.0 0.0 73.3724060059 0.104070305824
0.0 0.0 76.7131576538 0.0598012767732
0.0 0.0 71.6468963623 0.0904178395867
0.0 0.0 76.2044448853 0.0874342396855
0.0 0.0 79.5447998047 0.118857949972
0.0 0.0 72.4413986206 0.126737222075
0.0 0.0 75.7183151245 0.0
0.0 0.0 86.0061187744 0.0
0.0 0.0 87.9444503784 0.226029500365
0.0 0.0 81.9718856812 0.213880300522
0.0 0.0 79.3132705688 0.0999032109976
0.0 0.0 82.431892395 0.0866494551301
0.0 0.0 79.4254302979 0.0864991396666
0.0 0.0 71.8110122681 0.0932103842497
0.0 0.0 74.5853347778 0.0542468391359
0.0 0.0 72.8846511841 0.081155218184
0.0 0.0 76.8011779785 0.0621624737978
0.0 0.0 69.6020202637 0.0546314530075
0.0 0.0 75.5183258057 0.0780131071806
0.0 0.0 69.1829452515 0.113438285887
0.0 0.0 74.081199646 0.0879822522402
0.0 0.0 69.8587112427 0.0907867401838
0.0 0.0 71.9805297852 0.0768180936575
0.0 0.0 67.7757949829 0.0684673115611
0.0 0.0 71.8333587646 0.080428250134
0.0 0.0 70.8594055176 0.066126331687
0.0 0.0 76.2731628418 0.0688969343901
0.0 0.0 77.4021148682 0.0812382772565
0.0 0.0 69.9097061157 0.0795912072062
0.0 0.0 72.9139862061 0.0874420180917
0.0 0.0 72.9185638428 0.0740320309997
0.0 0.0 78.1408081055 0.0765527561307
0.0 0.0 78.7630310059 0.0864703059196
0.0 0.0 71.9347305298 0.0809456780553
0.0 0.0 78.698135376 0.183015078306
0.0 0.0 80.7269515991 0.0
0.0 0.0 102.502868652 0.0
0.0 0.0 115.493270874 0.0
0.0 0.0 110.017723083 0.0
0.0 0.0 110.140762329 0.0
0.0 0.0 86.6646194458 0.0
0.0 0.0 84.4812545776 0.194957509637
0.0 0.0 83.2760009766 0.112735286355
0.0 0.0 72.5496063232 0.067904047668
0.0 0.0 76.4261169434 0.0932090133429
0.0 0.0 76.5152893066 0.113874688745
0.0 0.0 79.539352417 0.123180225492
0.0 0.0 74.1698913574 0.0964282006025
0.0 0.0 74.8184127808 0.104493744671
0.0 0.0 76.5869216919 0.0448681302369
0.0 0.0 73.0242156982 0.0697713196278
0.0 0.0 75.7769546509 0.0741943642497
0.0 0.0 73.6697692871 0.0685046762228
0.0 0.0 72.8461532593 0.0850666612387
0.0 0.0 77.1915206909 0.0574676580727
0.0 0.0 69.5100784302 0.0908846929669
0.0 0.0 75.3537597656 0.0
0.0 0.0 72.7303466797 0.0491848327219
0.0 0.0 72.6419525146 0.0723072066903
0.0 0.0 72.8557281494 0.0796233490109
0.0 0.0 69.084236145 0.0648910328746
0.0 0.0 78.5827255249 0.105015300214
0.0 0.0 73.9963760376 0.0926873087883
0.0 0.0 73.9488372803 0.0900975838304
0.0 0.0 75.8896865845 0.0759201198816
0.0 0.0 72.0443725586 0.0530479364097
0.0 0.0 77.1027603149 0.0511092357337
0.0 0.0 76.7725296021 0.0662343278527
0.0 0.0 74.3456344604 0.0746977925301
0.0 0.0 83.4717102051 0.0799713954329
0.0 0.0 73.1772155762 0.100017815828
0.0 0.0 77.7660446167 0.0954774320126
0.0 0.0 77.1003112793 0.0634078383446
0.0 0.0 74.5022888184 0.0942391902208
0.0 0.0 73.6333312988 0.0825002044439
0.0 0.0 72.531463623 0.0813742056489
0.0 0.0 78.9423828125 0.0641480907798
0.0 0.0 74.7844772339 0.0568488687277
0.0 0.0 76.2020568848 0.0625742226839
0.0 0.0 76.2434921265 0.0738750472665
0.0 0.0 79.6819610596 0.074460953474
0.0 0.0 77.5335922241 0.0834757834673
0.0 0.0 76.1292190552 0.055407308042
0.0 0.0 71.0633239746 0.0809675678611
0.0 0.0 74.5111999512 0.0829186066985
0.0 0.0 70.9955291748 0.0655725672841
0.0 0.0 70.6306838989 0.0665951669216
0.0 0.0 73.2141113281 0.0841332003474
0.0 0.0 73.6160583496 0.108735375106
0.0 0.0 75.6111221313 0.0701003521681
0.0 0.0 73.7117385864 0.0888515263796
0.0 0.0 77.7222595215 0.0769394934177
0.0 0.0 73.8345336914 0.0683825314045
0.0 0.0 73.9568710327 0.082025654614
0.0 0.0 77.8668289185 0.0842354670167
0.0 0.0 73.3812942505 0.0580427087843
0.0 0.0 78.7497711182 0.0533020496368
0.0 0.0 78.0034637451 0.052723672241
0.0 0.0 72.0782852173 0.0622287467122
0.0 0.0 68.2510223389 0.0736150890589
0.0 0.0 76.3512878418 0.112699732184
0.0 0.0 85.6531677246 0.137448102236
0.0 0.0 82.2783126831 0.163392335176
0.0 0.0 79.756149292 0.17482611537
0.0 0.0 76.2353515625 0.107844181359
0.0 0.0 74.2116928101 0.112630486488
0.0 0.0 80.3464813232 0.0762080773711
0.0 0.0 74.5281143188 0.0920439586043
0.0 0.0 72.666267395 0.047307215631
0.0 0.0 75.817779541 0.0803513601422
0.0 0.0 72.9310379028 0.0979720652103
0.0 0.0 77.4726333618 0.108814567327
0.0 0.0 76.8654632568 0.134180799127
0.0 0.0 72.8488311768 0.131366446614
0.0 0.0 77.0725097656 0.126555129886
0.0 0.0 74.1506271362 0.0790819972754
0.0 0.0 80.9269332886 0.0625548139215
0.0 0.0 75.7304382324 0.0492431037128
0.0 0.0 73.3284759521 0.0384103283286
0.0 0.0 75.6139831543 0.0654233694077
0.0 0.0 74.1088485718 0.0914676710963
0.0 0.0 70.8667984009 0.071298673749
0.0 0.0 68.5836715698 0.069577023387
0.0 0.0 72.7103118896 0.0610887482762
0.0 0.0 77.402885437 0.0650980770588
0.0 0.0 73.7047195435 0.0726669430733
0.0 0.0 76.174407959 0.0778492242098
0.0 0.0 72.4685745239 0.0714742168784
0.0 0.0 68.7022399902 0.0743814706802
0.0 0.0 79.2401504517 0.0674700662494
0.0 0.0 73.0748062134 0.0992056950927
0.0 0.0 74.2653121948 0.174729049206
0.0 0.0 83.476524353 0.0
0.0 0.0 100.194633484 0.0
0.0 0.0 114.602119446 0.0
0.0 0.0 105.221496582 0.0
0.0 0.0 87.1313781738 0.134998351336
0.0 0.0 80.7948455811 0.116264536977
0.0 0.0 75.5713348389 0.117318600416
0.0 0.0 76.5757217407 0.106585629284
0.0 0.0 70.9345245361 0.078865557909
0.0 0.0 76.872428894 0.0891334638
0.0 0.0 75.3502655029 0.0996397286654
0.0 0.0 71.3021850586 0.0760377570987
0.0 0.0 71.4629898071 0.0562659390271
0.0 0.0 68.6388549805 0.117338851094
0.0 0.0 73.4828109741 0.1165503636
0.0 0.0 74.0334396362 0.0516844727099
0.0 0.0 69.9263687134 0.0547077096999
0.0 0.0 72.3702011108 0.0677178055048
0.0 0.0 73.6872787476 0.0937123373151
0.0 0.0 79.650970459 0.108562000096
0.0 0.0 77.6375808716 0.110277712345
0.0 0.0 71.227394104 0.0566258206964
0.0 0.0 80.3679580688 0.10158059746
0.0 0.0 74.5445556641 0.0631156042218
0.0 0.0 72.3255233765 0.0456050150096
0.0 0.0 78.4259262085 0.0549762509763
0.0 0.0 76.2622756958 0.07177734375
0.0 0.0 74.4095993042 0.071896083653
0.0 0.0 75.3884887695 0.0577836856246
0.0 0.0 81.2184753418 0.0835759937763
0.0 0.0 75.7159805298 0.0868942067027
0.0 0.0 67.7879714966 0.0602147579193
0.0 0.0 70.4464187622 0.0454180724919
0.0 0.0 74.8551559448 0.069060370326
0.0 0.0 79.8941116333 0.0652043297887
0.0 0.0 77.7186508179 0.0981576368213
0.0 0.0 71.2351913452 0.0719364881516
0.0 0.0 74.0031661987 0.107085861266
0.0 0.0 71.8486709595 0.0598839744925
0.0 0.0 74.9666519165 0.0831942632794
0.0 0.0 78.5921936035 0.0734942778945
0.0 0.0 73.9078826904 0.064325965941
0.0 0.0 79.4348220825 0.0542693212628
0.0 0.0 68.5819015503 0.0422250628471
0.0 0.0 73.3553924561 0.051802508533
0.0 0.0 75.9870758057 0.048525378108
0.0 0.0 69.9115524292 0.0587168745697
0.0 0.0 76.4926147461 0.0955226868391
0.0 0.0 69.0724487305 0.103479065001
0.0 0.0 78.9478378296 0.0787993595004
0.0 0.0 79.0359344482 0.0658165514469
0.0 0.0 76.1610488892 0.0557463467121
0.0 0.0 75.2837524414 0.0922427251935
0.0 0.0 72.9570007324 0.0834904685616
0.0 0.0 77.662612915 0.0602190941572
0.0 0.0 74.5840377808 0.0720073729753
0.0 0.0 72.0297546387 0.0503716543317
0.0 0.0 76.5576705933 0.0712411999702
0.0 0.0 74.0509567261 0.0623033568263
0.0 0.0 78.9133071899 0.0705398246646
0.0 0.0 78.8074798584 0.0592651553452
0.0 0.0 76.3994445801 0.0519894659519
0.0 0.0 77.4290466309 0.0878568515182
0.0 0.0 75.5888519287 0.0866333916783
0.0 0.0 81.3008804321 0.10429468751
0.0 0.0 78.1491012573 0.143469020724
0.0 0.0 79.2575378418 0.213700026274
0.0 0.0 85.4173812866 0.225512519479
0.0 0.0 87.1156997681 0.190917864442
0.0 0.0 79.823059082 0.078225441277
0.0 0.0 78.9114685059 0.132230386138
0.0 0.0 73.0207290649 0.0720684081316
0.0 0.0 77.068359375 0.0788606852293
0.0 0.0 75.6848373413 0.125172972679
0.0 0.0 76.3739395142 0.0983646288514
0.0 0.0 75.8117446899 0.127913430333
0.0 0.0 76.1111831665 0.0
0.0 0.0 93.8366775513 0.0
0.0 0.0 82.9014129639 0.15469391644
0.0 0.0 79.6250305176 0.110945485532
0.0 0.0 77.5933837891 0.128877177835
0.0 0.0 72.2017364502 0.0761119797826
0.0 0.0 75.9907989502 0.083855509758
0.0 0.0 66.2359619141 0.0495584346354
0.0 0.0 73.0064849854 0.0635539069772
0.0 0.0 73.0505752563 0.0719688311219
0.0 0.0 69.4145050049 0.0660147666931
0.0 0.0 75.9134674072 0.0521723777056
0.0 0.0 71.4857330322 0.0669977888465
0.0 0.0 78.6544036865 0.0660080388188
0.0 0.0 76.5863342285 0.0961680039763
0.0 0.0 71.1011428833 0.0856746584177
0.0 0.0 76.3258285522 0.0613631829619
0.0 0.0 71.1120071411 0.0895045846701
0.0 0.0 77.734916687 0.0565947592258
0.0 0.0 75.9328384399 0.140171632171
0.0 0.0 72.5429458618 0.21745108068
0.0 0.0 93.645942688 0.0
0.0 0.0 100.526649475 0.0
0.0 0.0 114.977996826 0.0
0.0 0.0 134.336395264 0.0
0.0 0.0 93.7530593872 0.0
0.0 0.0 83.2465820313 0.188519507647
0.0 0.0 85.1021728516 0.0827089473605
0.0 0.0 75.5244903564 0.0605569146574
0.0 0.0 74.559211731 0.0824603512883
0.0 0.0 74.6367340088 0.0613135807216
0.0 0.0 80.6331329346 0.058149330318
0.0 0.0 74.0191497803 0.0816785171628
0.0 0.0 79.0302276611 0.082145921886
0.0 0.0 81.712638855 0.142660155892
0.0 0.0 74.4080810547 0.0995648354292
0.0 0.0 80.2449417114 0.101449079812
0.0 0.0 78.7020339966 0.067877098918
0.0 0.0 92.185005188 0.0557888150215
0.0 0.0 82.1805953979 0.134693801403
0.0 0.0 84.9463577271 0.241559505463
171.252670288 1.0 111.914497375 0.67188924551
175.329421997 1.0 192.894058228 0.72470510006
173.751876831 1.0 304.326293945 0.839563369751
177.100814819 1.0 305.422454834 0.893615305424
179.097579956 1.0 334.161346436 0.934635162354
180.468048096 1.0 365.215942383 0.954988002777
181.235656738 1.0 400.384094238 0.961058437824
180.958770752 1.0 427.292175293 0.964315116405
179.207962036 1.0 425.719818115 0.964502155781
178.335067749 1.0 417.739349365 0.966868400574
176.99848938 1.0 407.727478027 0.962936043739
176.548599243 1.0 397.566833496 0.962062358856
176.554580688 1.0 389.130645752 0.956879734993
176.728652954 1.0 369.65927124 0.945742785931
178.310394287 1.0 343.292541504 0.936221241951
179.697250366 1.0 342.24697876 0.926802277565
182.345993042 1.0 321.115783691 0.919805824757
185.514877319 1.0 306.765045166 0.91330498457
189.581283569 1.0 301.713470459 0.924162268639
191.487442017 1.0 313.530212402 0.942770600319
191.360702515 1.0 346.494140625 0.935407578945
191.07901001 1.0 347.846008301 0.914416968822
190.106109619 1.0 273.999816895 0.819159090519
190.769668579 1.0 168.921981812 0.614222347736
0.0 0.0 97.4404907227 0.211075678468
0.0 0.0 93.1429367065 0.0608276687562
0.0 0.0 80.8993301392 0.0986153781414
0.0 0.0 89.22681427 0.0934395343065
0.0 0.0 108.071540833 0.0822176635265
0.0 0.0 97.1262969971 0.0755797624588
0.0 0.0 94.879447937 0.125719547272
0.0 0.0 113.397674561 0.159506678581
0.0 0.0 99.591796875 0.136286586523
0.0 0.0 85.386100769 0.103145033121
0.0 0.0 94.7029876709 0.111157938838
0.0 0.0 87.9021987915 0.138867482543
0.0 0.0 73.9582824707 0.0578650385141
0.0 0.0 80.5732879639 0.212867036462
209.145965576 1.0 84.9119033813 0.741049051285
208.39125061 1.0 105.436668396 0.861839652061
208.078918457 1.0 308.791015625 0.892712295055
205.99822998 1.0 358.330810547 0.934649825096
202.788009644 1.0 287.961425781 0.902153849602
201.157974243 1.0 258.065856934 0.821680486202
201.52822876 1.0 224.459762573 0.708420097828
201.738342285 1.0 189.554611206 0.539231300354
0.0 0.0 99.5300521851 0.206974595785
0.0 0.0 92.4139175415 0.159002289176
0.0 0.0 87.3743591309 0.0
0.0 0.0 76.6687927246 0.0926585420966
0.0 0.0 79.6172561646 0.110701285303
0.0 0.0 79.5824127197 0.0865863710642
0.0 0.0 78.7633895874 0.0913409814239
0.0 0.0 81.3226852417 0.0739950984716
0.0 0.0 78.1672897339 0.075166143477
0.0 0.0 78.7270355225 0.0723759755492
0.0 0.0 94.7821578979 0.0
0.0 0.0 101.715957642 0.0
0.0 0.0 116.181777954 0.0
0.0 0.0 132.357345581 0.0
0.0 0.0 94.1874771118 0.0
0.0 0.0 76.8726196289 0.704324543476
192.884521484 1.0 110.995079041 0.827760636806
192.071472168 1.0 335.904968262 0.834971249104
192.358428955 1.0 373.952270508 0.822666704655
190.101425171 1.0 276.107757568 0.603437423706
0.0 0.0 209.207672119 0.2271155864
0.0 0.0 158.36605835 0.295992940664
0.0 0.0 203.89982605 0.241641029716
0.0 0.0 157.421600342 0.299929887056
0.0 0.0 259.622802734 0.384934782982
169.306976318 1.0 161.7447052 0.543214261532
168.623840332 1.0 211.310760498 0.810334742069
165.953659058 1.0 224.474594116 0.902172029018
165.105957031 1.0 254.683456421 0.916641891003
165.399688721 1.0 273.815551758 0.91575294733
166.957901001 1.0 297.280731201 0.917724609375
167.999221802 1.0 321.864013672 0.918666005135
169.312347412 1.0 340.910888672 0.922444701195
169.911819458 1.0 325.167114258 0.924397945404
168.682815552 1.0 292.563995361 0.862274229527
166.239593506 1.0 230.99369812 0.748532772064
158.172164917 1.0 159.412490845 0.514694690704
0.0 0.0 102.448272705 0.177276626229
0.0 0.0 75.8786468506 0.0
0.0 0.0 72.259223938 0.273264169693
0.0 0.0 78.0990066528 0.0
0.0 0.0 115.42804718 0.0
0.0 0.0 121.592727661 0.198846906424
0.0 0.0 109.309463501 0.0
0.0 0.0 86.5360031128 0.0809879750013
0.0 0.0 73.4445877075 0.102631360292
0.0 0.0 81.1100845337 0.125424936414
0.0 0.0 83.0467910767 0.0950060486794
0.0 0.0 76.1766967773 0.0830000564456
0.0 0.0 91.7795181274 0.0866716504097
0.0 0.0 81.5843963623 0.0944501683116
0.0 0.0 87.9859771729 0.0659060627222
0.0 0.0 105.54485321 0.0
0.0 0.0 91.6572952271 0.0824676826596
0.0 0.0 111.287467957 0.0
0.0 0.0 84.4712295532 0.127547517419
0.0 0.0 82.8690109253 0.39559301734
166.150985718 1.0 106.442276001 0.670993030071
166.635131836 1.0 182.745269775 0.756404936314
167.784622192 1.0 308.335174561 0.689473330975
167.905197144 1.0 263.705413818 0.347367286682
159.083343506 1.0 271.899719238 0.307727187872
159.932510376 1.0 281.698913574 0.467982620001
160.56338501 1.0 315.471832275 0.79768884182
164.353790283 1.0 279.585449219 0.920466601849
164.856460571 1.0 287.53692627 0.921313345432
164.791854858 1.0 297.671905518 0.929739177227
164.786026001 1.0 299.566345215 0.928607523441
164.805877686 1.0 309.847839355 0.939286708832
163.490509033 1.0 307.777038574 0.945931494236
163.620727539 1.0 310.840881348 0.943089783192
163.594604492 1.0 309.247344971 0.941054224968
163.499084473 1.0 313.689727783 0.939704835415
163.254577637 1.0 307.578552246 0.937810599804
163.345092773 1.0 300.3074646 0.935197532177
162.436203003 1.0 296.518432617 0.903744459152
162.189880371 1.0 300.714508057 0.680243194103
0.0 0.0 304.402496338 0.540338218212
0.0 0.0 308.429168701 0.578175127506
0.0 0.0 287.571716309 0.474192619324
0.0 0.0 246.962051392 0.624074459076
0.0 0.0 225.462692261 0.526783764362
0.0 0.0 205.294876099 0.439705342054
0.0 0.0 154.596603394 0.103301800787
0.0 0.0 87.6780853271 0.0729885473847
0.0 0.0 80.7804870605 0.0814437046647
0.0 0.0 73.2548980713 0.0935038104653
0.0 0.0 73.7344360352 0.071000687778
0.0 0.0 70.6255569458 0.10352075845
0.0 0.0 89.1869888306 0.335770428181
0.0 0.0 87.056678772 0.471354186535
0.0 0.0 190.033538818 0.39490327239
0.0 0.0 180.258148193 0.275614976883
0.0 0.0 209.76725769 0.0
0.0 0.0 116.867324829 0.348465591669
0.0 0.0 100.422576904 0.241358101368
0.0 0.0 250.742996216 0.167856767774
0.0 0.0 172.429840088 0.348898500204
0.0 0.0 245.979888916 0.600631594658
166.119171143 1.0 232.075775146 0.554860115051
165.232391357 1.0 272.053863525 0.843611657619
164.117279053 1.0 272.059295654 0.907588720322
163.27633667 1.0 289.386047363 0.921186208725
161.718322754 1.0 298.263336182 0.919009268284
159.214004517 1.0 294.534729004 0.919469237328
158.036819458 1.0 280.895019531 0.913172841072
157.51991272 1.0 270.940612793 0.901611983776
158.910980225 1.0 250.535400391 0.870377659798
160.265777588 1.0 220.085357666 0.800820052624
161.887588501 1.0 225.031066895 0.719430863857
161.826980591 1.0 218.389328003 0.584848403931
0.0 0.0 221.628570557 0.444738686085
0.0 0.0 182.52571106 0.242046684027
0.0 0.0 96.5057449341 0.0
0.0 0.0 92.7945861816 0.0
0.0 0.0 88.1599884033 0.0
0.0 0.0 84.460395813 0.104709170759
0.0 0.0 82.7414932251 0.0
0.0 0.0 94.5358123779 0.0
0.0 0.0 106.350547791 0.0
0.0 0.0 93.7024307251 0.0
0.0 0.0 109.679176331 0.0
0.0 0.0 96.6141052246 0.146240770817
0.0 0.0 76.0289306641 0.389261126518
0.0 0.0 80.1405715942 0.546835362911
0.0 0.0 153.849227905 0.417542368174
0.0 0.0 231.780822754 0.383946865797
0.0 0.0 190.212860107 0.412984102964
0.0 0.0 169.840774536 0.53544729948
0.0 0.0 163.808013916 0.474223434925
0.0 0.0 196.650390625 0.627867877483
0.0 0.0 188.169830322 0.551464855671
0.0 0.0 177.153991699 0.637270987034
0.0 0.0 230.652938843 0.299187213182
0.0 0.0 168.244537354 0.159453734756
0.0 0.0 214.175979614 0.632067143917
0.0 0.0 156.110839844 0.352161347866
0.0 0.0 181.305862427 0.316126167774
0.0 0.0 188.331497192 0.237645193934
0.0 0.0 85.4859161377 0.0596528351307
0.0 0.0 69.9175109863 0.0902141779661
0.0 0.0 73.4169845581 0.104773715138
0.0 0.0 77.7195587158 0.0733732134104
0.0 0.0 74.096206665 0.0681285858154
0.0 0.0 78.035446167 0.10971891135
0.0 0.0 71.8700408936 0.243205457926
0.0 0.0 88.8385467529 0.398397058249
0.0 0.0 171.00970459 0.392398536205
0.0 0.0 224.488327026 0.297162920237
0.0 0.0 140.007781982 0.11750408262
0.0 0.0 232.800811768 0.136724844575
0.0 0.0 131.918014526 0.0666163042188
0.0 0.0 93.224319458 0.0906034782529
0.0 0.0 83.2120361328 0.0953157320619
0.0 0.0 77.1868438721 0.0607504881918
0.0 0.0 72.6782608032 0.0665831416845
0.0 0.0 78.9037704468 0.0932984948158
0.0 0.0 81.4429931641 0.0859578549862
0.0 0.0 78.8177642822 0.0928806960583
0.0 0.0 77.6418838501 0.0751911476254
0.0 0.0 74.116973877 0.0806653574109
0.0 0.0 79.2802352905 0.0563362538815
0.0 0.0 76.4268112183 0.0638764947653
0.0 0.0 73.0268096924 0.0769513472915
0.0 0.0 75.3235931396 0.0745608583093
0.0 0.0 72.0172729492 0.076967343688
0.0 0.0 75.99609375 0.0597581379116
0.0 0.0 80.8493347168 0.0823417529464
0.0 0.0 73.2566757202 0.069427318871
0.0 0.0 77.3187942505 0.0565746389329
0.0 0.0 70.7139511108 0.134102076292
0.0 0.0 75.8164672852 0.132985651493
0.0 0.0 78.8748703003 0.116036944091
0.0 0.0 78.0414505005 0.0793970525265
0.0 0.0 77.1128158569 0.0516597516835
0.0 0.0 74.9932937622 0.0539700314403
0.0 0.0 80.0129013062 0.0695935040712
0.0 0.0 75.9437942505 0.103531993926
0.0 0.0 76.4468765259 0.103011287749
0.0 0.0 82.9433517456 0.109853886068
0.0 0.0 74.1402816772 0.110914826393
0.0 0.0 78.2850265503 0.10274309665
0.0 0.0 80.1963729858 0.0764025971293
0.0 0.0 79.1218795776 0.0845378041267
0.0 0.0 74.3233032227 0.0865730568767
0.0 0.0 73.123664856 0.088195964694
0.0 0.0 75.3350448608 0.0600673630834
0.0 0.0 73.2161102295 0.0
0.0 0.0 73.2183685303 0.0334065817297
0.0 0.0 78.0222702026 0.0424374006689
0.0 0.0 70.9824371338 0.0593299642205
0.0 0.0 73.2285308838 0.0650424286723
0.0 0.0 80.6450653076 0.0573098734021
0.0 0.0 75.0100631714 0.0490080527961
0.0 0.0 76.6812362671 0.0724555924535
0.0 0.0 73.1434326172 0.112241841853
0.0 0.0 77.783164978 0.124629437923
0.0 0.0 80.4733734131 0.101135715842
0.0 0.0 80.6561813354 0.140740901232
0.0 0.0 77.1557846069 0.123817957938
0.0 0.0 69.0339202881 0.0435134023428
0.0 0.0 73.4475860596 0.0531860478222
0.0 0.0 79.261390686 0.0824755653739
0.0 0.0 74.7116928101 0.0687087848783
0.0 0.0 77.2533035278 0.0721127763391
0.0 0.0 74.2311859131 0.0685629546642
0.0 0.0 76.9853057861 0.0695175677538
0.0 0.0 75.7454223633 0.0591032095253
0.0 0.0 67.9224777222 0.0814962089062
0.0 0.0 68.6277542114 0.128591567278
0.0 0.0 71.3729248047 0.0692329779267
0.0 0.0 81.1595916748 0.0510573647916
0.0 0.0 79.2562561035 0.0612615048885
0.0 0.0 69.580657959 0.0772269666195
0.0 0.0 75.9496688843 0.0750869363546
0.0 0.0 72.0587692261 0.108082599938
0.0 0.0 76.8549575806 0.099984459579
0.0 0.0 72.9999465942 0.0506578162313
0.0 0.0 72.2184371948 0.0526957176626
0.0 0.0 78.7097167969 0.0719619691372
0.0 0.0 72.4384536743 0.0943347811699
0.0 0.0 81.1962509155 0.0777615904808
0.0 0.0 75.3687973022 0.114578619599
0.0 0.0 75.3712081909 0.0599181242287
0.0 0.0 74.1044998169 0.0729303434491
0.0 0.0 71.3083190918 0.0861679241061
0.0 0.0 75.5778503418 0.106692396104
0.0 0.0 86.5162124634 0.20382514596
0.0 0.0 79.4027404785 0.0
0.0 0.0 88.195640564 0.0
0.0 0.0 90.2723770142 0.0
0.0 0.0 75.828125 0.0326996594667
0.0 0.0 81.840675354 0.0874405354261
0.0 0.0 81.7230758667 0.123426213861
0.0 0.0 82.1961135864 0.0966278016567
0.0 0.0 69.8631744385 0.110511541367
0.0 0.0 69.041885376 0.114386491477
0.0 0.0 69.1617202759 0.0833062008023
0.0 0.0 74.5332794189 0.0879618749022
0.0 0.0 72.2522888184 0.084478661418
0.0 0.0 72.8800735474 0.0893036201596
0.0 0.0 74.8495025635 0.0683031827211
0.0 0.0 75.2774353027 0.0725656449795
0.0 0.0 71.9338226318 0.093667909503
0.0 0.0 72.155128479 0.0642780736089
0.0 0.0 71.8329849243 0.0848688110709
0.0 0.0 79.1978759766 0.0537944957614
0.0 0.0 79.3689422607 0.0861629769206
0.0 0.0 73.1534805298 0.05243197456
0.0 0.0 76.3760986328 0.0531956776977
0.0 0.0 72.4038085938 0.0768950358033
0.0 0.0 77.0993423462 0.0758492574096
0.0 0.0 82.0720596313 0.090818785131
0.0 0.0 73.6321640015 0.0905666425824
0.0 0.0 74.0762481689 0.0896542370319
0.0 0.0 70.6510162354 0.0609159581363
0.0 0.0 74.8240661621 0.0942718163133
0.0 0.0 74.9763793945 0.0755086988211
0.0 0.0 73.0814590454 0.0543701946735
0.0 0.0 79.424949646 0.0863782688975
0.0 0.0 75.785446167 0.0619262643158
0.0 0.0 78.9900894165 0.0831896290183
0.0 0.0 77.1124954224 0.0852774903178
0.0 0.0 72.0883331299 0.0772626176476
0.0 0.0 76.8511657715 0.0804483145475
0.0 0.0 70.9457626343 0.0593780837953
0.0 0.0 75.0698928833 0.0607794299722
0.0 0.0 75.1153793335 0.0776993483305
0.0 0.0 68.4057159424 0.0648297443986
0.0 0.0 71.4236602783 0.067155405879
0.0 0.0 69.2609481812 0.0635203421116
0.0 0.0 72.9917831421 0.0582283437252
0.0 0.0 76.3426055908 0.063419058919
0.0 0.0 73.6418151855 0.0745180547237
0.0 0.0 77.4013290405 0.0654117166996
0.0 0.0 74.2789993286 0.0643563345075
0.0 0.0 75.4165725708 0.0689023658633
0.0 0.0 77.7670822144 0.0864975377917
0.0 0.0 71.1837005615 0.103820212185
0.0 0.0 75.1415481567 0.0554633922875
0.0 0.0 71.9664230347 0.0568512752652
0.0 0.0 74.8357009888 0.0844787433743
0.0 0.0 75.0394592285 0.0856129974127
0.0 0.0 69.4610671997 0.0894556939602
0.0 0.0 77.7505111694 0.100766584277
0.0 0.0 70.6622390747 0.073639549315
0.0 0.0 74.9335479736 0.0841556414962
0.0 0.0 79.2054595947 0.0660425871611
0.0 0.0 75.2248916626 0.0748736411333
0.0 0.0 72.888130188 0.105266459286
0.0 0.0 68.4754486084 0.0531417056918
0.0 0.0 76.1938018799 0.0761652886868
0.0 0.0 77.675239563 0.0722708627582
0.0 0.0 74.1949539185 0.0445321984589
0.0 0.0 73.9172363281 0.0799007117748
0.0 0.0 69.8653335571 0.050122924149
0.0 0.0 75.6714477539 0.108170963824
0.0 0.0 79.3779067993 0.157173991203
