0.0 0.0 0.0 0.0730310156941
0.0 0.0 69.5775146484 0.136280417442
0.0 0.0 71.9933319092 0.134336963296
0.0 0.0 78.4438552856 0.0
0.0 0.0 71.2601699829 0.0
0.0 0.0 71.8115921021 0.0
0.0 0.0 69.6683654785 0.0978648066521
0.0 0.0 71.873916626 0.0830977857113
0.0 0.0 74.5270690918 0.0753577575088
0.0 0.0 65.4392242432 0.0635111033916
0.0 0.0 71.9196548462 0.104167617857
0.0 0.0 69.3222503662 0.0641846209764
0.0 0.0 74.4494094849 0.0766931548715
0.0 0.0 74.1084823608 0.0534026101232
0.0 0.0 66.1460189819 0.0622268505394
0.0 0.0 70.7979354858 0.0495270304382
0.0 0.0 66.1349563599 0.0519591793418
0.0 0.0 69.6904525757 0.104674905539
0.0 0.0 74.0189819336 0.0630648732185
0.0 0.0 68.0141372681 0.102401025593
0.0 0.0 73.6942977905 0.0600415915251
0.0 0.0 65.0980606079 0.0837686881423
0.0 0.0 68.6005020142 0.120878607035
0.0 0.0 73.7476959229 0.0589683763683
0.0 0.0 68.3646469116 0.0881062522531
0.0 0.0 69.1520233154 0.0874570682645
0.0 0.0 64.7662124634 0.105275020003
0.0 0.0 73.950920105 0.0877801254392
0.0 0.0 70.8716430664 0.120794713497
0.0 0.0 67.9523696899 0.153436169028
0.0 0.0 84.2771682739 0.0
0.0 0.0 73.9532852173 0.0
0.0 0.0 79.2919082642 0.0
0.0 0.0 87.9895095825 0.0
0.0 0.0 70.7523422241 0.0
0.0 0.0 73.1819458008 0.0809413418174
0.0 0.0 66.423866272 0.0546452254057
0.0 0.0 71.5421142578 0.105558678508
0.0 0.0 66.6690063477 0.0697638094425
0.0 0.0 68.9165725708 0.0632947981358
0.0 0.0 69.6364135742 0.0528043210506
0.0 0.0 65.8544692993 0.0673593208194
0.0 0.0 71.8888778687 0.0631347447634
0.0 0.0 70.3887786865 0.0557745471597
0.0 0.0 65.2403030396 0.080279700458
0.0 0.0 70.6865081787 0.0596410036087
0.0 0.0 70.5125427246 0.0623985044658
0.0 0.0 70.3282241821 0.0727586373687
0.0 0.0 74.1563491821 0.0850785896182
0.0 0.0 70.3301620483 0.0649198144674
0.0 0.0 77.301612854 0.108576767147
0.0 0.0 67.0960083008 0.0921630933881
0.0 0.0 64.7302017212 0.0909804105759
0.0 0.0 65.9048461914 0.0908884331584
0.0 0.0 67.1725845337 0.0
0.0 0.0 71.4406661987 0.0511194951832
0.0 0.0 66.3149261475 0.0750770419836
0.0 0.0 70.917137146 0.158882901073
0.0 0.0 75.3648910522 0.0631823316216
0.0 0.0 65.3275299072 0.0528559833765
0.0 0.0 73.4959869385 0.094176068902
0.0 0.0 66.2039871216 0.0459485128522
0.0 0.0 73.0068740845 0.0761683136225
0.0 0.0 69.5398483276 0.159042701125
0.0 0.0 63.9066581726 0.152414724231
0.0 0.0 65.2060394287 0.0514057055116
0.0 0.0 62.0783843994 0.0671736821532
0.0 0.0 71.1496353149 0.0583905316889
0.0 0.0 68.6379241943 0.0575429797173
0.0 0.0 63.9372673035 0.0625630170107
0.0 0.0 66.3976135254 0.10368462652
0.0 0.0 64.3159103394 0.0967496335506
0.0 0.0 74.8614807129 0.0421006381512
0.0 0.0 75.1502380371 0.123388282955
0.0 0.0 71.6867675781 0.0902478098869
0.0 0.0 75.9122543335 0.0887842103839
0.0 0.0 66.8466949463 0.0681368634105
0.0 0.0 72.6825332642 0.0617432966828
0.0 0.0 70.4168548584 0.0
0.0 0.0 74.80128479 0.0
0.0 0.0 101.345237732 0.0
0.0 0.0 107.569503784 0.0
0.0 0.0 85.4935302734 0.291436463594
0.0 0.0 76.0606460571 0.0816463381052
0.0 0.0 67.0049514771 0.101642273366
0.0 0.0 68.6895217896 0.11318757385
0.0 0.0 67.0681838989 0.129349082708
0.0 0.0 77.4096603394 0.108944818377
0.0 0.0 73.7912750244 0.0
0.0 0.0 66.9006881714 0.0
0.0 0.0 78.246383667 0.113768748939
0.0 0.0 70.9993667603 0.0845483839512
0.0 0.0 74.8257064819 0.0964217111468
0.0 0.0 73.9577941895 0.0789818093181
0.0 0.0 65.7756576538 0.0678917169571
0.0 0.0 68.5889968872 0.0673656091094
0.0 0.0 68.4774398804 0.0453155785799
0.0 0.0 71.7796783447 0.0949595943093
0.0 0.0 74.4151611328 0.0570796243846
0.0 0.0 69.9051132202 0.119464591146
0.0 0.0 71.3194885254 0.174947053194
0.0 0.0 78.3193588257 0.0
0.0 0.0 86.9492874146 0.0
0.0 0.0 90.4463195801 0.0
0.0 0.0 95.8452606201 0.0
0.0 0.0 79.6431503296 0.0
0.0 0.0 64.8274078369 0.0984299108386
0.0 0.0 67.5978927612 0.0
0.0 0.0 74.6079483032 0.12400764972
0.0 0.0 76.2794799805 0.124353200197
0.0 0.0 72.5634002686 0.115103505552
0.0 0.0 69.8689804077 0.104581914842
0.0 0.0 72.049621582 0.0811786279082
0.0 0.0 67.3460388184 0.0854032635689
0.0 0.0 63.9099998474 0.109843999147
0.0 0.0 71.8616943359 0.0918234363198
0.0 0.0 69.6942596436 0.0828534960747
0.0 0.0 71.2993240356 0.0624783784151
0.0 0.0 70.1380081177 0.109649218619
0.0 0.0 63.1164741516 0.0683927685022
0.0 0.0 65.3111343384 0.0840934589505
0.0 0.0 64.0498886108 0.0795280784369
0.0 0.0 69.603187561 0.0995853319764
0.0 0.0 73.6000289917 0.0935555398464
0.0 0.0 67.6119155884 0.0901117399335
0.0 0.0 72.8750839233 0.0614331588149
0.0 0.0 65.9607925415 0.0716235116124
0.0 0.0 69.9907531738 0.076715439558
0.0 0.0 71.3536834717 0.110505066812
0.0 0.0 66.8787689209 0.103629000485
0.0 0.0 73.0113601685 0.0496441610157
0.0 0.0 66.4306640625 0.0404912866652
0.0 0.0 71.8746261597 0.0944749712944
0.0 0.0 74.3139266968 0.119294248521
0.0 0.0 66.3200912476 0.0937271937728
0.0 0.0 71.6447601318 0.0810989364982
0.0 0.0 67.7441558838 0.0982331186533
0.0 0.0 70.0970306396 0.0806235074997
0.0 0.0 74.6264953613 0.0658892840147
0.0 0.0 66.1629867554 0.0777154490352
0.0 0.0 69.6534194946 0.0622389055789
0.0 0.0 68.0882110596 0.0758167952299
0.0 0.0 75.0062026978 0.081046409905
0.0 0.0 69.9314498901 0.0642377659678
0.0 0.0 65.4573516846 0.0846816673875
0.0 0.0 67.6387710571 0.0837055593729
0.0 0.0 66.1144943237 0.0477101393044
0.0 0.0 70.4523162842 0.0780348479748
0.0 0.0 70.5926742554 0.0653655901551
0.0 0.0 68.1801605225 0.0779051631689
0.0 0.0 70.8272018433 0.115909874439
0.0 0.0 69.1906280518 0.0820743218064
0.0 0.0 70.7523117065 0.0999741107225
0.0 0.0 70.4098815918 0.100878454745
0.0 0.0 74.8865966797 0.0745178088546
0.0 0.0 75.7525405884 0.115183375776
0.0 0.0 71.6671447754 0.102022461593
0.0 0.0 75.0926895142 0.0882541313767
0.0 0.0 65.2315979004 0.0914997234941
0.0 0.0 69.0596008301 0.0834486335516
0.0 0.0 66.5563278198 0.0687356963754
0.0 0.0 66.9648513794 0.0631719008088
0.0 0.0 71.6431427002 0.0720901340246
0.0 0.0 76.3974914551 0.0781095847487
0.0 0.0 66.13230896 0.0872351154685
0.0 0.0 69.7825775146 0.0884776860476
0.0 0.0 62.9758148193 0.0933222621679
0.0 0.0 69.8326873779 0.103475101292
0.0 0.0 68.8946380615 0.0690142810345
0.0 0.0 63.9888496399 0.0790346339345
0.0 0.0 72.8005752563 0.112376332283
0.0 0.0 63.8579597473 0.107355430722
0.0 0.0 67.5378570557 0.0590452067554
0.0 0.0 70.9973754883 0.0709421187639
0.0 0.0 64.7702941895 0.0515423454344
0.0 0.0 70.4306793213 0.092302583158
0.0 0.0 70.8419799805 0.146241664886
0.0 0.0 80.9576263428 0.0
0.0 0.0 86.7341156006 0.0
0.0 0.0 91.4181976318 0.0
0.0 0.0 88.1971893311 0.0
0.0 0.0 67.1536941528 0.0892732143402
0.0 0.0 67.8525695801 0.0893147736788
0.0 0.0 68.3007354736 0.0771968886256
0.0 0.0 65.7914428711 0.0737232491374
0.0 0.0 71.2097549438 0.057490516454
0.0 0.0 62.5382423401 0.0428742207587
0.0 0.0 68.100227356 0.0732553005219
0.0 0.0 65.8842544556 0.0936589837074
0.0 0.0 64.0091934204 0.0930082947016
0.0 0.0 71.3999176025 0.0738348215818
0.0 0.0 64.0179519653 0.0569081157446
0.0 0.0 71.1549301147 0.0794424489141
0.0 0.0 69.9795913696 0.084476351738
0.0 0.0 67.1435546875 0.0763295292854
0.0 0.0 69.4923477173 0.0637522116303
0.0 0.0 67.3340835571 0.0511441379786
0.0 0.0 74.8889846802 0.0834328085184
0.0 0.0 76.2854537964 0.0853536576033
0.0 0.0 69.3991165161 0.0695939064026
0.0 0.0 74.6777038574 0.071399435401
0.0 0.0 68.7588806152 0.0678298175335
0.0 0.0 72.3928604126 0.103002302349
0.0 0.0 76.8139190674 0.071391955018
0.0 0.0 67.3608093262 0.0849479138851
0.0 0.0 69.1163024902 0.0700986534357
0.0 0.0 68.2542495728 0.0738829895854
0.0 0.0 71.3198623657 0.0472824908793
0.0 0.0 71.1619949341 0.0861043706536
0.0 0.0 69.5212020874 0.0943518653512
0.0 0.0 73.3501815796 0.0425293184817
0.0 0.0 64.707862854 0.110157586634
0.0 0.0 70.49168396 0.059017971158
0.0 0.0 69.4350585938 0.0978524684906
0.0 0.0 70.8419113159 0.0982192307711
0.0 0.0 69.4612045288 0.0785972252488
0.0 0.0 72.073928833 0.0961012169719
0.0 0.0 76.9585494995 0.0647775754333
0.0 0.0 80.6610183716 0.0663994401693
0.0 0.0 70.7731781006 0.0940003469586
0.0 0.0 69.2196655273 0.158873856068
0.0 0.0 67.0196533203 0.0859656333923
0.0 0.0 66.8931427002 0.0725885257125
0.0 0.0 75.6494064331 0.0717459321022
0.0 0.0 65.9358215332 0.0589222423732
0.0 0.0 71.8545150757 0.0736425668001
0.0 0.0 67.1597366333 0.0715887323022
0.0 0.0 71.7354049683 0.0745058953762
0.0 0.0 70.3321990967 0.0570052303374
0.0 0.0 68.4493560791 0.0335611365736
0.0 0.0 72.0010452271 0.0807295516133
0.0 0.0 68.4042663574 0.0782225951552
0.0 0.0 76.2630386353 0.104575000703
0.0 0.0 71.4136352539 0.118176408112
0.0 0.0 65.9375686646 0.0742561519146
0.0 0.0 69.9956207275 0.0566181093454
0.0 0.0 70.3245544434 0.088025726378
0.0 0.0 77.9113464355 0.0650343075395
0.0 0.0 75.0607070923 0.111244164407
0.0 0.0 71.2553482056 0.0893172249198
0.0 0.0 74.8719863892 0.0962362587452
0.0 0.0 75.6058349609 0.132280081511
0.0 0.0 73.76927948 0.0978991687298
0.0 0.0 73.4869766235 0.0655154362321
0.0 0.0 70.4825668335 0.061855237931
0.0 0.0 71.0241851807 0.0805015787482
0.0 0.0 64.8846664429 0.101486042142
0.0 0.0 71.7878799438 0.141237229109
0.0 0.0 72.8515396118 0.0862284600735
0.0 0.0 73.4568328857 0.0951589271426
0.0 0.0 73.9221420288 0.073330797255
0.0 0.0 73.677696228 0.158064603806
0.0 0.0 81.7953872681 0.0
0.0 0.0 87.7736587524 0.0
0.0 0.0 97.7989959717 0.0
0.0 0.0 111.347724915 0.0
0.0 0.0 103.793365479 0.0
0.0 0.0 91.2742462158 0.0
0.0 0.0 73.2933959961 0.140048786998
0.0 0.0 71.1016998291 0.0982703045011
0.0 0.0 74.6013565063 0.080056540668
0.0 0.0 67.861656189 0.153887107968
0.0 0.0 77.6454391479 0.197670683265
0.0 0.0 76.0862884521 0.141120314598
0.0 0.0 71.8994140625 0.163517490029
0.0 0.0 76.9059066772 0.151426181197
0.0 0.0 72.7936935425 0.116666227579
0.0 0.0 72.9383773804 0.14279922843
0.0 0.0 82.2869644165 0.17929944396
0.0 0.0 85.2446365356 0.188142627478
0.0 0.0 72.6028671265 0.0
0.0 0.0 78.1370010376 0.33875054121
0.0 0.0 111.481239319 0.0
0.0 0.0 98.8683929443 0.0
0.0 0.0 97.0548477173 0.0
0.0 0.0 91.3678588867 0.0
0.0 0.0 79.0923538208 0.0
0.0 0.0 81.6029052734 0.0
0.0 0.0 81.103012085 0.0
0.0 0.0 86.2478256226 0.0
0.0 0.0 80.1933364868 0.126261889935
0.0 0.0 105.88130188 0.0
0.0 0.0 81.3913269043 0.0
0.0 0.0 79.6630554199 0.0974701568484
0.0 0.0 80.9566497803 0.122367076576
0.0 0.0 87.5386581421 0.154688760638
0.0 0.0 82.3333206177 0.164641693234
0.0 0.0 103.983085632 0.0
0.0 0.0 84.6832275391 0.0
0.0 0.0 80.3503341675 0.0
0.0 0.0 83.8635635376 0.0
0.0 0.0 80.2339782715 0.0754533410072
0.0 0.0 75.1764068604 0.0
0.0 0.0 80.5681381226 0.0
0.0 0.0 117.860649109 0.0
0.0 0.0 146.938491821 0.0
0.0 0.0 155.641021729 0.0
0.0 0.0 111.792861938 0.0
0.0 0.0 86.1931915283 0.0
0.0 0.0 80.7696228027 0.0
0.0 0.0 78.0041351318 0.0
0.0 0.0 83.4522399902 0.0
0.0 0.0 82.3990936279 0.0
0.0 0.0 82.3111190796 0.0916089564562
0.0 0.0 76.1380004883 0.164854064584
0.0 0.0 82.0689163208 0.158004507422
0.0 0.0 72.3456573486 0.0
0.0 0.0 94.7169418335 0.0
0.0 0.0 95.7217178345 0.0
0.0 0.0 100.309692383 0.0
0.0 0.0 162.297103882 0.0
0.0 0.0 165.929504395 0.0
0.0 0.0 155.805923462 0.0
0.0 0.0 141.413009644 0.133527472615
0.0 0.0 84.6566390991 0.0
0.0 0.0 74.0567245483 0.0
0.0 0.0 78.2542953491 0.0
0.0 0.0 140.352386475 0.0
0.0 0.0 122.990028381 0.0
0.0 0.0 101.38004303 0.0
0.0 0.0 129.103408813 0.269157588482
0.0 0.0 88.1284179688 0.0950266718864
0.0 0.0 90.0231781006 0.0
0.0 0.0 86.3226013184 0.15536890924
0.0 0.0 80.8606338501 0.0
0.0 0.0 91.1505661011 0.244054019451
0.0 0.0 79.5462875366 0.0
0.0 0.0 97.431892395 0.0
0.0 0.0 90.0097427368 0.0
0.0 0.0 79.9959411621 0.0
0.0 0.0 100.752876282 0.0
0.0 0.0 190.633148193 0.0
0.0 0.0 171.788879395 0.0
0.0 0.0 124.504974365 0.0
0.0 0.0 97.9477844238 0.0
0.0 0.0 76.7775039673 0.0
0.0 0.0 72.8396682739 0.0
0.0 0.0 83.7992477417 0.0
0.0 0.0 94.7452163696 0.0
0.0 0.0 168.276657104 0.0
0.0 0.0 259.04864502 0.0
0.0 0.0 345.770263672 0.0
0.0 0.0 375.229034424 0.0
0.0 0.0 326.596435547 0.41556635499
0.0 0.0 282.495819092 0.570560514927
184.201721191 1.0 385.799041748 0.652356088161
185.806671143 1.0 520.866027832 0.758308291435
188.697174072 1.0 482.70211792 0.880355477333
190.282562256 1.0 458.786315918 0.941354930401
190.803924561 1.0 468.710968018 0.947155237198
190.419891357 1.0 449.957641602 0.952017486095
189.885742188 1.0 430.396057129 0.959958553314
192.789108276 1.0 409.00894165 0.946827769279
196.35484314 1.0 406.952301025 0.94549292326
201.067382813 1.0 423.854278564 0.945295989513
205.834518433 1.0 417.113342285 0.954919040203
211.413040161 1.0 437.048400879 0.933579683304
215.39491272 1.0 433.586181641 0.93739181757
216.226669312 1.0 438.607910156 0.939701855183
213.823730469 1.0 411.480957031 0.943255066872
209.807510376 1.0 385.417053223 0.937568545341
203.162918091 1.0 362.981628418 0.862007856369
196.434249878 1.0 373.359985352 0.827531099319
189.222747803 1.0 352.109832764 0.826834142208
188.639923096 1.0 241.608474731 0.750659644604
213.127960205 1.0 165.978134155 0.681426465511
220.041625977 1.0 235.346908569 0.808298528194
223.402709961 1.0 338.503295898 0.881488084793
221.39630127 1.0 352.846618652 0.927917778492
220.889022827 1.0 321.850891113 0.942088425159
219.504516602 1.0 299.911804199 0.938349485397
218.786087036 1.0 286.760681152 0.930703282356
217.875259399 1.0 288.692993164 0.932281911373
217.618453979 1.0 291.82119751 0.9303997159
216.735397339 1.0 280.465484619 0.934516429901
216.519821167 1.0 273.515411377 0.930477380753
215.221862793 1.0 267.850921631 0.916423261166
213.386169434 1.0 265.803436279 0.918801903725
212.484619141 1.0 268.3800354 0.918426692486
210.062652588 1.0 267.08782959 0.915674507618
205.567733765 1.0 264.091766357 0.896914243698
200.75088501 1.0 259.418792725 0.884811878204
199.621398926 1.0 248.405838013 0.880068480968
195.573501587 1.0 239.597167969 0.87315505743
192.771209717 1.0 221.707824707 0.865990638733
188.341430664 1.0 245.850662231 0.875534892082
185.108810425 1.0 258.076660156 0.904466569424
183.851867676 1.0 267.520324707 0.920751154423
183.3487854 1.0 272.78817749 0.924469292164
181.954101563 1.0 275.445159912 0.926592707634
178.525604248 1.0 293.779510498 0.928798496723
178.308425903 1.0 298.929779053 0.93400734663
176.34135437 1.0 321.670776367 0.934562861919
173.543319702 1.0 339.596099854 0.935521960258
169.755020142 1.0 334.716491699 0.928688108921
166.872329712 1.0 329.437896729 0.76842802763
164.666229248 1.0 295.234893799 0.627840876579
0.0 0.0 257.850097656 0.329619824886
0.0 0.0 277.07913208 0.0
0.0 0.0 174.440643311 0.0
0.0 0.0 100.753593445 0.391745179892
0.0 0.0 174.884887695 0.653975844383
86.4687805176 1.0 231.517913818 0.822653591633
85.0310592651 1.0 258.333709717 0.863941729069
83.0669326782 1.0 287.62399292 0.868194699287
81.7987365723 1.0 340.364257813 0.901151180267
163.392715454 1.0 365.877471924 0.905468702316
163.646621704 1.0 375.128845215 0.951432049274
163.809494019 1.0 379.333709717 0.954793810844
165.071380615 1.0 388.468597412 0.953725397587
169.686309814 1.0 392.382537842 0.936751365662
175.146743774 1.0 394.402099609 0.919873178005
182.48614502 1.0 390.339324951 0.937620937824
186.890197754 1.0 403.996276855 0.952283143997
191.440505981 1.0 423.87310791 0.947681188583
198.860977173 1.0 426.692169189 0.892732977867
210.065994263 1.0 402.928497314 0.876747786999
219.565109253 1.0 377.305358887 0.919998347759
226.843322754 1.0 398.926208496 0.938412070274
234.078094482 1.0 431.968933105 0.926331043243
241.609008789 1.0 443.066711426 0.944841206074
246.592132568 1.0 456.60925293 0.960407555103
249.961181641 1.0 458.935638428 0.96440166235
254.939880371 1.0 469.5078125 0.962535023689
257.543548584 1.0 454.11227417 0.963260531425
261.000976563 1.0 433.399200439 0.963300645351
263.217437744 1.0 421.540466309 0.958369255066
266.169494629 1.0 397.093841553 0.955804526806
268.491912842 1.0 369.941558838 0.956338405609
269.545349121 1.0 346.953430176 0.955213308334
270.61050415 1.0 335.129364014 0.944999992847
272.719085693 1.0 323.192016602 0.932380974293
273.845306396 1.0 301.466705322 0.933651924133
275.405090332 1.0 290.464324951 0.925709307194
276.207000732 1.0 267.89175415 0.927529871464
277.235900879 1.0 257.112060547 0.925640761852
279.218200684 1.0 246.328735352 0.92125159502
280.61114502 1.0 236.290878296 0.91848897934
282.150054932 1.0 253.466079712 0.912122905254
283.806488037 1.0 253.224639893 0.914644122124
284.219451904 1.0 245.000946045 0.910855650902
284.587005615 1.0 248.948699951 0.90028232336
284.632263184 1.0 245.16569519 0.886950075626
283.953735352 1.0 231.424163818 0.776649951935
276.027191162 1.0 214.508956909 0.672642827034
253.315719604 1.0 150.920593262 0.528263390064
0.0 0.0 81.6655044556 0.143415048718
0.0 0.0 78.0855331421 0.208962768316
0.0 0.0 74.9152832031 0.0947024524212
0.0 0.0 80.0578765869 0.280856609344
0.0 0.0 80.0989608765 0.271992444992
0.0 0.0 81.7813720703 0.166750013828
0.0 0.0 76.0923995972 0.101650424302
0.0 0.0 76.178855896 0.0878779143095
0.0 0.0 68.7921142578 0.0
0.0 0.0 69.811164856 0.178372099996
0.0 0.0 71.8883209229 0.112259313464
244.654678345 1.0 94.5786895752 0.710722267628
244.141098022 1.0 137.464996338 0.845023393631
240.771102905 1.0 299.527923584 0.910933852196
237.129562378 1.0 354.927642822 0.953542947769
235.06892395 1.0 367.779083252 0.957341074944
233.101150513 1.0 363.731842041 0.959428668022
230.161987305 1.0 367.383911133 0.932712197304
226.886260986 1.0 364.288391113 0.899391651154
219.669509888 1.0 371.927093506 0.886885762215
212.772064209 1.0 348.790802002 0.869437634945
204.58656311 1.0 334.93572998 0.887673020363
199.395843506 1.0 340.646209717 0.891819059849
194.022644043 1.0 346.274414063 0.913313090801
189.193313599 1.0 341.927185059 0.931597471237
186.328262329 1.0 340.763214111 0.944762647152
183.79208374 1.0 345.174621582 0.948764741421
181.995666504 1.0 362.397338867 0.955687761307
179.775482178 1.0 391.025543213 0.958823144436
177.087463379 1.0 417.679779053 0.961243629456
175.659545898 1.0 445.905609131 0.96843034029
173.55418396 1.0 470.548156738 0.968141078949
171.718597412 1.0 475.815368652 0.969693005085
168.4715271 1.0 493.051544189 0.971159696579
166.24230957 1.0 508.324859619 0.970131754875
163.899551392 1.0 522.807617188 0.973160624504
161.283477783 1.0 522.99609375 0.967704594135
160.110137939 1.0 514.276367188 0.969441533089
157.427536011 1.0 490.697357178 0.974242985249
157.142852783 1.0 489.255706787 0.975089848042
156.167282104 1.0 498.042510986 0.975862681866
156.168273926 1.0 491.633422852 0.976618647575
155.056213379 1.0 474.211151123 0.968783915043
154.079299927 1.0 447.436126709 0.911372959614
151.531143188 1.0 411.890563965 0.859387516975
149.899795532 1.0 297.25680542 0.698018372059
0.0 0.0 109.180763245 0.0
0.0 0.0 79.9554824829 0.0966825634241
0.0 0.0 71.8042526245 0.161335751414
0.0 0.0 77.9968338013 0.10556319356
0.0 0.0 68.9133605957 0.100394174457
0.0 0.0 63.6135444641 0.0862388834357
0.0 0.0 72.6237792969 0.10087890923
0.0 0.0 76.5188369751 0.105897948146
0.0 0.0 84.1139678955 0.143965408206
0.0 0.0 86.2916793823 0.086458645761
0.0 0.0 102.041046143 0.0876311585307
0.0 0.0 84.6558837891 0.120534516871
0.0 0.0 97.240486145 0.104651212692
0.0 0.0 108.379608154 0.099350720644
0.0 0.0 109.885551453 0.0761422589421
0.0 0.0 130.968887329 0.0
0.0 0.0 119.567512512 0.0
0.0 0.0 106.9296875 0.0
0.0 0.0 148.580200195 0.229255348444
0.0 0.0 103.393257141 0.384087979794
0.0 0.0 88.1336975098 0.584530889988
179.693969727 1.0 187.885314941 0.651219129562
178.77130127 1.0 230.093505859 0.771596729755
178.772903442 1.0 235.825241089 0.733202040195
177.208480835 1.0 220.777328491 0.669334709644
179.297729492 1.0 134.377105713 0.37769857049
0.0 0.0 92.0896377563 0.125678509474
0.0 0.0 89.7920455933 0.183403372765
0.0 0.0 75.6687469482 0.0
0.0 0.0 98.3635559082 0.0869910269976
0.0 0.0 94.7055358887 0.0961019322276
0.0 0.0 89.5160827637 0.0831019058824
0.0 0.0 79.2656326294 0.350177258253
0.0 0.0 114.254806519 0.591970324516
167.231140137 1.0 276.033294678 0.707750618458
165.022674561 1.0 299.576751709 0.839305877686
162.270004272 1.0 309.439819336 0.938663601875
161.996810913 1.0 305.575744629 0.94788813591
160.706619263 1.0 303.484436035 0.94771873951
158.968429565 1.0 307.526550293 0.940168917179
158.431015015 1.0 312.088195801 0.940252423286
157.635635376 1.0 318.060333252 0.936974108219
156.607070923 1.0 327.185638428 0.940706789494
154.881149292 1.0 331.878662109 0.923524260521
153.758132935 1.0 334.860809326 0.897283196449
153.661392212 1.0 343.219512939 0.824534058571
155.592056274 1.0 329.752197266 0.809038579464
159.16192627 1.0 337.608398438 0.779253721237
157.121368408 1.0 341.199798584 0.554034352303
0.0 0.0 325.77130127 0.616904258728
0.0 0.0 292.285217285 0.403509825468
0.0 0.0 187.24105835 0.228559300303
0.0 0.0 81.3126220703 0.175466746092
0.0 0.0 81.2515029907 0.15654759109
0.0 0.0 72.1035995483 0.148658394814
0.0 0.0 81.5633239746 0.0723009556532
0.0 0.0 91.9686965942 0.0
0.0 0.0 77.4137954712 0.156050696969
0.0 0.0 71.9429855347 0.0
0.0 0.0 84.8291397095 0.288107872009
0.0 0.0 88.394821167 0.0
0.0 0.0 86.6765441895 0.0
0.0 0.0 84.4395294189 0.0
0.0 0.0 79.0930709839 0.0
0.0 0.0 95.8327789307 0.0
0.0 0.0 83.4355392456 0.0
0.0 0.0 82.8344726563 0.0
0.0 0.0 83.8420181274 0.52491748333
152.622329712 1.0 166.111251831 0.702906489372
152.033126831 1.0 304.726257324 0.80108320713
146.764587402 1.0 340.531219482 0.906332731247
146.445541382 1.0 337.542572021 0.945375859737
145.675415039 1.0 328.830078125 0.936956942081
145.887481689 1.0 324.791412354 0.941594541073
145.966567993 1.0 323.754150391 0.941356360912
146.093460083 1.0 330.461639404 0.941127181053
148.46333313 1.0 326.855499268 0.949946343899
150.024002075 1.0 321.470550537 0.945241928101
152.311157227 1.0 328.680084229 0.944834291935
154.19190979 1.0 334.691253662 0.94475120306
156.277023315 1.0 330.418304443 0.945184469223
155.497390747 1.0 328.035339355 0.890906333923
155.089614868 1.0 317.422088623 0.833582520485
153.113479614 1.0 298.233123779 0.721013009548
156.242263794 1.0 193.248199463 0.55098849535
0.0 0.0 94.8857269287 0.0
0.0 0.0 81.3187866211 0.132364064455
0.0 0.0 78.223487854 0.116359487176
0.0 0.0 79.4375686646 0.0774092152715
0.0 0.0 84.7178878784 0.230194702744
0.0 0.0 79.6766738892 0.0
0.0 0.0 80.6860733032 0.0
0.0 0.0 104.740150452 0.0
0.0 0.0 99.1246643066 0.130901888013
0.0 0.0 75.3426437378 0.15545026958
0.0 0.0 77.3894119263 0.108692668378
0.0 0.0 77.37449646 0.0862563923001
0.0 0.0 69.6278457642 0.118130207062
0.0 0.0 85.3023910522 0.0
0.0 0.0 85.5769042969 0.0
0.0 0.0 79.0937957764 0.0
0.0 0.0 89.7030410767 0.0642513632774
0.0 0.0 74.5460281372 0.0565438009799
0.0 0.0 76.8209533691 0.068601153791
0.0 0.0 74.7957458496 0.121132932603
0.0 0.0 69.0455932617 0.0
0.0 0.0 74.9404144287 0.0
0.0 0.0 72.7275543213 0.0
0.0 0.0 77.9538345337 0.0
0.0 0.0 77.1594772339 0.0
0.0 0.0 79.046546936 0.0784908682108
0.0 0.0 75.0321578979 0.0582504235208
0.0 0.0 69.5773239136 0.114790029824
0.0 0.0 71.9087142944 0.0
0.0 0.0 86.0770111084 0.0
0.0 0.0 105.716506958 0.0
0.0 0.0 90.9782562256 0.0
0.0 0.0 93.2968444824 0.0
0.0 0.0 75.2509078979 0.0
0.0 0.0 87.7521743774 0.0
0.0 0.0 103.88470459 0.0
0.0 0.0 82.6256866455 0.0
0.0 0.0 86.7523040771 0.0
0.0 0.0 84.07371521 0.178772479296
0.0 0.0 73.3336105347 0.1516841501
0.0 0.0 77.7023925781 0.134738638997
0.0 0.0 77.9133071899 0.0989407151937
0.0 0.0 70.529838562 0.0849102139473
0.0 0.0 70.0565261841 0.0422443784773
0.0 0.0 69.5887298584 0.0630880445242
0.0 0.0 68.28565979 0.135940909386
0.0 0.0 75.6390228271 0.209318235517
0.0 0.0 74.7264175415 0.154786795378
0.0 0.0 78.8437347412 0.0977669507265
0.0 0.0 73.9733810425 0.0
0.0 0.0 77.5541915894 0.0836590752006
0.0 0.0 86.5943603516 0.0
0.0 0.0 90.4874420166 0.152305424213
0.0 0.0 73.5411605835 0.150632068515
0.0 0.0 69.6577072144 0.156034275889
0.0 0.0 78.2179412842 0.0950744897127
0.0 0.0 87.1011505127 0.0575122125447
0.0 0.0 74.5113220215 0.0987541154027
0.0 0.0 75.312713623 0.136931955814
0.0 0.0 81.2645492554 0.169492825866
0.0 0.0 72.198677063 0.0709891319275
0.0 0.0 73.8658370972 0.0855630859733
0.0 0.0 72.2520980835 0.102079682052
0.0 0.0 78.3987808228 0.155280560255
0.0 0.0 78.3775787354 0.101457312703
0.0 0.0 74.9008483887 0.111006498337
0.0 0.0 76.1104202271 0.121703565121
0.0 0.0 70.388381958 0.0826738998294
0.0 0.0 73.072517395 0.0983692705631
0.0 0.0 74.0432815552 0.104100607336
0.0 0.0 73.3641281128 0.126468241215
0.0 0.0 74.6237945557 0.127319276333
0.0 0.0 70.237197876 0.0760155394673
0.0 0.0 72.5740509033 0.0665390640497
0.0 0.0 73.7980728149 0.103900335729
0.0 0.0 67.4496536255 0.0436072386801
0.0 0.0 72.4281234741 0.0875006988645
0.0 0.0 75.5820388794 0.0782915949821
0.0 0.0 73.3603439331 0.0814635381103
0.0 0.0 71.4430770874 0.0914351716638
0.0 0.0 73.0842895508 0.110035344958
0.0 0.0 74.7143249512 0.0758002251387
0.0 0.0 71.3089752197 0.0671928748488
0.0 0.0 75.6173934937 0.0284541621804
0.0 0.0 69.1918029785 0.113618977368
0.0 0.0 70.6119842529 0.0773248896003
0.0 0.0 79.7735290527 0.0685748755932
0.0 0.0 68.2896652222 0.0506424978375
0.0 0.0 74.5015411377 0.0671156421304
0.0 0.0 72.5835342407 0.10322035104
0.0 0.0 77.9820098877 0.106414720416
0.0 0.0 92.7286300659 0.0472580753267
0.0 0.0 74.4653244019 0.0
0.0 0.0 75.4749908447 0.081600278616
0.0 0.0 72.266746521 0.0676054209471
0.0 0.0 71.0303115845 0.0822753310204
0.0 0.0 78.1721115112 0.0766358077526
0.0 0.0 73.6943511963 0.147285312414
0.0 0.0 74.2389984131 0.187487617135
0.0 0.0 71.5423965454 0.0
0.0 0.0 86.909942627 0.114778481424
0.0 0.0 81.8089904785 0.117703057826
0.0 0.0 72.5085449219 0.0771556198597
0.0 0.0 74.8274917603 0.0778342634439
0.0 0.0 76.5601425171 0.0714911967516
0.0 0.0 69.1212081909 0.0661690533161
0.0 0.0 78.790435791 0.0868038758636
0.0 0.0 79.7779769897 0.0838497951627
0.0 0.0 75.9694137573 0.0632661134005
0.0 0.0 69.5249862671 0.101695485413
0.0 0.0 74.1644439697 0.0
0.0 0.0 80.1002044678 0.0
0.0 0.0 87.1089859009 0.0
0.0 0.0 91.918586731 0.0
0.0 0.0 83.0465316772 0.0
0.0 0.0 68.2452468872 0.113310717046
0.0 0.0 76.3724975586 0.124762572348
0.0 0.0 77.4498062134 0.0800702273846
0.0 0.0 71.8415679932 0.0812755003572
0.0 0.0 68.5044784546 0.0917072594166
0.0 0.0 73.9901504517 0.0487035401165
0.0 0.0 77.3514480591 0.0912891030312
0.0 0.0 68.3216247559 0.0878118798137
0.0 0.0 71.365737915 0.0805206596851
0.0 0.0 69.8592300415 0.206171169877
0.0 0.0 72.259803772 0.137257114053
0.0 0.0 74.1576309204 0.10060992837
0.0 0.0 73.5790710449 0.0826255083084
0.0 0.0 72.0134811401 0.0832917690277
0.0 0.0 69.3704223633 0.197629675269
0.0 0.0 70.659942627 0.0577681697905
0.0 0.0 76.7274627686 0.0934977829456
0.0 0.0 76.976890564 0.0880431979895
0.0 0.0 78.2429733276 0.116526678205
0.0 0.0 71.9864196777 0.0842878073454
0.0 0.0 71.9527893066 0.0395121090114
0.0 0.0 75.8469772339 0.158448025584
0.0 0.0 71.0978240967 0.0625392347574
0.0 0.0 72.9451293945 0.0506333298981
0.0 0.0 73.8746337891 0.0361093059182
0.0 0.0 72.8798446655 0.0638310238719
0.0 0.0 70.6831970215 0.0585476607084
0.0 0.0 71.5420608521 0.077269770205
0.0 0.0 72.9979400635 0.0587277635932
0.0 0.0 71.7967376709 0.0864088088274
0.0 0.0 69.0761642456 0.0960837379098
0.0 0.0 70.9777145386 0.0810074955225
0.0 0.0 72.2168426514 0.0503563322127
0.0 0.0 73.6937026978 0.0827184319496
0.0 0.0 68.9555969238 0.113521426916
0.0 0.0 73.2008361816 0.0169114805758
0.0 0.0 73.347946167 0.0827166438103
0.0 0.0 65.444694519 0.0992447286844
0.0 0.0 74.414680481 0.0799838900566
0.0 0.0 73.3684310913 0.144311219454
0.0 0.0 72.293838501 0.0717038661242
