0.0 0.0 0.0 0.0
0.0 0.0 186.361236572 0.0754460170865
0.0 0.0 157.750701904 0.061369612813
0.0 0.0 168.012771606 0.072016350925
0.0 0.0 163.411468506 0.0373324677348
0.0 0.0 171.279556274 0.0832101404667
0.0 0.0 179.472137451 0.0753372609615
0.0 0.0 167.209411621 0.0524994209409
0.0 0.0 176.521286011 0.0497352704406
0.0 0.0 170.010360718 0.0610566101968
0.0 0.0 178.050888062 0.0976919308305
0.0 0.0 187.053497314 0.168773770332
0.0 0.0 191.088287354 0.176639810205
0.0 0.0 220.375808716 0.19457693398
0.0 0.0 197.739547729 0.120965518057
0.0 0.0 197.46685791 0.11189186573
0.0 0.0 198.288497925 0.112081244588
0.0 0.0 186.980056763 0.154702559114
0.0 0.0 185.617416382 0.0
0.0 0.0 220.577835083 0.0
0.0 0.0 233.488067627 0.0
0.0 0.0 211.690856934 0.14444078505
0.0 0.0 182.202850342 0.0992457643151
0.0 0.0 174.052078247 0.115562282503
0.0 0.0 168.39755249 0.0576585792005
0.0 0.0 185.705230713 0.0796329006553
0.0 0.0 188.41734314 0.0702073127031
0.0 0.0 177.646743774 0.0715495496988
0.0 0.0 174.869781494 0.0624144002795
0.0 0.0 169.770095825 0.066286303103
0.0 0.0 175.388412476 0.0708518400788
0.0 0.0 185.23210144 0.0489095002413
0.0 0.0 164.604354858 0.0566851347685
0.0 0.0 171.108184814 0.074411354959
0.0 0.0 160.285293579 0.0871191546321
0.0 0.0 167.704544067 0.092326387763
0.0 0.0 182.91293335 0.0433365255594
0.0 0.0 178.68421936 0.0748012438416
0.0 0.0 163.582687378 0.0430698059499
0.0 0.0 166.848373413 0.0461235865951
0.0 0.0 181.292922974 0.0816307589412
0.0 0.0 199.405273438 0.0
0.0 0.0 177.770889282 0.0
0.0 0.0 223.568832397 0.0
0.0 0.0 377.229400635 0.0
0.0 0.0 455.752990723 0.0
0.0 0.0 461.281494141 0.0
0.0 0.0 369.465484619 0.0
0.0 0.0 282.374755859 0.0
0.0 0.0 236.459869385 0.0
0.0 0.0 195.081207275 0.0524944402277
0.0 0.0 193.733123779 0.0570073798299
0.0 0.0 171.625106812 0.0345886163414
0.0 0.0 188.481399536 0.0681300237775
0.0 0.0 175.25592041 0.120141930878
0.0 0.0 181.047485352 0.0741452425718
0.0 0.0 184.620300293 0.0701690167189
0.0 0.0 162.149169922 0.102514818311
0.0 0.0 178.206741333 0.0649421811104
0.0 0.0 163.041351318 0.0767077878118
0.0 0.0 177.0131073 0.0821386948228
0.0 0.0 190.686126709 0.15436257422
0.0 0.0 173.191329956 0.119126863778
0.0 0.0 179.468566895 0.143160790205
0.0 0.0 169.644424438 0.0513659305871
0.0 0.0 177.506378174 0.0495167449117
0.0 0.0 186.992462158 0.137926012278
0.0 0.0 169.053207397 0.0918308272958
0.0 0.0 181.080825806 0.0683306083083
0.0 0.0 162.662368774 0.123263046145
0.0 0.0 177.24407959 0.0598656125367
0.0 0.0 187.388504028 0.143611952662
0.0 0.0 175.342575073 0.104612074792
0.0 0.0 188.757080078 0.131611406803
0.0 0.0 161.796920776 0.0844293311238
0.0 0.0 177.096374512 0.047197189182
0.0 0.0 180.89100647 0.0505214221776
0.0 0.0 168.565856934 0.0589843802154
0.0 0.0 167.922210693 0.0894042253494
0.0 0.0 160.91734314 0.103003270924
0.0 0.0 179.541137695 0.0804462209344
0.0 0.0 180.896560669 0.107226535678
0.0 0.0 158.129776001 0.0623760856688
0.0 0.0 173.974121094 0.0956791117787
0.0 0.0 169.533859253 0.0942156612873
0.0 0.0 175.726638794 0.0
0.0 0.0 182.544586182 0.0
0.0 0.0 183.926956177 0.132271334529
0.0 0.0 194.401412964 0.187878504395
0.0 0.0 171.196121216 0.0
0.0 0.0 186.052764893 0.0
0.0 0.0 193.798019409 0.0
0.0 0.0 186.820480347 0.0
0.0 0.0 224.217193604 0.0
0.0 0.0 228.129150391 0.0
0.0 0.0 212.731643677 0.0
0.0 0.0 224.676437378 0.0
0.0 0.0 191.278930664 0.0750218257308
0.0 0.0 187.180664063 0.076199233532
0.0 0.0 167.865585327 0.155177116394
0.0 0.0 179.269287109 0.0943808332086
0.0 0.0 198.388793945 0.0347554124892
0.0 0.0 184.534255981 0.059913739562
0.0 0.0 181.96232605 0.0625054165721
0.0 0.0 165.558517456 0.0739988908172
0.0 0.0 185.94883728 0.0900777429342
0.0 0.0 200.75604248 0.0819267034531
0.0 0.0 174.936569214 0.087953902781
0.0 0.0 180.437026978 0.0554555095732
0.0 0.0 165.354522705 0.0576574578881
0.0 0.0 176.756866455 0.123668141663
0.0 0.0 183.470550537 0.102951139212
0.0 0.0 170.175109863 0.077874481678
0.0 0.0 184.688247681 0.0722092241049
0.0 0.0 165.822174072 0.0779416784644
0.0 0.0 172.012298584 0.0969428941607
0.0 0.0 183.058685303 0.0791123062372
0.0 0.0 184.649246216 0.0
0.0 0.0 251.081695557 0.0
0.0 0.0 383.639556885 0.0
0.0 0.0 480.27935791 0.0
0.0 0.0 495.904510498 0.0
0.0 0.0 383.055938721 0.0
0.0 0.0 278.385375977 0.0
0.0 0.0 216.55531311 0.0
0.0 0.0 199.933013916 0.112412385643
0.0 0.0 198.64654541 0.0816588401794
0.0 0.0 179.93409729 0.0712797492743
0.0 0.0 180.383712769 0.0726515501738
0.0 0.0 171.604370117 0.0929821059108
0.0 0.0 168.560501099 0.0536743029952
0.0 0.0 185.240737915 0.0707609280944
0.0 0.0 180.205581665 0.0681531503797
0.0 0.0 177.898010254 0.0971793979406
0.0 0.0 174.654769897 0.0482256002724
0.0 0.0 169.676574707 0.0954302623868
0.0 0.0 179.751480103 0.0643183216453
0.0 0.0 180.019592285 0.0794677361846
0.0 0.0 184.990203857 0.0653955936432
0.0 0.0 166.890777588 0.0684534534812
0.0 0.0 167.736465454 0.114792965353
0.0 0.0 182.872055054 0.114110253751
0.0 0.0 169.814254761 0.0581513717771
0.0 0.0 184.684051514 0.111375838518
0.0 0.0 164.704727173 0.051888383925
0.0 0.0 167.540283203 0.0763818919659
0.0 0.0 175.343505859 0.146401062608
0.0 0.0 177.409317017 0.0635797083378
0.0 0.0 173.820037842 0.0745748877525
0.0 0.0 168.997039795 0.0646786540747
0.0 0.0 173.081069946 0.0403592735529
0.0 0.0 177.068847656 0.046966984868
0.0 0.0 169.861419678 0.106519415975
0.0 0.0 184.977233887 0.0741498097777
0.0 0.0 160.068405151 0.0756208375096
0.0 0.0 167.789871216 0.0979971960187
0.0 0.0 179.749923706 0.0729918181896
0.0 0.0 165.00239563 0.0852229222655
0.0 0.0 167.252807617 0.0968339815736
0.0 0.0 174.042144775 0.0951758772135
0.0 0.0 170.4112854 0.152431696653
0.0 0.0 179.692886353 0.19328597188
0.0 0.0 182.782562256 0.171541601419
0.0 0.0 190.590286255 0.220834031701
0.0 0.0 177.686584473 0.0800560861826
0.0 0.0 188.656326294 0.159505710006
0.0 0.0 202.750427246 0.19632910192
0.0 0.0 182.139297485 0.261700928211
0.0 0.0 207.956298828 0.0
0.0 0.0 213.000564575 0.0
0.0 0.0 208.018844604 0.0
0.0 0.0 206.152420044 0.159982323647
0.0 0.0 184.054885864 0.120447762311
0.0 0.0 187.563400269 0.110046185553
0.0 0.0 180.178161621 0.113761164248
0.0 0.0 171.836700439 0.0900526493788
0.0 0.0 171.307861328 0.184173285961
0.0 0.0 172.476638794 0.0529274865985
0.0 0.0 184.434341431 0.049209933728
0.0 0.0 172.81111145 0.0744980424643
0.0 0.0 184.425582886 0.0791866406798
0.0 0.0 169.331436157 0.0635222420096
0.0 0.0 157.166473389 0.089728333056
0.0 0.0 166.384384155 0.0766584947705
0.0 0.0 155.785308838 0.077374972403
0.0 0.0 169.80847168 0.0763593912125
0.0 0.0 173.969161987 0.125065878034
0.0 0.0 170.605728149 0.0395716950297
0.0 0.0 172.812850952 0.0
0.0 0.0 178.493881226 0.0659397616982
0.0 0.0 182.906234741 0.124185971916
0.0 0.0 205.873062134 0.0
0.0 0.0 222.481506348 0.0
0.0 0.0 403.822418213 0.0
0.0 0.0 555.83996582 0.0
0.0 0.0 584.244689941 0.0
0.0 0.0 474.358581543 0.0
0.0 0.0 339.758911133 0.0
0.0 0.0 258.918945313 0.0
0.0 0.0 195.62097168 0.0688174515963
0.0 0.0 177.285675049 0.13968667388
0.0 0.0 185.583450317 0.12684237957
0.0 0.0 170.608276367 0.0960532352328
0.0 0.0 186.92175293 0.0887974351645
0.0 0.0 179.022232056 0.0506850071251
0.0 0.0 175.934249878 0.0671954676509
0.0 0.0 181.067840576 0.0646704509854
0.0 0.0 169.234466553 0.0826672315598
0.0 0.0 178.192062378 0.118605405092
0.0 0.0 173.975997925 0.103564724326
0.0 0.0 186.87008667 0.0801712870598
0.0 0.0 198.196029663 0.125774621964
0.0 0.0 174.492874146 0.0766171291471
0.0 0.0 180.318099976 0.105334587395
0.0 0.0 168.851089478 0.0757080167532
0.0 0.0 168.908126831 0.0543935373425
0.0 0.0 190.719741821 0.0880491659045
0.0 0.0 186.767288208 0.0951758772135
0.0 0.0 188.929138184 0.0437588430941
0.0 0.0 169.237380981 0.0858102217317
0.0 0.0 183.026473999 0.0722594335675
0.0 0.0 190.029846191 0.0597620941699
0.0 0.0 185.715042114 0.0822745487094
0.0 0.0 185.111831665 0.0771228596568
0.0 0.0 169.745010376 0.0570007748902
0.0 0.0 176.066513062 0.0861290022731
0.0 0.0 180.300552368 0.0792486965656
0.0 0.0 194.492996216 0.105259329081
0.0 0.0 196.413970947 0.0725118294358
0.0 0.0 179.167617798 0.055912937969
0.0 0.0 179.193832397 0.112218007445
0.0 0.0 196.33531189 0.0830489844084
0.0 0.0 189.971252441 0.0858581587672
0.0 0.0 187.250274658 0.118555434048
0.0 0.0 179.569503784 0.147934898734
0.0 0.0 203.671722412 0.183699294925
0.0 0.0 201.599334717 0.208157554269
0.0 0.0 186.828445435 0.183938488364
0.0 0.0 200.462265015 0.203017920256
0.0 0.0 180.350570679 0.0
0.0 0.0 198.429367065 0.0
0.0 0.0 206.005264282 0.0
0.0 0.0 184.929382324 0.151483044028
0.0 0.0 189.36000061 0.10195120424
0.0 0.0 194.109115601 0.0640737563372
0.0 0.0 183.268218994 0.0622408092022
0.0 0.0 175.637283325 0.113415002823
0.0 0.0 167.870773315 0.0992411449552
0.0 0.0 183.463790894 0.0844911560416
0.0 0.0 172.635055542 0.0483938902617
0.0 0.0 194.698043823 0.0976742208004
0.0 0.0 206.731185913 0.099770180881
0.0 0.0 185.150161743 0.113084383309
0.0 0.0 188.931396484 0.0682504996657
0.0 0.0 179.335540771 0.10859259963
0.0 0.0 180.420913696 0.146743968129
0.0 0.0 193.967422485 0.107311986387
0.0 0.0 174.094741821 0.0593407414854
0.0 0.0 191.936325073 0.0882290750742
0.0 0.0 177.421630859 0.0384498164058
0.0 0.0 196.293945313 0.275744944811
0.0 0.0 200.608062744 0.0
0.0 0.0 263.595306396 0.0
0.0 0.0 407.703948975 0.0
0.0 0.0 491.775360107 0.0
0.0 0.0 493.29888916 0.0
0.0 0.0 429.697875977 0.0
0.0 0.0 340.518890381 0.0
0.0 0.0 230.65802002 0.0
0.0 0.0 186.57144165 0.169315248728
0.0 0.0 189.920562744 0.194234773517
0.0 0.0 194.051940918 0.127971440554
0.0 0.0 194.086288452 0.0
0.0 0.0 281.299926758 0.0
0.0 0.0 582.323730469 0.0
0.0 0.0 435.65234375 0.0
0.0 0.0 268.343292236 0.0
0.0 0.0 210.497940063 0.0
0.0 0.0 186.637695313 0.0799227878451
0.0 0.0 171.71546936 0.0752274766564
0.0 0.0 171.925201416 0.0
0.0 0.0 182.340011597 0.0
0.0 0.0 197.739044189 0.543630063534
241.810256958 1.0 362.87298584 0.704311788082
240.598846436 1.0 575.549804688 0.809528410435
242.429672241 1.0 594.53894043 0.897667825222
241.508102417 1.0 608.592895508 0.864958941936
236.875106812 1.0 604.756958008 0.825654685497
233.129547119 1.0 558.785644531 0.777676641941
231.354431152 1.0 407.082641602 0.578883707523
0.0 0.0 199.459259033 0.0992093235254
0.0 0.0 200.525634766 0.0990224853158
0.0 0.0 191.217208862 0.209418445826
0.0 0.0 176.814147949 0.0696307420731
0.0 0.0 171.471130371 0.083607904613
0.0 0.0 169.691360474 0.0
0.0 0.0 194.093643188 0.195337548852
0.0 0.0 203.393630981 0.0
0.0 0.0 227.681777954 0.0
0.0 0.0 202.11730957 0.19235882163
0.0 0.0 192.810287476 0.129672721028
0.0 0.0 193.31288147 0.129655256867
0.0 0.0 183.63293457 0.594631612301
254.642608643 1.0 327.325866699 0.742106556892
248.149047852 1.0 583.622619629 0.801875770092
244.558135986 1.0 637.249145508 0.871424436569
239.039474487 1.0 665.148681641 0.877831757069
234.76663208 1.0 638.945495605 0.888824164867
229.11831665 1.0 619.514892578 0.88994717598
223.309387207 1.0 573.015930176 0.836364746094
218.68170166 1.0 536.558288574 0.761208176613
210.98916626 1.0 488.302429199 0.603809535503
0.0 0.0 413.413421631 0.350824028254
0.0 0.0 373.060150146 0.159950166941
0.0 0.0 319.268768311 0.319310128689
0.0 0.0 378.597473145 0.214737862349
0.0 0.0 245.317718506 0.199898943305
0.0 0.0 369.187652588 0.268582940102
0.0 0.0 396.628479004 0.177687510848
0.0 0.0 408.865692139 0.42063882947
215.733398438 1.0 483.269073486 0.6446647048
223.477798462 1.0 531.751159668 0.824150025845
227.240524292 1.0 558.485717773 0.877284169197
232.111434937 1.0 578.501159668 0.903561234474
231.406234741 1.0 611.779724121 0.910047650337
226.903381348 1.0 645.679870605 0.823714017868
224.825378418 1.0 654.354980469 0.755247175694
215.980941772 1.0 606.550170898 0.671562194824
0.0 0.0 474.372131348 0.447095453739
0.0 0.0 415.33895874 0.0
0.0 0.0 381.809814453 0.495353996754
0.0 0.0 356.780639648 0.680930316448
278.424987793 1.0 553.829833984 0.786576628685
278.500518799 1.0 679.719116211 0.876659870148
281.247772217 1.0 660.007019043 0.882535755634
284.868377686 1.0 621.584228516 0.884003639221
286.206512451 1.0 580.84173584 0.888058900833
291.02230835 1.0 557.194702148 0.888755679131
297.471496582 1.0 554.549987793 0.867339849472
306.712921143 1.0 507.419799805 0.835857689381
310.351806641 1.0 501.009643555 0.852207243443
310.331268311 1.0 490.907012939 0.758207082748
306.077789307 1.0 468.724731445 0.678705573082
289.554443359 1.0 348.656768799 0.506412446499
0.0 0.0 190.754699707 0.2257886976
0.0 0.0 192.736297607 0.102576382458
0.0 0.0 190.857391357 0.0501707941294
0.0 0.0 182.247421265 0.108752347529
0.0 0.0 185.596069336 0.152262732387
0.0 0.0 188.363342285 0.0
0.0 0.0 274.754241943 0.0
0.0 0.0 408.174133301 0.0
0.0 0.0 439.578308105 0.0
0.0 0.0 566.333190918 0.0
0.0 0.0 458.697784424 0.0
0.0 0.0 388.108947754 0.517154812813
0.0 0.0 219.719329834 0.5442070961
248.050765991 1.0 240.153640747 0.766087532043
247.793624878 1.0 413.333587646 0.810510993004
243.26852417 1.0 545.918273926 0.823781609535
232.953521729 1.0 516.779418945 0.821958363056
227.944274902 1.0 538.467285156 0.859683215618
223.941665649 1.0 547.108032227 0.86159658432
223.101409912 1.0 551.786254883 0.858172774315
223.224014282 1.0 522.374267578 0.859517812729
226.950393677 1.0 553.983825684 0.854028761387
229.449859619 1.0 559.846191406 0.857259094715
229.9087677 1.0 558.700744629 0.868761956692
232.33303833 1.0 572.458007813 0.86925303936
233.380264282 1.0 551.784423828 0.870271801949
231.91758728 1.0 537.160766602 0.883175313473
230.902740479 1.0 534.754455566 0.880979955196
228.561889648 1.0 542.676391602 0.884722054005
225.70942688 1.0 543.180969238 0.891542315483
226.932296753 1.0 558.067260742 0.881728172302
230.216918945 1.0 541.599975586 0.887721419334
231.932220459 1.0 530.48626709 0.893616676331
233.771377563 1.0 557.155517578 0.895727515221
234.536636353 1.0 564.755432129 0.887776434422
239.674163818 1.0 528.974060059 0.869770586491
242.545532227 1.0 514.327270508 0.859011232853
243.037445068 1.0 518.788757324 0.80103456974
244.262802124 1.0 490.917266846 0.727396786213
242.673797607 1.0 392.136413574 0.572825491428
0.0 0.0 211.572677612 0.187696754932
0.0 0.0 180.978790283 0.132391989231
0.0 0.0 182.949142456 0.0
0.0 0.0 191.447875977 0.0
0.0 0.0 212.0884552 0.0
0.0 0.0 240.212051392 0.0
0.0 0.0 332.866699219 0.0
0.0 0.0 410.523284912 0.0
0.0 0.0 440.117095947 0.0
0.0 0.0 328.400543213 0.0
0.0 0.0 217.457366943 0.0
0.0 0.0 199.042800903 0.0
0.0 0.0 179.417068481 0.0
0.0 0.0 204.42326355 0.20964089036
0.0 0.0 210.538986206 0.515317857265
0.0 0.0 307.616027832 0.59453111887
240.348876953 1.0 595.33416748 0.674258768559
240.320648193 1.0 612.476196289 0.757458925247
242.669525146 1.0 615.692504883 0.914135098457
243.767318726 1.0 657.779724121 0.920468211174
247.885894775 1.0 684.02722168 0.916233062744
251.632888794 1.0 690.694213867 0.923282623291
253.006668091 1.0 672.558837891 0.932167232037
252.022415161 1.0 672.968933105 0.932813346386
251.043426514 1.0 701.658874512 0.932594239712
247.252075195 1.0 693.608886719 0.909381568432
238.280059814 1.0 725.722106934 0.873337268829
226.38710022 1.0 750.317077637 0.851301074028
216.829315186 1.0 784.83605957 0.859039843082
206.452957153 1.0 790.292175293 0.884847164154
199.208831787 1.0 814.78302002 0.900933384895
196.448699951 1.0 762.847839355 0.879698812962
196.319519043 1.0 753.149780273 0.850332736969
196.96635437 1.0 781.078430176 0.859652638435
201.646865845 1.0 818.953491211 0.909027338028
202.856674194 1.0 877.055725098 0.951244235039
204.493850708 1.0 935.552978516 0.961022853851
203.821762085 1.0 978.670288086 0.959284186363
201.727294922 1.0 980.252807617 0.961123347282
199.903564453 1.0 977.289001465 0.958086431026
198.716537476 1.0 961.725524902 0.954863369465
198.106582642 1.0 927.371398926 0.957765996456
197.95703125 1.0 926.592041016 0.954652488232
196.939193726 1.0 921.359741211 0.955343306065
198.030075073 1.0 925.290527344 0.951125741005
198.809020996 1.0 901.370178223 0.95516371727
199.258834839 1.0 869.042358398 0.956135392189
199.543258667 1.0 865.067260742 0.952043652534
199.278045654 1.0 822.527954102 0.952864468098
197.919830322 1.0 824.754699707 0.94945949316
197.647857666 1.0 794.809204102 0.947585523129
197.410400391 1.0 786.442077637 0.947825849056
197.232025146 1.0 765.3203125 0.943697094917
197.312240601 1.0 724.411560059 0.94516056776
197.579940796 1.0 712.789916992 0.936938822269
197.626647949 1.0 686.831054688 0.934240818024
197.258712769 1.0 676.742431641 0.933798372746
197.642929077 1.0 664.984741211 0.929762303829
198.593429565 1.0 655.776062012 0.925674319267
198.266082764 1.0 638.540161133 0.921149015427
200.478408813 1.0 635.00994873 0.90976369381
200.953903198 1.0 590.568664551 0.917090535164
198.350494385 1.0 568.048339844 0.90034455061
197.349456787 1.0 583.85357666 0.873239338398
191.835968018 1.0 551.531982422 0.826199293137
187.313461304 1.0 493.970947266 0.742326200008
187.135726929 1.0 465.382019043 0.570965707302
0.0 0.0 404.661499023 0.345098435879
0.0 0.0 315.532623291 0.0
0.0 0.0 444.648712158 0.0
0.0 0.0 375.197265625 0.0
0.0 0.0 283.478118896 0.0
0.0 0.0 341.630828857 0.0
0.0 0.0 225.247268677 0.0
0.0 0.0 196.557723999 0.286211818457
0.0 0.0 228.63369751 0.143024638295
0.0 0.0 209.013000488 0.434937387705
205.352935791 1.0 271.682342529 0.660556972027
204.691009521 1.0 561.690490723 0.709380924702
202.96005249 1.0 670.234619141 0.80595266819
199.292831421 1.0 650.543151855 0.852986216545
196.495346069 1.0 638.555114746 0.89477711916
196.345565796 1.0 623.866394043 0.901932060719
193.41633606 1.0 605.896728516 0.911770164967
192.925140381 1.0 611.853515625 0.916785478592
192.593597412 1.0 610.166320801 0.898461103439
185.937561035 1.0 627.194763184 0.874154984951
184.538711548 1.0 630.493225098 0.878534495831
181.669036865 1.0 630.498840332 0.786036789417
182.863433838 1.0 607.773620605 0.7034984231
183.558853149 1.0 473.509033203 0.459289371967
0.0 0.0 204.231781006 0.113722473383
0.0 0.0 198.975799561 0.107843071222
0.0 0.0 177.132202148 0.0720026493073
0.0 0.0 175.981521606 0.0981616824865
0.0 0.0 172.450592041 0.0987043976784
0.0 0.0 162.104415894 0.165117442608
0.0 0.0 185.055618286 0.660212218761
210.516204834 1.0 366.460021973 0.782703459263
210.001922607 1.0 639.880615234 0.859970986843
209.676589966 1.0 674.704650879 0.903180003166
208.373352051 1.0 678.906188965 0.919433772564
208.497940063 1.0 649.717590332 0.91703915596
208.198547363 1.0 654.561889648 0.918563067913
208.629425049 1.0 658.292358398 0.910019040108
208.857330322 1.0 652.953552246 0.908200025558
206.887496948 1.0 648.426025391 0.892638862133
199.379653931 1.0 662.869995117 0.847594797611
191.339416504 1.0 636.360229492 0.851403653622
187.305831909 1.0 625.552978516 0.830686569214
187.795166016 1.0 563.081787109 0.734979271889
197.429534912 1.0 372.956512451 0.361009687185
221.70526123 1.0 215.044143677 0.547964572906
220.191711426 1.0 353.448516846 0.743225455284
220.38293457 1.0 615.766540527 0.83581507206
214.716934204 1.0 675.424316406 0.901992082596
211.610717773 1.0 657.956848145 0.915665149689
207.128692627 1.0 667.022521973 0.907478988171
203.825439453 1.0 637.617858887 0.911988019943
201.848129272 1.0 661.406066895 0.922153413296
201.726837158 1.0 660.379821777 0.91445684433
201.825256348 1.0 632.488464355 0.910927593708
201.709869385 1.0 632.108520508 0.912837982178
201.410476685 1.0 636.656005859 0.920813083649
201.964248657 1.0 623.190795898 0.924453139305
202.747406006 1.0 625.167053223 0.915462017059
202.568878174 1.0 635.155578613 0.902969777584
202.184417725 1.0 617.959899902 0.888190865517
197.490020752 1.0 608.35345459 0.809941411018
196.356185913 1.0 594.306091309 0.741631448269
0.0 0.0 642.270324707 0.506710469723
0.0 0.0 624.206420898 0.361483424902
0.0 0.0 609.909484863 0.299758762121
0.0 0.0 438.461791992 0.432331770658
0.0 0.0 305.88293457 0.0
0.0 0.0 203.188537598 0.0
0.0 0.0 202.735305786 0.0
0.0 0.0 209.912231445 0.0
0.0 0.0 186.216659546 0.0
0.0 0.0 199.528839111 0.0682678222656
0.0 0.0 192.451095581 0.0944308340549
0.0 0.0 176.698532104 0.115802079439
0.0 0.0 198.93850708 0.124369286001
0.0 0.0 188.803909302 0.0824972689152
0.0 0.0 187.979370117 0.0781038627028
0.0 0.0 205.218429565 0.0929689481854
0.0 0.0 183.561477661 0.0757782831788
0.0 0.0 196.01020813 0.0914848595858
0.0 0.0 177.35295105 0.0627502501011
0.0 0.0 193.476867676 0.0743705630302
0.0 0.0 179.892822266 0.1030119434
0.0 0.0 178.818359375 0.481058001518
200.416229248 1.0 299.677520752 0.682338953018
199.760681152 1.0 496.297943115 0.80068731308
195.903518677 1.0 537.405151367 0.872642278671
192.891998291 1.0 562.989807129 0.856854438782
189.350143433 1.0 592.953125 0.873565495014
184.612045288 1.0 572.36541748 0.878113687038
182.998062134 1.0 583.944580078 0.897635757923
182.679550171 1.0 606.088562012 0.893117189407
181.690567017 1.0 628.198913574 0.874983608723
178.976547241 1.0 612.143920898 0.885864794254
176.981491089 1.0 620.66204834 0.88197183609
176.184951782 1.0 598.374145508 0.900343120098
175.705078125 1.0 608.01953125 0.909479081631
174.952819824 1.0 597.999084473 0.892077386379
173.353897095 1.0 638.641479492 0.888426303864
172.61390686 1.0 624.407409668 0.760567545891
174.068939209 1.0 635.838378906 0.562431752682
0.0 0.0 564.989990234 0.632889211178
0.0 0.0 403.640533447 0.697368383408
0.0 0.0 382.351837158 0.682080566883
0.0 0.0 413.493804932 0.547663986683
0.0 0.0 358.585540771 0.229922026396
0.0 0.0 316.110107422 0.244089916348
0.0 0.0 254.870819092 0.237809687853
0.0 0.0 390.640075684 0.191894844174
0.0 0.0 320.427154541 0.1549898386
0.0 0.0 326.581848145 0.123697131872
0.0 0.0 287.112030029 0.157316565514
0.0 0.0 227.417419434 0.170407727361
0.0 0.0 283.765838623 0.166281461716
0.0 0.0 187.285552979 0.0
0.0 0.0 189.351837158 0.0
0.0 0.0 255.067337036 0.0
0.0 0.0 215.22555542 0.0
0.0 0.0 208.270477295 0.0
0.0 0.0 207.898803711 0.135674491525
0.0 0.0 180.491622925 0.160073012114
0.0 0.0 185.358566284 0.0967157781124
0.0 0.0 178.85647583 0.0979827493429
0.0 0.0 182.623474121 0.107136771083
0.0 0.0 199.12689209 0.0
0.0 0.0 176.654800415 0.0
0.0 0.0 254.004501343 0.0
0.0 0.0 382.785705566 0.0
0.0 0.0 422.41595459 0.0
0.0 0.0 499.148223877 0.0
0.0 0.0 317.048614502 0.0
0.0 0.0 239.684661865 0.0
0.0 0.0 212.79397583 0.173131003976
0.0 0.0 169.444549561 0.105149909854
0.0 0.0 201.780456543 0.129138663411
0.0 0.0 183.828125 0.0
0.0 0.0 188.844711304 0.0
0.0 0.0 197.649780273 0.104080058634
0.0 0.0 180.429367065 0.0469236411154
0.0 0.0 183.077285767 0.0350443013012
0.0 0.0 183.066970825 0.110165342689
0.0 0.0 173.269775391 0.0381194613874
0.0 0.0 178.890869141 0.118303731084
0.0 0.0 182.473953247 0.0561125688255
0.0 0.0 190.89213562 0.0682981312275
0.0 0.0 173.736785889 0.0702642649412
0.0 0.0 169.099945068 0.0999007672071
0.0 0.0 169.829071045 0.0980498641729
0.0 0.0 173.145462036 0.034449685365
0.0 0.0 199.532791138 0.0628023147583
0.0 0.0 176.782226563 0.0775638818741
0.0 0.0 183.477249146 0.0473054870963
0.0 0.0 163.64630127 0.0
0.0 0.0 172.058563232 0.0572118423879
0.0 0.0 196.679077148 0.0566499121487
0.0 0.0 183.412841797 0.0762008056045
0.0 0.0 179.853256226 0.0629825592041
0.0 0.0 176.951629639 0.0601917356253
0.0 0.0 176.631820679 0.0829582065344
0.0 0.0 188.592315674 0.0839285925031
0.0 0.0 182.111602783 0.0750697031617
0.0 0.0 183.540374756 0.0556846223772
0.0 0.0 173.491210938 0.0675135329366
0.0 0.0 177.070831299 0.117535352707
0.0 0.0 179.566497803 0.197685450315
0.0 0.0 209.109344482 0.0
0.0 0.0 219.442276001 0.0
0.0 0.0 254.725402832 0.0
0.0 0.0 281.562469482 0.0
0.0 0.0 221.742767334 0.0
0.0 0.0 200.093841553 0.0
0.0 0.0 223.37449646 0.0
0.0 0.0 206.213363647 0.0
0.0 0.0 203.786605835 0.24567180872
0.0 0.0 196.687866211 0.180107876658
0.0 0.0 176.145843506 0.0771007910371
0.0 0.0 169.622833252 0.0524622350931
0.0 0.0 178.424880981 0.0832375138998
0.0 0.0 186.191452026 0.0930810049176
0.0 0.0 191.832901001 0.146601557732
0.0 0.0 204.961959839 0.0
0.0 0.0 193.571762085 0.0
0.0 0.0 182.864303589 0.0809588208795
0.0 0.0 174.551071167 0.0901579707861
0.0 0.0 201.27104187 0.156333014369
0.0 0.0 173.046615601 0.0973773375154
0.0 0.0 184.970748901 0.0509517230093
0.0 0.0 177.65171814 0.071427449584
0.0 0.0 170.439407349 0.0412473902106
0.0 0.0 178.188308716 0.0919764041901
0.0 0.0 178.084106445 0.0
0.0 0.0 201.604690552 0.0
0.0 0.0 325.671813965 0.0
0.0 0.0 486.635742188 0.0
0.0 0.0 563.93939209 0.0
0.0 0.0 529.729187012 0.0
0.0 0.0 420.8722229 0.0
0.0 0.0 292.475189209 0.0
0.0 0.0 219.984375 0.0
0.0 0.0 194.482833862 0.0957356020808
0.0 0.0 179.721679688 0.100912809372
0.0 0.0 177.574493408 0.0382715724409
0.0 0.0 170.118789673 0.037936065346
0.0 0.0 165.237182617 0.0620665326715
0.0 0.0 186.825576782 0.0635615512729
0.0 0.0 173.637542725 0.0787508264184
0.0 0.0 174.838378906 0.0966522097588
0.0 0.0 173.732269287 0.0761835500598
0.0 0.0 173.365890503 0.0742580592632
0.0 0.0 186.752471924 0.0854623839259
0.0 0.0 184.147399902 0.0778846517205
0.0 0.0 181.071914673 0.0421912372112
0.0 0.0 185.117630005 0.055100351572
0.0 0.0 175.514556885 0.0328505188227
0.0 0.0 192.785858154 0.017994934693
0.0 0.0 167.009765625 0.056803137064
0.0 0.0 171.859741211 0.0840150713921
0.0 0.0 176.757369995 0.0742656067014
0.0 0.0 175.323318481 0.0430534854531
0.0 0.0 188.966140747 0.116195224226
0.0 0.0 182.785324097 0.117131657898
0.0 0.0 178.234573364 0.0519236512482
0.0 0.0 171.213241577 0.0962085723877
0.0 0.0 178.75592041 0.0939775407314
0.0 0.0 198.479278564 0.067255795002
0.0 0.0 177.91065979 0.0596155710518
0.0 0.0 172.782531738 0.0790138691664
0.0 0.0 176.104248047 0.0466642454267
0.0 0.0 170.717407227 0.0606091618538
0.0 0.0 182.601394653 0.16384691
0.0 0.0 182.951263428 0.0
0.0 0.0 225.046768188 0.0
0.0 0.0 209.986923218 0.0
0.0 0.0 221.497497559 0.0
0.0 0.0 253.217941284 0.0
0.0 0.0 219.943954468 0.0
0.0 0.0 204.003097534 0.0
0.0 0.0 208.9324646 0.0
0.0 0.0 203.210708618 0.0
0.0 0.0 213.617660522 0.0
0.0 0.0 187.65184021 0.115986809134
0.0 0.0 183.426574707 0.113435909152
0.0 0.0 179.650863647 0.121162265539
0.0 0.0 180.910400391 0.114231146872
0.0 0.0 195.685821533 0.0838954076171
0.0 0.0 161.551513672 0.075593598187
0.0 0.0 172.47869873 0.101766295731
0.0 0.0 173.418319702 0.0784030333161
0.0 0.0 169.884033203 0.0428152158856
0.0 0.0 181.234985352 0.055414263159
0.0 0.0 162.637664795 0.117053553462
0.0 0.0 160.352371216 0.0794441923499
0.0 0.0 149.46572876 0.0770244821906
0.0 0.0 165.315551758 0.0912157297134
0.0 0.0 174.397705078 0.108442828059
0.0 0.0 172.734939575 0.0607688315213
0.0 0.0 185.304794312 0.172782942653
0.0 0.0 182.084533691 0.0
0.0 0.0 276.091339111 0.0
0.0 0.0 430.518493652 0.0
0.0 0.0 542.624267578 0.0
0.0 0.0 569.849182129 0.0
0.0 0.0 467.919311523 0.0
0.0 0.0 327.791656494 0.0
0.0 0.0 269.514556885 0.0
0.0 0.0 218.013504028 0.232131555676
0.0 0.0 211.000320435 0.129862457514
0.0 0.0 176.479064941 0.0717543438077
0.0 0.0 183.285934448 0.092037320137
0.0 0.0 193.556152344 0.0753533095121
0.0 0.0 183.199203491 0.0907096862793
0.0 0.0 172.640563965 0.0673660412431
0.0 0.0 180.140289307 0.137486159801
0.0 0.0 168.129470825 0.174055933952
0.0 0.0 189.697174072 0.10688970238
0.0 0.0 175.85736084 0.103395052254
0.0 0.0 176.719223022 0.116869784892
0.0 0.0 178.049209595 0.0714412629604
0.0 0.0 173.064666748 0.150150209665
0.0 0.0 186.677642822 0.078069254756
