0.0 0.0 0.0 0.195167869329
0.0 0.0 53.9256210327 0.16977994144
0.0 0.0 57.0343093872 0.194176539779
0.0 0.0 50.9733886719 0.144603475928
0.0 0.0 54.6778488159 0.125578939915
0.0 0.0 52.0808105469 0.0831681787968
0.0 0.0 50.4164581299 0.0690245255828
0.0 0.0 51.1400794983 0.130899772048
0.0 0.0 49.0635795593 0.11410266906
0.0 0.0 53.6099357605 0.0644516870379
0.0 0.0 48.0604553223 0.0713716447353
0.0 0.0 46.5110244751 0.0452823638916
0.0 0.0 47.4569816589 0.0443130619824
0.0 0.0 47.4194335938 0.0306356716901
0.0 0.0 51.0134658813 0.0628498718143
0.0 0.0 52.2961082458 0.0872121751308
0.0 0.0 50.5111923218 0.0844009295106
0.0 0.0 49.6010360718 0.149370491505
0.0 0.0 54.3058280945 0.167064204812
0.0 0.0 50.7276725769 0.245638698339
0.0 0.0 49.9271278381 0.0
0.0 0.0 64.1959915161 0.0
0.0 0.0 62.9645309448 0.0
0.0 0.0 74.6838607788 0.0
0.0 0.0 60.5800056458 0.0
0.0 0.0 59.7769737244 0.159773409367
0.0 0.0 50.5545310974 0.0613749995828
0.0 0.0 48.8349075317 0.04641142115
0.0 0.0 46.9552497864 0.0602459236979
0.0 0.0 53.2929458618 0.116081267595
0.0 0.0 52.8741912842 0.0914795845747
0.0 0.0 51.8473968506 0.0730816945434
0.0 0.0 48.4565162659 0.101346991956
0.0 0.0 49.919921875 0.0869107469916
0.0 0.0 49.4710769653 0.0757742673159
0.0 0.0 51.8628501892 0.105913586915
0.0 0.0 53.0719871521 0.119595348835
0.0 0.0 48.2828674316 0.0704862102866
0.0 0.0 49.8692436218 0.0903920456767
0.0 0.0 54.1720657349 0.0707988068461
0.0 0.0 50.069984436 0.0614444725215
0.0 0.0 48.96616745 0.0536000542343
0.0 0.0 49.9717521667 0.0937829762697
0.0 0.0 48.4810676575 0.0909529402852
0.0 0.0 45.8173294067 0.10275619477
0.0 0.0 46.253742218 0.127010002732
0.0 0.0 49.2823867798 0.0439482964575
0.0 0.0 49.0041046143 0.0810461044312
0.0 0.0 45.2753105164 0.0666951686144
0.0 0.0 51.5665588379 0.0453107506037
0.0 0.0 50.3177032471 0.0818445533514
0.0 0.0 45.7880554199 0.068142592907
0.0 0.0 47.0153770447 0.0444043539464
0.0 0.0 50.6089820862 0.0584940835834
0.0 0.0 47.7224311829 0.0770946517587
0.0 0.0 48.0973510742 0.0516555868089
0.0 0.0 47.5053977966 0.0813165530562
0.0 0.0 48.2056388855 0.0520587861538
0.0 0.0 47.2594490051 0.0
0.0 0.0 54.3813362122 0.0786933004856
0.0 0.0 52.006111145 0.0679643526673
0.0 0.0 45.4122848511 0.0800629407167
0.0 0.0 45.6350593567 0.10454506427
0.0 0.0 48.2593688965 0.0754759535193
0.0 0.0 49.0723953247 0.0871384963393
0.0 0.0 48.0278930664 0.0780207812786
0.0 0.0 47.5294342041 0.072999343276
0.0 0.0 45.6499061584 0.0465247221291
0.0 0.0 48.2520751953 0.0930426344275
0.0 0.0 53.0672836304 0.0970437377691
0.0 0.0 48.0458717346 0.0816650092602
0.0 0.0 53.7396392822 0.128507480025
0.0 0.0 48.3586654663 0.0474702268839
0.0 0.0 47.7261047363 0.0920694023371
0.0 0.0 52.620464325 0.159196436405
0.0 0.0 50.0606117249 0.0973350331187
0.0 0.0 55.6785202026 0.183283239603
0.0 0.0 48.7852401733 0.115925334394
0.0 0.0 50.8798027039 0.102509565651
0.0 0.0 51.1414756775 0.0994479805231
0.0 0.0 47.5141525269 0.0627561286092
0.0 0.0 49.8209648132 0.0706868618727
0.0 0.0 50.0581703186 0.0537119060755
0.0 0.0 51.5065307617 0.077225625515
0.0 0.0 48.7203826904 0.119269810617
0.0 0.0 50.9344444275 0.0287155210972
0.0 0.0 50.3050537109 0.0263868756592
0.0 0.0 49.362323761 0.0902803838253
0.0 0.0 46.5416564941 0.0519247576594
0.0 0.0 53.5258331299 0.0903735458851
0.0 0.0 49.8949241638 0.0870721712708
0.0 0.0 49.1066665649 0.0791443958879
0.0 0.0 48.1972961426 0.107081860304
0.0 0.0 45.0761985779 0.0931849107146
0.0 0.0 57.1286697388 0.0
0.0 0.0 56.0284881592 0.0
0.0 0.0 49.7322654724 0.0898496583104
0.0 0.0 49.6483192444 0.298478990793
0.0 0.0 54.0649757385 0.0
0.0 0.0 73.7263870239 0.0
0.0 0.0 62.5291595459 0.0
0.0 0.0 71.4606018066 0.184835195541
0.0 0.0 52.3981971741 0.0
0.0 0.0 49.8446578979 0.111166812479
0.0 0.0 53.638874054 0.18746432662
0.0 0.0 48.0959968567 0.0974934697151
0.0 0.0 51.6316299438 0.0984001904726
0.0 0.0 48.7265853882 0.0956735312939
0.0 0.0 47.532409668 0.0604686737061
0.0 0.0 49.9466590881 0.0475275330245
0.0 0.0 52.0533447266 0.10155736655
0.0 0.0 52.6117477417 0.0732539370656
0.0 0.0 49.1668777466 0.0909089669585
0.0 0.0 49.0786972046 0.099102973938
0.0 0.0 52.4407958984 0.105542302132
0.0 0.0 47.1576805115 0.108002014458
0.0 0.0 48.3033370972 0.0959444791079
0.0 0.0 48.2898025513 0.0911089926958
0.0 0.0 45.6225700378 0.0775720626116
0.0 0.0 51.1991233826 0.0776568576694
0.0 0.0 47.4827575684 0.100106738508
0.0 0.0 51.6226921082 0.117668114603
0.0 0.0 49.9695320129 0.139620557427
0.0 0.0 46.7769432068 0.136451378465
0.0 0.0 52.6260604858 0.124453686178
0.0 0.0 49.2285118103 0.0995711907744
0.0 0.0 49.9871139526 0.115381874144
0.0 0.0 52.2617950439 0.144300416112
0.0 0.0 50.3571472168 0.133703410625
0.0 0.0 53.9963684082 0.192051395774
0.0 0.0 50.9308052063 0.178660154343
0.0 0.0 56.9505882263 0.208394914865
0.0 0.0 50.8622932434 0.114687174559
0.0 0.0 47.1310691833 0.11604462564
0.0 0.0 46.3971748352 0.0771193802357
0.0 0.0 43.976726532 0.0816948711872
0.0 0.0 46.9591636658 0.0694385096431
0.0 0.0 48.4346427917 0.0978186056018
0.0 0.0 45.7634277344 0.0832665115595
0.0 0.0 46.5001945496 0.0784572958946
0.0 0.0 47.8621025085 0.028882779181
0.0 0.0 47.109085083 0.0901260003448
0.0 0.0 47.7848205566 0.0851671099663
0.0 0.0 46.9877624512 0.0
0.0 0.0 58.3565788269 0.0
0.0 0.0 64.5792541504 0.0
0.0 0.0 64.1618423462 0.0
0.0 0.0 61.333656311 0.282145231962
0.0 0.0 55.3465156555 0.18902207911
0.0 0.0 51.672252655 0.1463419348
0.0 0.0 48.2164726257 0.122801564634
0.0 0.0 49.550201416 0.080966360867
0.0 0.0 49.0508766174 0.128068521619
0.0 0.0 46.4242897034 0.109343513846
0.0 0.0 49.111328125 0.153554096818
0.0 0.0 43.21900177 0.116361364722
0.0 0.0 38.2381858826 0.0860002785921
0.0 0.0 42.2325439453 0.102453887463
0.0 0.0 41.5841560364 0.103646457195
0.0 0.0 38.0398101807 0.0776650458574
0.0 0.0 38.2232513428 0.107953503728
0.0 0.0 37.0945587158 0.0654776617885
0.0 0.0 36.9274215698 0.13731315732
0.0 0.0 39.3394927979 0.100655786693
0.0 0.0 50.4978561401 0.242499619722
0.0 0.0 38.9992141724 0.168834805489
0.0 0.0 39.9847183228 0.107948340476
0.0 0.0 39.1637229919 0.0676872134209
0.0 0.0 37.7303161621 0.0
0.0 0.0 44.1693687439 0.0
0.0 0.0 54.5449180603 0.0
0.0 0.0 51.2074356079 0.0
0.0 0.0 50.3939628601 0.0
0.0 0.0 41.7651634216 0.164674654603
0.0 0.0 43.1314964294 0.256816864014
0.0 0.0 50.2512741089 0.364939153194
0.0 0.0 53.570098877 0.0
0.0 0.0 55.9942169189 0.316008865833
0.0 0.0 48.2192611694 0.0
0.0 0.0 55.3919868469 0.298811793327
0.0 0.0 52.1641464233 0.0
0.0 0.0 50.6041717529 0.197502613068
0.0 0.0 43.8750267029 0.113501667976
0.0 0.0 45.8372039795 0.140372648835
0.0 0.0 48.015537262 0.111189745367
0.0 0.0 47.0460357666 0.086765550077
0.0 0.0 45.000202179 0.0949790477753
0.0 0.0 46.3719520569 0.0641348287463
0.0 0.0 48.7752380371 0.075824894011
0.0 0.0 54.7820549011 0.0816905200481
0.0 0.0 49.001701355 0.0992613956332
0.0 0.0 50.4702377319 0.0966806560755
0.0 0.0 51.2444534302 0.138773664832
0.0 0.0 45.6525268555 0.0745609924197
0.0 0.0 55.7101669312 0.0677620321512
0.0 0.0 46.7237014771 0.0606712885201
0.0 0.0 47.7283172607 0.0690806955099
0.0 0.0 51.2325019836 0.113942742348
0.0 0.0 49.6953582764 0.102367728949
0.0 0.0 49.4606132507 0.0798141360283
0.0 0.0 52.516204834 0.120023280382
0.0 0.0 52.173374176 0.100842610002
0.0 0.0 50.8682441711 0.0581263191998
0.0 0.0 47.1749763489 0.107499890029
0.0 0.0 49.5462722778 0.0923319682479
0.0 0.0 46.1871604919 0.0888094007969
0.0 0.0 43.3847694397 0.087323769927
0.0 0.0 48.1502342224 0.051692891866
0.0 0.0 48.3595809937 0.0379125513136
0.0 0.0 57.9829444885 0.0679252594709
0.0 0.0 48.6046180725 0.0484088622034
0.0 0.0 48.0695075989 0.0839330628514
0.0 0.0 46.5387954712 0.0937242656946
0.0 0.0 44.2899284363 0.0680988281965
0.0 0.0 51.9303016663 0.112641505897
0.0 0.0 48.8248786926 0.0747666582465
0.0 0.0 47.5738983154 0.107658900321
0.0 0.0 47.157913208 0.106053449214
0.0 0.0 48.0151977539 0.109587728977
0.0 0.0 50.8136520386 0.118706457317
0.0 0.0 48.7931251526 0.121194012463
0.0 0.0 49.7677726746 0.114049531519
0.0 0.0 50.1340827942 0.0775679647923
0.0 0.0 51.2748565674 0.102845497429
0.0 0.0 54.9320068359 0.180381700397
0.0 0.0 54.5997238159 0.185495004058
0.0 0.0 56.0150375366 0.272545397282
0.0 0.0 54.1907272339 0.161531373858
0.0 0.0 55.9509468079 0.191703617573
0.0 0.0 54.0672035217 0.0771787017584
0.0 0.0 56.0823783875 0.117048323154
0.0 0.0 49.2365989685 0.0720447674394
0.0 0.0 48.9404907227 0.163126677275
0.0 0.0 46.8365859985 0.117927007377
0.0 0.0 47.1731109619 0.0667826011777
0.0 0.0 48.0301322937 0.0876397043467
0.0 0.0 48.911075592 0.0476549006999
0.0 0.0 47.0018692017 0.0462860129774
0.0 0.0 46.9051361084 0.0
0.0 0.0 48.8303146362 0.0709732100368
0.0 0.0 47.3527526855 0.119825348258
0.0 0.0 49.6124038696 0.120318286121
0.0 0.0 51.2667770386 0.0867239907384
0.0 0.0 50.3713760376 0.263175398111
0.0 0.0 53.8352851868 0.0
0.0 0.0 67.1541824341 0.0
0.0 0.0 54.0278587341 0.0
0.0 0.0 51.1037139893 0.194031149149
0.0 0.0 51.6836357117 0.0
0.0 0.0 57.6289405823 0.0
0.0 0.0 58.6032371521 0.0
0.0 0.0 49.2255020142 0.0780965387821
0.0 0.0 50.3476486206 0.10595985502
0.0 0.0 52.6828575134 0.126860767603
0.0 0.0 54.9300193787 0.0971118360758
0.0 0.0 53.4461555481 0.0884625464678
0.0 0.0 51.2426834106 0.160389646888
0.0 0.0 52.7778015137 0.203186973929
0.0 0.0 52.5182571411 0.0
0.0 0.0 57.308883667 0.0
0.0 0.0 57.1823997498 0.0
0.0 0.0 53.764541626 0.0
0.0 0.0 75.1775436401 0.0
0.0 0.0 59.8316917419 0.0
0.0 0.0 63.1454925537 0.145532950759
0.0 0.0 49.7862205505 0.177090555429
0.0 0.0 47.2971839905 0.169548049569
0.0 0.0 60.525806427 0.169373363256
0.0 0.0 60.8991851807 0.0
0.0 0.0 63.767490387 0.0
0.0 0.0 220.747344971 0.0
0.0 0.0 293.790771484 0.0
0.0 0.0 168.224914551 0.255020737648
0.0 0.0 188.113967896 0.0
0.0 0.0 116.536407471 0.0
0.0 0.0 114.534751892 0.0
0.0 0.0 64.9998703003 0.0
0.0 0.0 68.8351669312 0.389335662127
0.0 0.0 71.1234817505 0.0
117.640312195 1.0 146.450469971 0.722443401814
119.490486145 1.0 282.028198242 0.87033367157
121.267295837 1.0 475.068725586 0.966846108437
125.179206848 1.0 601.344421387 0.95592713356
127.417938232 1.0 701.620239258 0.961570620537
132.088195801 1.0 746.678283691 0.964990139008
135.563201904 1.0 789.925598145 0.934477746487
141.887741089 1.0 824.236022949 0.913691341877
147.186264038 1.0 847.763305664 0.907915771008
153.241271973 1.0 846.018676758 0.925104081631
157.287490845 1.0 781.313903809 0.929895401001
163.543319702 1.0 585.709350586 0.94491314888
168.883560181 1.0 311.259002686 0.924529850483
178.394821167 1.0 150.572906494 0.94066542387
181.517623901 1.0 94.9895782471 0.94999730587
181.728057861 1.0 67.4752120972 0.883421778679
177.749557495 1.0 53.6741294861 0.819435477257
163.185379028 1.0 32.6521873474 0.770737051964
0.0 0.0 10.7456979752 0.612238109112
0.0 0.0 15.5781517029 0.238055080175
0.0 0.0 18.6194229126 0.0
0.0 0.0 15.6123027802 0.0
0.0 0.0 9.81995296478 0.0
0.0 0.0 26.0276641846 0.0
0.0 0.0 40.1881217957 0.268334209919
165.649154663 1.0 28.85090065 0.76511657238
163.438812256 1.0 139.213287354 0.873239576817
159.940155029 1.0 324.481262207 0.932769656181
157.760665894 1.0 414.262268066 0.967136323452
155.168807983 1.0 472.114379883 0.982843101025
153.088638306 1.0 494.116119385 0.988473951817
151.991973877 1.0 490.371948242 0.984367966652
149.834640503 1.0 461.156707764 0.979671239853
146.884063721 1.0 443.422851563 0.975537419319
144.159957886 1.0 453.356750488 0.968367934227
138.740432739 1.0 481.049194336 0.913225769997
131.526321411 1.0 509.137237549 0.899071216583
126.995330811 1.0 575.301757813 0.940828561783
125.522880554 1.0 642.899230957 0.967471599579
124.54598999 1.0 692.182373047 0.975748717785
123.811523438 1.0 782.98059082 0.962437391281
121.931343079 1.0 871.508728027 0.952146112919
120.058433533 1.0 952.071411133 0.956870675087
118.298065186 1.0 1042.26916504 0.968034088612
117.919891357 1.0 1057.08532715 0.976707220078
118.0210495 1.0 1104.36486816 0.991423726082
118.300300598 1.0 1124.8560791 0.993461847305
118.807098389 1.0 1132.14331055 0.997079670429
119.168869019 1.0 1144.02770996 0.99662810564
119.557853699 1.0 1143.35058594 0.996079802513
120.056228638 1.0 1140.47741699 0.996771037579
120.05557251 1.0 1129.52453613 0.996576368809
120.058082581 1.0 1122.6541748 0.996910333633
119.656219482 1.0 1118.3326416 0.995486915112
118.610710144 1.0 1090.1151123 0.981690585613
116.11479187 1.0 1071.78100586 0.939471900463
112.808479309 1.0 1026.13085938 0.801177144051
108.720252991 1.0 980.591369629 0.737343609333
96.6880493164 1.0 903.058044434 0.714757740498
100.105072021 1.0 506.502227783 0.666629970074
0.0 0.0 194.300170898 0.0
0.0 0.0 97.4900741577 0.0
0.0 0.0 79.6365432739 0.270583987236
0.0 0.0 101.766494751 0.678503274918
109.576431274 1.0 396.681915283 0.820117652416
108.691566467 1.0 925.864379883 0.90108025074
107.858413696 1.0 1078.40856934 0.986570119858
107.933479309 1.0 1157.43530273 0.993708670139
108.842330933 1.0 1212.53283691 0.992877364159
109.99118042 1.0 1245.98791504 0.994700312614
111.210777283 1.0 1269.88256836 0.993014037609
113.72743988 1.0 1294.90087891 0.980890035629
116.783531189 1.0 1298.51733398 0.964204132557
120.186820984 1.0 1256.5657959 0.956523001194
123.866508484 1.0 1212.15795898 0.961135685444
128.056991577 1.0 1155.36047363 0.940874874592
133.295257568 1.0 1077.55725098 0.961298346519
137.111312866 1.0 1012.64929199 0.953112363815
141.937530518 1.0 999.369934082 0.959267497063
145.234970093 1.0 973.401489258 0.977698385715
149.049255371 1.0 929.947570801 0.980782866478
151.079696655 1.0 873.768127441 0.984150886536
153.368515015 1.0 777.265625 0.988947153091
154.408905029 1.0 685.013977051 0.991833388805
155.221847534 1.0 618.393066406 0.992335438728
155.350662231 1.0 553.027893066 0.989758372307
155.056884766 1.0 487.457336426 0.98050558567
153.665328979 1.0 448.521575928 0.950626373291
152.314422607 1.0 394.410919189 0.878712594509
145.570602417 1.0 308.042694092 0.824060320854
138.129562378 1.0 165.33744812 0.853803932667
0.0 0.0 38.8437042236 0.212504819036
0.0 0.0 27.6285800934 0.0
0.0 0.0 27.6805648804 0.0
0.0 0.0 36.9082565308 0.0
0.0 0.0 73.9644470215 0.0
0.0 0.0 91.2052307129 0.0
0.0 0.0 63.5334625244 0.0
0.0 0.0 109.337730408 0.0
0.0 0.0 94.9789810181 0.0
0.0 0.0 63.2990646362 0.0
0.0 0.0 71.3868408203 0.0
0.0 0.0 169.870315552 0.0
0.0 0.0 307.108154297 0.0
0.0 0.0 183.03994751 0.0
0.0 0.0 331.865692139 0.568013608456
127.02620697 1.0 523.819824219 0.716663002968
126.034751892 1.0 1186.66027832 0.80604416132
125.183456421 1.0 1319.26611328 0.98875772953
125.012229919 1.0 1328.6204834 0.996359884739
125.303947449 1.0 1370.83959961 0.993900418282
124.183334351 1.0 1405.82458496 0.987703025341
122.654258728 1.0 1447.61120605 0.985484004021
121.703857422 1.0 1492.0534668 0.998018205166
121.442962646 1.0 1519.84973145 0.998054623604
121.100921631 1.0 1533.52258301 0.996813118458
119.889312744 1.0 1540.63525391 0.993439018726
117.989845276 1.0 1547.40258789 0.986514270306
116.022964478 1.0 1558.97058105 0.98338085413
113.972076416 1.0 1555.42456055 0.981736719608
111.603340149 1.0 1490.03027344 0.972473621368
108.265113831 1.0 1362.54211426 0.966306865215
104.247131348 1.0 1297.04431152 0.981221556664
101.708297729 1.0 1260.16296387 0.985493838787
99.8595428467 1.0 1201.24243164 0.989390075207
98.6932373047 1.0 1155.97729492 0.994309425354
98.4188461304 1.0 1090.66760254 0.9929240942
98.0019607544 1.0 1016.03295898 0.983602285385
97.3188095093 1.0 961.824401855 0.967375457287
96.3852615356 1.0 831.053710938 0.921494066715
100.040512085 1.0 579.879577637 0.757044970989
103.408638 1.0 397.394836426 0.622885107994
0.0 0.0 285.364044189 0.44223088026
0.0 0.0 340.758636475 0.28593480587
0.0 0.0 125.471931458 0.222054511309
0.0 0.0 86.8253555298 0.0
0.0 0.0 72.323425293 0.0
0.0 0.0 181.034332275 0.658093869686
104.560012817 1.0 367.043395996 0.733182966709
103.238250732 1.0 698.451721191 0.895176112652
99.6153182983 1.0 781.163391113 0.908221781254
98.6639862061 1.0 976.314880371 0.724295973778
96.0642929077 1.0 1031.4375 0.608665108681
0.0 0.0 692.485839844 0.0
0.0 0.0 212.669784546 0.0
0.0 0.0 256.200744629 0.0
0.0 0.0 176.497528076 0.0
0.0 0.0 154.4190979 0.0
0.0 0.0 100.992584229 0.0
0.0 0.0 106.209922791 0.0
0.0 0.0 77.3103561401 0.0
0.0 0.0 48.9522399902 0.219128474593
0.0 0.0 51.1838531494 0.341323167086
0.0 0.0 65.6167526245 0.643903136253
110.555648804 1.0 165.880065918 0.674795091152
107.399269104 1.0 713.80078125 0.764223098755
105.225845337 1.0 938.000732422 0.952500760555
102.773284912 1.0 957.405822754 0.986903309822
101.711990356 1.0 938.030090332 0.994903445244
101.422103882 1.0 877.016967773 0.995463788509
101.397010803 1.0 827.383544922 0.995875060558
100.960899353 1.0 797.743835449 0.992829680443
99.9625549316 1.0 799.747619629 0.992546439171
98.5881881714 1.0 832.340759277 0.991890490055
97.7466506958 1.0 841.479614258 0.993871152401
97.0364685059 1.0 839.085083008 0.993340134621
96.7628555298 1.0 808.848266602 0.99244004488
96.0076828003 1.0 769.563781738 0.977394282818
95.1730499268 1.0 707.34967041 0.889436900616
94.6930923462 1.0 645.49420166 0.765002012253
95.7115325928 1.0 574.843811035 0.428028672934
0.0 0.0 225.934356689 0.627590000629
0.0 0.0 207.459030151 0.34409725666
0.0 0.0 109.203674316 0.0
0.0 0.0 72.5672988892 0.0
0.0 0.0 85.5267028809 0.0
0.0 0.0 58.8350372314 0.0
0.0 0.0 89.6127166748 0.0
0.0 0.0 51.5244102478 0.0
0.0 0.0 20.4836120605 0.0
0.0 0.0 27.5542221069 0.328952282667
0.0 0.0 24.5468940735 0.140653267503
0.0 0.0 36.962978363 0.152599483728
0.0 0.0 43.5181770325 0.0
0.0 0.0 54.3576850891 0.0
0.0 0.0 70.6377792358 0.0
0.0 0.0 98.5251617432 0.0
0.0 0.0 107.111656189 0.699258744717
0.0 0.0 155.045684814 0.603067576885
107.084732056 1.0 508.141235352 0.756609261036
106.181488037 1.0 876.709655762 0.969258368015
105.869033813 1.0 877.65826416 0.993363618851
106.76007843 1.0 853.742736816 0.983859360218
108.582748413 1.0 842.038024902 0.982758462429
110.000953674 1.0 819.663085938 0.982768654823
110.846473694 1.0 773.713012695 0.981922984123
111.576049805 1.0 741.244812012 0.977487802505
111.881896973 1.0 717.465393066 0.977316141129
114.682319641 1.0 684.508544922 0.933950841427
115.345222473 1.0 692.229736328 0.904202103615
118.106414795 1.0 654.014709473 0.866474330425
112.069450378 1.0 552.371337891 0.87849932909
109.437774658 1.0 257.119812012 0.722915410995
0.0 0.0 72.4464187622 0.561951816082
0.0 0.0 56.8141021729 0.0
0.0 0.0 38.6755371094 0.0
0.0 0.0 14.7028665543 0.0
0.0 0.0 13.2664957047 0.215602353215
0.0 0.0 13.672326088 0.188586592674
0.0 0.0 12.521736145 0.353540301323
0.0 0.0 11.3500242233 0.0
0.0 0.0 12.5513153076 0.149692639709
0.0 0.0 11.8799753189 0.139288887382
0.0 0.0 13.4470405579 0.122751265764
0.0 0.0 14.0277404785 0.129597514868
0.0 0.0 16.1392993927 0.205289408565
0.0 0.0 18.1930103302 0.179090514779
0.0 0.0 17.722486496 0.185870483518
0.0 0.0 15.5981006622 0.0861845463514
0.0 0.0 13.6658744812 0.0828865617514
0.0 0.0 13.1448478699 0.100039318204
0.0 0.0 13.9366569519 0.135776147246
0.0 0.0 13.5664100647 0.129659757018
0.0 0.0 14.4872169495 0.0996272936463
0.0 0.0 12.1816997528 0.119282945991
0.0 0.0 11.659409523 0.088768184185
0.0 0.0 11.0717420578 0.110306218266
0.0 0.0 9.9152135849 0.103503637016
0.0 0.0 9.5086479187 0.0818247646093
0.0 0.0 8.05101013184 0.102720603347
0.0 0.0 7.87126064301 0.0931446999311
0.0 0.0 7.41014051437 0.0578242875636
0.0 0.0 6.5539226532 0.0761354640126
0.0 0.0 6.85398101807 0.0496983490884
0.0 0.0 7.20206165314 0.078111499548
0.0 0.0 7.58617210388 0.0565489120781
0.0 0.0 7.3227314949 0.0805256441236
0.0 0.0 7.67223930359 0.0
0.0 0.0 8.93297386169 0.0
0.0 0.0 8.98139095306 0.0
0.0 0.0 11.1393651962 0.204891189933
0.0 0.0 12.3228902817 0.201148435473
0.0 0.0 12.9838104248 0.227892845869
0.0 0.0 14.0215034485 0.14516453445
0.0 0.0 15.6276960373 0.150360807776
0.0 0.0 15.2240133286 0.0591348037124
0.0 0.0 15.5658769608 0.153156593442
0.0 0.0 17.0316295624 0.134519338608
0.0 0.0 22.7907829285 0.251753538847
0.0 0.0 21.6342601776 0.17914506793
0.0 0.0 28.0585517883 0.216274127364
0.0 0.0 31.5737171173 0.0
0.0 0.0 31.0587768555 0.201386332512
0.0 0.0 32.8003540039 0.0
0.0 0.0 31.1138114929 0.0882072746754
0.0 0.0 33.3743972778 0.116651102901
0.0 0.0 34.1543159485 0.062527500093
0.0 0.0 36.5679855347 0.0695852190256
0.0 0.0 38.2407341003 0.0848104283214
0.0 0.0 39.6111526489 0.101992413402
0.0 0.0 44.6765975952 0.0979108288884
0.0 0.0 47.4701652527 0.115273736417
0.0 0.0 45.9375839233 0.10667899251
0.0 0.0 49.1525230408 0.134416490793
0.0 0.0 50.7715988159 0.135025247931
0.0 0.0 50.7011413574 0.10255549103
0.0 0.0 50.4698677063 0.0724437385798
0.0 0.0 45.7902603149 0.0868306010962
0.0 0.0 50.8591651917 0.106084540486
0.0 0.0 52.7880744934 0.142169877887
0.0 0.0 57.1487236023 0.140546545386
0.0 0.0 53.2618522644 0.10098901391
0.0 0.0 51.0802230835 0.109699852765
0.0 0.0 52.7300224304 0.0862291678786
0.0 0.0 45.133731842 0.114034183323
0.0 0.0 49.7032241821 0.0964350476861
0.0 0.0 45.7662887573 0.0626931115985
0.0 0.0 45.6502418518 0.05976196751
0.0 0.0 47.2552261353 0.0807761251926
0.0 0.0 47.5179977417 0.0666464194655
0.0 0.0 50.0863075256 0.0813104063272
0.0 0.0 46.2399978638 0.0543318465352
0.0 0.0 42.3647041321 0.0989807099104
0.0 0.0 46.9380836487 0.109487332404
0.0 0.0 46.3805236816 0.0942097306252
0.0 0.0 52.6969871521 0.0804899707437
0.0 0.0 50.6511726379 0.160908907652
0.0 0.0 45.4589233398 0.233919009566
0.0 0.0 57.3980522156 0.0
0.0 0.0 58.3836288452 0.0988330319524
0.0 0.0 56.5120010376 0.0954008325934
0.0 0.0 51.3614692688 0.08498788625
0.0 0.0 46.2964553833 0.0745897516608
0.0 0.0 52.2173576355 0.0985366776586
0.0 0.0 50.7500228882 0.0886528939009
0.0 0.0 51.4998588562 0.0629545301199
0.0 0.0 46.6882476807 0.0637129470706
0.0 0.0 45.1680831909 0.0682549700141
0.0 0.0 49.3356056213 0.0799499005079
0.0 0.0 49.2549629211 0.105660110712
0.0 0.0 54.0120162964 0.0514215119183
0.0 0.0 49.2247428894 0.0629810094833
0.0 0.0 48.4544448853 0.064256541431
0.0 0.0 49.7306785583 0.0859791189432
0.0 0.0 48.9173583984 0.113098859787
0.0 0.0 51.0463905334 0.065183930099
0.0 0.0 45.1118087769 0.0728438645601
0.0 0.0 45.1494064331 0.0700657218695
0.0 0.0 47.1295471191 0.0512925088406
0.0 0.0 47.9485588074 0.0756408423185
0.0 0.0 49.8649406433 0.133998319507
0.0 0.0 50.3791236877 0.0743404403329
0.0 0.0 48.6856575012 0.102986991405
0.0 0.0 49.9008178711 0.0708751827478
0.0 0.0 46.5097045898 0.106761552393
0.0 0.0 53.1750335693 0.117586575449
0.0 0.0 53.5467300415 0.118427410722
0.0 0.0 50.4312858582 0.080536134541
0.0 0.0 46.7446937561 0.106852442026
0.0 0.0 43.7984428406 0.116127684712
0.0 0.0 48.1833343506 0.0699288621545
0.0 0.0 47.8811950684 0.0977336317301
0.0 0.0 47.7136650085 0.0942453667521
0.0 0.0 48.3440246582 0.0815167427063
0.0 0.0 47.0807914734 0.0879190862179
0.0 0.0 49.7059822083 0.101249180734
0.0 0.0 46.6865997314 0.0862067043781
0.0 0.0 44.6242218018 0.0785203650594
0.0 0.0 52.5095672607 0.0771143361926
0.0 0.0 48.8526268005 0.0832378789783
0.0 0.0 50.0358543396 0.0662444457412
0.0 0.0 48.8661994934 0.0703745856881
0.0 0.0 43.909122467 0.061630833894
0.0 0.0 48.1294708252 0.0794853493571
0.0 0.0 50.9424247742 0.0253773648292
0.0 0.0 53.7235870361 0.0740556269884
0.0 0.0 47.7851600647 0.0686389356852
0.0 0.0 45.9441490173 0.0665619596839
0.0 0.0 53.1999168396 0.100215129554
0.0 0.0 48.2409706116 0.0564225614071
0.0 0.0 49.4556121826 0.111584939063
0.0 0.0 50.586063385 0.0333092771471
0.0 0.0 48.4454689026 0.070091098547
0.0 0.0 49.6468544006 0.0934783667326
0.0 0.0 48.4769935608 0.0761645585299
0.0 0.0 52.0308418274 0.0734620764852
0.0 0.0 47.139339447 0.0817677304149
0.0 0.0 42.5178718567 0.0738215073943
0.0 0.0 48.5817222595 0.0965039655566
0.0 0.0 47.0663795471 0.0885230600834
0.0 0.0 52.6274795532 0.0687520578504
0.0 0.0 48.9216194153 0.0705631747842
0.0 0.0 45.3474502563 0.0740249454975
0.0 0.0 51.413433075 0.098826944828
0.0 0.0 48.1061401367 0.0918341726065
0.0 0.0 54.7012176514 0.104148864746
0.0 0.0 50.7613716125 0.0829270705581
0.0 0.0 48.3639259338 0.124327450991
0.0 0.0 49.4021186829 0.135438144207
0.0 0.0 50.3718948364 0.142980143428
0.0 0.0 50.3241386414 0.115620456636
0.0 0.0 49.7905960083 0.083168618381
0.0 0.0 45.476272583 0.0635119378567
0.0 0.0 46.8789901733 0.083934828639
0.0 0.0 44.9720611572 0.0601646415889
0.0 0.0 51.3586044312 0.0774082690477
0.0 0.0 47.9595489502 0.0909012332559
0.0 0.0 44.4725646973 0.07418718189
0.0 0.0 44.3616600037 0.126149252057
0.0 0.0 47.8903388977 0.0635278299451
0.0 0.0 54.9877738953 0.12568667531
0.0 0.0 49.5404777527 0.129515305161
0.0 0.0 51.8812522888 0.221105694771
0.0 0.0 52.1249389648 0.212793946266
0.0 0.0 53.9522972107 0.142126068473
0.0 0.0 50.9593925476 0.113680534065
0.0 0.0 53.7493743896 0.185910969973
