0.0 0.0 0.0 0.143394842744
0.0 0.0 40.9481620789 0.0607409365475
0.0 0.0 39.362323761 0.0382783450186
0.0 0.0 40.1618881226 0.0976211428642
0.0 0.0 39.4047927856 0.0843814834952
0.0 0.0 38.9501190186 0.0637126639485
0.0 0.0 36.2701950073 0.108028806746
0.0 0.0 39.9128379822 0.2149002105
0.0 0.0 42.375579834 0.171913057566
0.0 0.0 43.0037574768 0.116879805923
0.0 0.0 45.2602005005 0.111861154437
0.0 0.0 36.6651573181 0.156790420413
0.0 0.0 42.2754516602 0.0856932029128
0.0 0.0 44.8773994446 0.0
0.0 0.0 70.2420120239 0.0
0.0 0.0 57.6688842773 0.0
0.0 0.0 44.6020088196 0.0
0.0 0.0 62.6766014099 0.269353508949
0.0 0.0 63.8686256409 0.400164037943
0.0 0.0 59.2021446228 0.653745949268
0.0 0.0 69.5869598389 0.668370187283
0.0 0.0 78.4506149292 0.569545924664
0.0 0.0 109.676368713 0.527515292168
0.0 0.0 95.6008605957 0.386844724417
0.0 0.0 60.6582336426 0.0
0.0 0.0 47.668346405 0.0
0.0 0.0 42.5359573364 0.144493848085
0.0 0.0 46.446937561 0.082431152463
0.0 0.0 43.9901924133 0.0437069274485
0.0 0.0 41.201499939 0.0
0.0 0.0 44.9101791382 0.0
0.0 0.0 51.4582214355 0.0
0.0 0.0 59.561920166 0.0
0.0 0.0 49.6891784668 0.0
0.0 0.0 47.3942871094 0.0
0.0 0.0 54.6881942749 0.0
0.0 0.0 61.565032959 0.156007841229
0.0 0.0 67.083366394 0.151844397187
0.0 0.0 38.6928977966 0.163833141327
0.0 0.0 37.7963676453 0.202486887574
0.0 0.0 40.7662811279 0.230041027069
0.0 0.0 41.472038269 0.0
0.0 0.0 38.088722229 0.132810369134
0.0 0.0 39.9154624939 0.0
0.0 0.0 49.3719139099 0.0
0.0 0.0 69.093208313 0.0
0.0 0.0 45.1912155151 0.142873749137
0.0 0.0 44.7880401611 0.126170009375
0.0 0.0 37.8297729492 0.0
0.0 0.0 40.248966217 0.0665116757154
0.0 0.0 47.815826416 0.0
0.0 0.0 41.2018699646 0.117110490799
0.0 0.0 40.8822174072 0.110975496471
0.0 0.0 38.0477371216 0.0233035944402
0.0 0.0 37.6766395569 0.0643533468246
0.0 0.0 39.4301376343 0.0782325044274
0.0 0.0 41.1476135254 0.0794365331531
0.0 0.0 37.7396812439 0.0701260641217
0.0 0.0 36.7992095947 0.109329298139
0.0 0.0 39.8279838562 0.0901386737823
0.0 0.0 39.862575531 0.0935844779015
0.0 0.0 40.5602378845 0.0501693449914
0.0 0.0 42.6700592041 0.0453243292868
0.0 0.0 41.4580345154 0.132125750184
0.0 0.0 41.1797637939 0.199805706739
0.0 0.0 43.9200248718 0.16773314774
0.0 0.0 40.5571060181 0.0
0.0 0.0 40.8116378784 0.0921178758144
0.0 0.0 40.0098075867 0.105435691774
0.0 0.0 39.9297790527 0.246678560972
0.0 0.0 47.1635360718 0.25385504961
0.0 0.0 47.2045631409 0.124176412821
0.0 0.0 50.2842216492 0.0
0.0 0.0 42.6149673462 0.0942901670933
0.0 0.0 40.7321281433 0.0760020688176
0.0 0.0 41.3479270935 0.0671578273177
0.0 0.0 40.3759346008 0.0856724902987
0.0 0.0 40.1112709045 0.0974064618349
0.0 0.0 37.2801818848 0.0965295135975
0.0 0.0 38.0368080139 0.111640408635
0.0 0.0 39.2539024353 0.0785219967365
0.0 0.0 38.8389816284 0.0
0.0 0.0 44.4415206909 0.0
0.0 0.0 58.2813415527 0.0
0.0 0.0 45.5828514099 0.140211194754
0.0 0.0 46.023223877 0.211427435279
0.0 0.0 46.0269126892 0.0
0.0 0.0 46.0725860596 0.0
0.0 0.0 48.9362258911 0.0
0.0 0.0 44.8914756775 0.0
0.0 0.0 48.7232627869 0.0
0.0 0.0 42.7596549988 0.0
0.0 0.0 41.9851608276 0.125015065074
0.0 0.0 41.9625740051 0.116667538881
0.0 0.0 41.4880905151 0.133972674608
0.0 0.0 49.020565033 0.0765349119902
0.0 0.0 45.6473808289 0.0
0.0 0.0 40.6058044434 0.0961768403649
0.0 0.0 40.8890571594 0.15450283885
0.0 0.0 46.8114051819 0.0
0.0 0.0 48.2100830078 0.0
0.0 0.0 59.9272155762 0.0
0.0 0.0 47.2112121582 0.176474794745
0.0 0.0 41.2851257324 0.0548513308167
0.0 0.0 37.4899291992 0.0861143991351
0.0 0.0 37.2646713257 0.0885415896773
0.0 0.0 38.339427948 0.106884948909
0.0 0.0 41.9319725037 0.130906581879
0.0 0.0 42.5921669006 0.0
0.0 0.0 49.3416557312 0.0
0.0 0.0 49.0002174377 0.205095589161
0.0 0.0 48.8436584473 0.164866864681
0.0 0.0 45.8820304871 0.0
0.0 0.0 38.239692688 0.0503314882517
0.0 0.0 40.1687011719 0.0956484526396
0.0 0.0 38.528591156 0.0549704059958
0.0 0.0 34.6159858704 0.0835909843445
0.0 0.0 41.7385101318 0.0464614257216
0.0 0.0 42.6190414429 0.0
0.0 0.0 38.9711418152 0.0
0.0 0.0 39.7925872803 0.105761490762
0.0 0.0 35.5269699097 0.0
0.0 0.0 42.9283981323 0.0
0.0 0.0 46.5620613098 0.0
0.0 0.0 40.1087188721 0.0986454337835
0.0 0.0 36.8802719116 0.0701139420271
0.0 0.0 36.2861862183 0.0639919936657
0.0 0.0 40.8299598694 0.0695289000869
0.0 0.0 39.599521637 0.0563065223396
0.0 0.0 38.5692901611 0.0810925066471
0.0 0.0 37.0022544861 0.0585009045899
0.0 0.0 38.8690795898 0.139515385032
0.0 0.0 43.9117660522 0.0705007463694
0.0 0.0 42.0081787109 0.0811786577106
0.0 0.0 43.3859825134 0.0823423042893
0.0 0.0 39.8216247559 0.0698106139898
0.0 0.0 37.345500946 0.0561197958887
0.0 0.0 40.8413467407 0.0588411800563
0.0 0.0 41.5040168762 0.050582062453
0.0 0.0 40.7965049744 0.0587973073125
0.0 0.0 38.4741897583 0.0749116837978
0.0 0.0 36.4210891724 0.1549500525
0.0 0.0 40.0508804321 0.0972540229559
0.0 0.0 37.0339164734 0.0833094343543
0.0 0.0 36.8354530334 0.0953104570508
0.0 0.0 37.4960212708 0.114856913686
0.0 0.0 35.6825027466 0.0920898467302
0.0 0.0 39.1684188843 0.0662917420268
0.0 0.0 38.6975059509 0.0641606003046
0.0 0.0 39.586971283 0.0899190455675
0.0 0.0 37.2212715149 0.0930797383189
0.0 0.0 35.7015457153 0.140093117952
0.0 0.0 40.1918792725 0.128127962351
0.0 0.0 39.8376960754 0.0654209032655
0.0 0.0 39.7404975891 0.0946770757437
0.0 0.0 39.4916725159 0.0483555831015
0.0 0.0 37.2049331665 0.06254478544
0.0 0.0 40.4678382874 0.0491280220449
0.0 0.0 38.1951522827 0.0419871434569
0.0 0.0 35.879573822 0.0917129293084
0.0 0.0 38.7397422791 0.0891021862626
0.0 0.0 37.4145927429 0.0665847882628
0.0 0.0 38.0403518677 0.0818780511618
0.0 0.0 39.6405181885 0.157736927271
0.0 0.0 37.8432617188 0.0631115585566
0.0 0.0 38.7326431274 0.0599425062537
0.0 0.0 37.6582794189 0.0345185920596
0.0 0.0 40.045009613 0.100208669901
0.0 0.0 40.2349281311 0.0415753759444
0.0 0.0 37.5823822021 0.0481791421771
0.0 0.0 41.7580375671 0.0968228504062
0.0 0.0 37.397354126 0.0900121703744
0.0 0.0 43.4691772461 0.0555325113237
0.0 0.0 40.178478241 0.104014374316
0.0 0.0 40.56224823 0.0903446376324
0.0 0.0 40.5056991577 0.077338822186
0.0 0.0 38.9632263184 0.0706301555037
0.0 0.0 41.6662864685 0.0346074402332
0.0 0.0 41.4532165527 0.0381716489792
0.0 0.0 37.8526268005 0.0936572775245
0.0 0.0 39.4819335938 0.101519659162
0.0 0.0 36.8993873596 0.112452641129
0.0 0.0 40.5372047424 0.0551203340292
0.0 0.0 41.1972312927 0.122348502278
0.0 0.0 39.4088592529 0.154158443213
0.0 0.0 41.9260559082 0.135142445564
0.0 0.0 38.3970336914 0.0
0.0 0.0 41.960144043 0.163692995906
0.0 0.0 46.2953033447 0.192541822791
0.0 0.0 45.7663269043 0.0
0.0 0.0 48.6099052429 0.0
0.0 0.0 47.4097366333 0.0
0.0 0.0 45.5056343079 0.0861263796687
0.0 0.0 42.2664031982 0.0
0.0 0.0 39.0488166809 0.0607339851558
0.0 0.0 40.7547988892 0.0719633474946
0.0 0.0 37.2165908813 0.0424804314971
0.0 0.0 38.057056427 0.064267642796
0.0 0.0 38.5080223083 0.0707710534334
0.0 0.0 37.1320991516 0.0503534190357
0.0 0.0 39.0503692627 0.102158047259
0.0 0.0 39.014213562 0.0
0.0 0.0 42.3728942871 0.0
0.0 0.0 50.2309341431 0.0
0.0 0.0 43.5851516724 0.0
0.0 0.0 39.434173584 0.104638203979
0.0 0.0 37.3851852417 0.103390961885
0.0 0.0 40.782245636 0.0776641741395
0.0 0.0 38.4772567749 0.128856554627
0.0 0.0 36.954914093 0.0656048431993
0.0 0.0 37.5105476379 0.125138640404
0.0 0.0 35.112739563 0.0907594412565
0.0 0.0 40.6377906799 0.09859380126
0.0 0.0 43.2602386475 0.0950695574284
0.0 0.0 40.0185852051 0.128164097667
0.0 0.0 41.0633583069 0.0890455394983
0.0 0.0 38.5053367615 0.0639263689518
0.0 0.0 41.282169342 0.0395475625992
0.0 0.0 40.7265968323 0.154595717788
0.0 0.0 41.0980606079 0.0
0.0 0.0 47.299571991 0.0
0.0 0.0 57.3428192139 0.0
0.0 0.0 61.1310462952 0.0
0.0 0.0 64.584564209 0.0
0.0 0.0 72.7604141235 0.0
0.0 0.0 61.4852981567 0.0
0.0 0.0 60.6296195984 0.0
0.0 0.0 99.1283798218 0.0
0.0 0.0 123.278846741 0.0
0.0 0.0 106.063529968 0.0
0.0 0.0 64.1932601929 0.0
0.0 0.0 123.407897949 0.3216624856
0.0 0.0 195.542877197 0.680435180664
0.0 0.0 126.154464722 0.600800812244
0.0 0.0 169.431488037 0.0
0.0 0.0 175.302398682 0.0
0.0 0.0 144.758392334 0.0
0.0 0.0 208.721343994 0.0
0.0 0.0 161.956710815 0.0
0.0 0.0 93.0957489014 0.674654304981
0.0 0.0 99.7722854614 0.231396749616
0.0 0.0 109.308937073 0.0
0.0 0.0 90.6586380005 0.0
0.0 0.0 82.2844238281 0.265353113413
0.0 0.0 76.5468292236 0.0
0.0 0.0 110.843437195 0.0
0.0 0.0 219.972167969 0.0
0.0 0.0 291.322906494 0.0
0.0 0.0 167.658279419 0.0
0.0 0.0 90.8619766235 0.0
0.0 0.0 115.902534485 0.0
0.0 0.0 109.592056274 0.0
0.0 0.0 277.782409668 0.0
0.0 0.0 510.221130371 0.0
0.0 0.0 266.867584229 0.0
0.0 0.0 160.669006348 0.307124972343
0.0 0.0 73.4451599121 0.260375320911
0.0 0.0 63.8214454651 0.0
0.0 0.0 137.185195923 0.0
0.0 0.0 173.228973389 0.518809378147
246.787078857 1.0 171.737869263 0.6945733428
250.627258301 1.0 363.173614502 0.818146109581
249.41784668 1.0 457.341644287 0.888711571693
246.113189697 1.0 456.326324463 0.876284837723
232.445678711 1.0 419.517181396 0.805078327656
216.536605835 1.0 403.35949707 0.819446623325
194.561798096 1.0 261.4034729 0.827446162701
0.0 0.0 100.1537323 0.524935662746
0.0 0.0 91.1743087769 0.0
0.0 0.0 75.963104248 0.0
0.0 0.0 64.1298141479 0.0
0.0 0.0 46.3214912415 0.0
0.0 0.0 52.4082298279 0.0
0.0 0.0 46.7292060852 0.0
0.0 0.0 37.7979774475 0.237252131104
0.0 0.0 29.0322132111 0.0
0.0 0.0 28.6716861725 0.0
0.0 0.0 24.4792175293 0.385470539331
0.0 0.0 39.9914207458 0.403585612774
241.810333252 1.0 42.1031684875 0.421353667974
254.920959473 1.0 23.3218746185 0.930955410004
251.831924438 1.0 25.6417999268 0.961717069149
251.774856567 1.0 23.1611194611 0.969237744808
253.816574097 1.0 25.2800312042 0.980501353741
256.250244141 1.0 26.2278404236 0.983417272568
261.386962891 1.0 28.1861553192 0.963284373283
267.708007813 1.0 31.4924144745 0.946499586105
276.348999023 1.0 28.1026382446 0.958471775055
280.756744385 1.0 25.2391109467 0.978303015232
283.718688965 1.0 25.7858181 0.985848248005
284.402130127 1.0 22.2953720093 0.985210835934
283.813262939 1.0 19.4539890289 0.983853816986
280.53503418 1.0 17.7949466705 0.919748604298
276.518707275 1.0 17.7975788116 0.859497904778
267.638061523 1.0 10.8893527985 0.776562988758
0.0 0.0 9.98615169525 0.591801285744
0.0 0.0 12.8465967178 0.654474020004
0.0 0.0 8.51271152496 0.0
0.0 0.0 14.9787998199 0.0
0.0 0.0 57.8314399719 0.483314871788
326.452911377 1.0 94.7044372559 0.902736127377
323.004119873 1.0 530.332702637 0.936123490334
320.876708984 1.0 956.365478516 0.968314290047
317.232086182 1.0 924.989990234 0.992635846138
314.468780518 1.0 900.782165527 0.993078887463
310.895446777 1.0 886.240539551 0.992191851139
307.283630371 1.0 868.54296875 0.989450752735
303.707275391 1.0 851.528869629 0.992512404919
299.549560547 1.0 868.616088867 0.984397113323
293.75378418 1.0 884.514709473 0.970873594284
286.474060059 1.0 891.357788086 0.977047681808
281.359313965 1.0 898.268127441 0.993511915207
277.52633667 1.0 944.611572266 0.984650611877
271.846466064 1.0 999.119873047 0.975707232952
263.18737793 1.0 1061.59692383 0.963540256023
255.240570068 1.0 1085.93395996 0.959296762943
243.827224731 1.0 1074.51416016 0.940379083157
234.772567749 1.0 1054.44775391 0.95111811161
231.76890564 1.0 999.910461426 0.970227301121
235.369735718 1.0 929.28729248 0.955927431583
239.720108032 1.0 848.072631836 0.987024605274
240.992507935 1.0 810.367858887 0.995495319366
241.169921875 1.0 798.996520996 0.996575295925
241.743026733 1.0 798.642333984 0.995946526527
242.482177734 1.0 809.274597168 0.996204257011
243.474899292 1.0 827.489624023 0.995740950108
243.154266357 1.0 834.901184082 0.993873357773
241.526901245 1.0 834.640075684 0.977771103382
238.545639038 1.0 799.350463867 0.930169820786
234.117675781 1.0 682.840881348 0.903117716312
228.028671265 1.0 350.043365479 0.752458870411
228.031509399 1.0 105.882751465 0.608207881451
0.0 0.0 56.6924934387 0.210835903883
0.0 0.0 44.2662887573 0.0
0.0 0.0 38.7498474121 0.0
0.0 0.0 43.5825958252 0.0
0.0 0.0 47.8222122192 0.0
0.0 0.0 51.8318939209 0.0
0.0 0.0 54.8592643738 0.360206574202
285.505187988 1.0 63.7182044983 0.742219090462
280.606994629 1.0 200.963943481 0.885316431522
276.718841553 1.0 720.818115234 0.916484296322
270.388336182 1.0 857.299377441 0.942604660988
260.162872314 1.0 856.268615723 0.859397351742
249.951980591 1.0 846.551757813 0.85610896349
237.701904297 1.0 697.934631348 0.80888235569
0.0 0.0 249.69354248 0.332393795252
0.0 0.0 213.999588013 0.0
0.0 0.0 339.680358887 0.0
0.0 0.0 365.332641602 0.0
0.0 0.0 383.340789795 0.0
0.0 0.0 199.478744507 0.49019959569
0.0 0.0 207.643203735 0.652106106281
0.0 0.0 100.220779419 0.427144914865
0.0 0.0 147.748382568 0.167996168137
0.0 0.0 102.005180359 0.700731158257
0.0 0.0 39.9374809265 0.806027591228
0.0 0.0 6.42588329315 0.418124526739
0.0 0.0 3.36328959465 0.347745329142
166.665710449 1.0 10.0982456207 0.76517701149
163.586105347 1.0 16.1042690277 0.886921882629
165.310562134 1.0 20.0575351715 0.766108214855
161.554199219 1.0 24.8964118958 0.717587590218
172.616333008 1.0 61.2816734314 0.71011275053
181.087799072 1.0 165.819564819 0.712297976017
179.449249268 1.0 283.401641846 0.667404413223
179.887008667 1.0 606.113830566 0.678125679493
179.614089966 1.0 557.924194336 0.635567605495
184.304199219 1.0 294.940002441 0.581063508987
0.0 0.0 116.50579834 0.0
0.0 0.0 79.3027801514 0.0
0.0 0.0 158.018936157 0.0
0.0 0.0 294.1199646 0.0
0.0 0.0 483.327880859 0.0
0.0 0.0 173.657592773 0.0
0.0 0.0 309.991973877 0.0
0.0 0.0 375.390289307 0.0
0.0 0.0 367.228973389 0.0
0.0 0.0 220.589599609 0.0
0.0 0.0 268.713012695 0.0
0.0 0.0 259.171508789 0.0
0.0 0.0 158.386535645 0.0
0.0 0.0 155.172485352 0.411031752825
0.0 0.0 218.796340942 0.21882160008
0.0 0.0 575.424255371 0.393956810236
237.344177246 1.0 595.595336914 0.590435147285
234.392501831 1.0 437.045928955 0.910942018032
224.825088501 1.0 355.802734375 0.883359372616
213.748825073 1.0 267.987487793 0.82511985302
194.726486206 1.0 154.913864136 0.696101367474
0.0 0.0 85.0559616089 0.404292464256
0.0 0.0 46.8012695313 0.329489201307
0.0 0.0 39.4809341431 0.22563020885
0.0 0.0 41.4436607361 0.179265826941
0.0 0.0 46.3421058655 0.0
0.0 0.0 64.8513259888 0.0
243.493270874 1.0 90.9892578125 0.730760514736
244.637954712 1.0 408.930175781 0.862677276134
244.225753784 1.0 787.461547852 0.903998553753
243.49937439 1.0 801.518920898 0.99100202322
240.501693726 1.0 815.176391602 0.979132652283
234.719894409 1.0 809.756530762 0.887055695057
228.03074646 1.0 776.304138184 0.827176868916
217.134750366 1.0 604.24597168 0.776231229305
185.071044922 1.0 241.115859985 0.848910450935
0.0 0.0 68.6452636719 0.202847033739
0.0 0.0 47.3343811035 0.124730587006
0.0 0.0 46.2126312256 0.668761193752
235.6355896 1.0 153.210113525 0.796696424484
235.26449585 1.0 540.907348633 0.85135191679
232.69430542 1.0 521.700500488 0.96784812212
227.91633606 1.0 462.255584717 0.958536982536
222.114257813 1.0 525.765563965 0.977352619171
218.922485352 1.0 581.994812012 0.993153512478
218.610046387 1.0 603.851806641 0.994130313396
219.064163208 1.0 630.015991211 0.993353188038
222.898773193 1.0 657.153625488 0.975861251354
224.708190918 1.0 706.130981445 0.97840321064
225.511535645 1.0 752.480712891 0.899452924728
224.825622559 1.0 759.175109863 0.505928575993
0.0 0.0 732.358520508 0.541109979153
0.0 0.0 683.229797363 0.463322728872
0.0 0.0 577.401367188 0.611692488194
0.0 0.0 297.042449951 0.54772490263
0.0 0.0 92.743270874 0.353840589523
0.0 0.0 22.0451469421 0.0
0.0 0.0 20.3846473694 0.0
0.0 0.0 11.3607673645 0.0
0.0 0.0 11.0002260208 0.0
0.0 0.0 14.7470808029 0.0
0.0 0.0 16.5100765228 0.0
0.0 0.0 33.4728546143 0.586146473885
236.045318604 1.0 49.3503799438 0.894333004951
238.322097778 1.0 306.383911133 0.93531614542
240.193344116 1.0 537.411437988 0.976790070534
241.750152588 1.0 567.767578125 0.989587605
241.546722412 1.0 588.373352051 0.865753829479
242.013198853 1.0 594.595031738 0.798010647297
236.378829956 1.0 489.008789063 0.604826271534
244.271087646 1.0 145.711196899 0.615065395832
0.0 0.0 74.8191452026 0.495625287294
0.0 0.0 54.4632873535 0.0
0.0 0.0 67.9903182983 0.0
0.0 0.0 59.1493034363 0.0
0.0 0.0 64.0403823853 0.0
0.0 0.0 75.9040527344 0.348013550043
0.0 0.0 56.0727500916 0.0
0.0 0.0 49.922504425 0.0
258.550628662 1.0 80.3341217041 0.739666223526
253.27507019 1.0 252.475753784 0.849874913692
250.846817017 1.0 642.091308594 0.886032998562
246.293670654 1.0 631.99029541 0.961264014244
237.133300781 1.0 597.736999512 0.945114612579
228.614837646 1.0 608.775939941 0.952397167683
222.115066528 1.0 736.930908203 0.954917430878
216.125442505 1.0 784.167358398 0.960676193237
208.652130127 1.0 758.416564941 0.964341640472
202.032272339 1.0 722.221435547 0.965621232986
195.187438965 1.0 673.810974121 0.954450190067
187.694091797 1.0 577.097045898 0.95386081934
181.455169678 1.0 567.070800781 0.918386995792
176.758224487 1.0 587.785949707 0.896793842316
171.322692871 1.0 520.528747559 0.874559104443
169.179122925 1.0 394.267730713 0.863611757755
164.553100586 1.0 243.72328186 0.875352203846
163.175445557 1.0 147.160705566 0.96542006731
162.97328186 1.0 174.200836182 0.98931157589
162.291976929 1.0 268.06854248 0.990979909897
161.848953247 1.0 384.796020508 0.991832196712
160.9349823 1.0 481.078521729 0.977907717228
159.861312866 1.0 540.725585938 0.904190301895
158.874908447 1.0 517.190368652 0.845682263374
148.377288818 1.0 282.303253174 0.62413495779
0.0 0.0 142.272399902 0.326352268457
0.0 0.0 81.4398193359 0.0
0.0 0.0 49.9890670776 0.0
0.0 0.0 67.3323898315 0.0
0.0 0.0 74.0152359009 0.0
0.0 0.0 52.6742134094 0.0
0.0 0.0 69.778793335 0.0
0.0 0.0 68.1665649414 0.0
0.0 0.0 56.0411148071 0.0
0.0 0.0 42.416469574 0.0
0.0 0.0 53.4644546509 0.0
0.0 0.0 54.534488678 0.0
0.0 0.0 83.6789093018 0.0
0.0 0.0 60.831035614 0.0
0.0 0.0 51.1723632813 0.0
0.0 0.0 59.9811935425 0.0
0.0 0.0 60.4958190918 0.0
0.0 0.0 80.8349151611 0.558811604977
104.957511902 1.0 389.770080566 0.52787142992
105.629608154 1.0 569.429199219 0.702902376652
107.985740662 1.0 438.388763428 0.558554530144
119.552284241 1.0 363.062713623 0.615192472935
125.545768738 1.0 407.101654053 0.786679804325
129.351119995 1.0 552.934448242 0.866574883461
133.56149292 1.0 527.802429199 0.884704768658
139.249908447 1.0 574.622558594 0.828445732594
143.698059082 1.0 589.115539551 0.839336276054
150.329833984 1.0 560.915222168 0.78671258688
154.300323486 1.0 474.139404297 0.671629548073
0.0 0.0 325.867584229 0.439505904913
0.0 0.0 268.886322021 0.335174262524
0.0 0.0 177.878265381 0.128864094615
0.0 0.0 124.458106995 0.401673585176
0.0 0.0 66.4684906006 0.0
0.0 0.0 50.2446670532 0.0
0.0 0.0 44.9682121277 0.0
0.0 0.0 56.6511039734 0.0
0.0 0.0 84.0888671875 0.0
0.0 0.0 60.303237915 0.0
0.0 0.0 59.7507400513 0.0
0.0 0.0 53.692943573 0.0
0.0 0.0 84.5677337646 0.0
0.0 0.0 104.495925903 0.0
0.0 0.0 93.5494766235 0.0
0.0 0.0 66.8027114868 0.0
0.0 0.0 54.5896492004 0.106662899256
0.0 0.0 55.005645752 0.0
0.0 0.0 47.8114547729 0.0
0.0 0.0 61.6782913208 0.0
0.0 0.0 60.7046546936 0.0
0.0 0.0 79.6514663696 0.170952215791
0.0 0.0 92.4414138794 0.249018833041
0.0 0.0 118.327064514 0.504714369774
0.0 0.0 127.819381714 0.57697814703
0.0 0.0 145.486572266 0.263112872839
0.0 0.0 118.944335938 0.0
0.0 0.0 191.374343872 0.0
0.0 0.0 141.023300171 0.0
0.0 0.0 78.4128494263 0.0
0.0 0.0 119.36491394 0.0
0.0 0.0 114.202209473 0.0
0.0 0.0 149.825653076 0.0
0.0 0.0 130.822784424 0.0
0.0 0.0 123.123443604 0.0
0.0 0.0 105.099746704 0.0
0.0 0.0 52.4444389343 0.0
0.0 0.0 42.3539276123 0.0
0.0 0.0 53.8424339294 0.0
0.0 0.0 64.0912399292 0.0
0.0 0.0 60.8013267517 0.0
0.0 0.0 54.9331321716 0.0
0.0 0.0 71.4929275513 0.0
0.0 0.0 116.441574097 0.0
0.0 0.0 136.488769531 0.0
0.0 0.0 72.8001861572 0.0
0.0 0.0 85.0414428711 0.0
0.0 0.0 143.317108154 0.0
0.0 0.0 109.137763977 0.0
0.0 0.0 73.5841674805 0.0
0.0 0.0 58.5724334717 0.0
0.0 0.0 122.019577026 0.0
0.0 0.0 125.821426392 0.0
0.0 0.0 256.408905029 0.0
0.0 0.0 221.684036255 0.0
0.0 0.0 92.6640701294 0.0
0.0 0.0 57.8648986816 0.438938677311
0.0 0.0 56.6028518677 0.311283737421
0.0 0.0 52.5343933105 0.0
0.0 0.0 62.4433746338 0.0
0.0 0.0 45.4034957886 0.0
0.0 0.0 77.8651885986 0.0
0.0 0.0 63.2639198303 0.0
0.0 0.0 49.8269348145 0.0
0.0 0.0 48.0606193542 0.0
0.0 0.0 43.6544075012 0.0
0.0 0.0 54.9518623352 0.0
0.0 0.0 61.7154197693 0.1802906394
0.0 0.0 61.109703064 0.0
0.0 0.0 39.7425422668 0.184838116169
0.0 0.0 52.8407478333 0.0
0.0 0.0 59.9273147583 0.0
0.0 0.0 66.689201355 0.0
0.0 0.0 75.0640182495 0.0
0.0 0.0 60.3748283386 0.0
0.0 0.0 108.576057434 0.0
0.0 0.0 103.572052002 0.0
0.0 0.0 60.298122406 0.0
0.0 0.0 83.16040802 0.0
0.0 0.0 83.9395065308 0.0
0.0 0.0 50.2740211487 0.0
0.0 0.0 46.5081863403 0.0
0.0 0.0 50.0091209412 0.0
0.0 0.0 44.9222335815 0.0
0.0 0.0 43.2843818665 0.0
0.0 0.0 45.0980072021 0.0
0.0 0.0 37.6080665588 0.0
0.0 0.0 41.5976066589 0.0
0.0 0.0 77.835144043 0.0
0.0 0.0 151.896728516 0.0
0.0 0.0 101.358665466 0.0
0.0 0.0 41.7136077881 0.0
0.0 0.0 28.5641994476 0.0
0.0 0.0 25.8368549347 0.315375804901
0.0 0.0 19.225610733 0.0
0.0 0.0 16.1084918976 0.0
0.0 0.0 18.9894447327 0.0
0.0 0.0 21.0969142914 0.0928747057915
0.0 0.0 23.0421695709 0.0
0.0 0.0 22.0114173889 0.0
0.0 0.0 33.0400390625 0.0
0.0 0.0 36.6141014099 0.0
0.0 0.0 24.014333725 0.27532145381
0.0 0.0 20.8372840881 0.134172663093
0.0 0.0 17.7096424103 0.0
0.0 0.0 14.769733429 0.0625657886267
0.0 0.0 14.4448242188 0.090140722692
0.0 0.0 16.9409999847 0.0503751561046
0.0 0.0 17.2693920135 0.0
0.0 0.0 17.8238735199 0.0
0.0 0.0 17.8128643036 0.220019564033
0.0 0.0 24.5664348602 0.0
0.0 0.0 33.6589126587 0.0
0.0 0.0 28.483007431 0.0
0.0 0.0 29.3833179474 0.0
0.0 0.0 33.5389671326 0.0
0.0 0.0 27.0015392303 0.0417082421482
0.0 0.0 25.5021095276 0.0903409868479
0.0 0.0 29.9829597473 0.0536240451038
0.0 0.0 29.7390155792 0.0974430367351
0.0 0.0 31.9637832642 0.0658968389034
0.0 0.0 36.8596382141 0.203797087073
0.0 0.0 38.184337616 0.0
0.0 0.0 48.7041320801 0.0
0.0 0.0 80.5339508057 0.0
0.0 0.0 80.8449859619 0.0
0.0 0.0 54.5760688782 0.0
0.0 0.0 38.2135162354 0.0
0.0 0.0 41.2401618958 0.0956782475114
0.0 0.0 39.2310638428 0.10238403827
0.0 0.0 40.8018951416 0.119994029403
0.0 0.0 39.4562759399 0.137879937887
0.0 0.0 34.6929321289 0.0630858242512
0.0 0.0 38.5516548157 0.0693747848272
0.0 0.0 37.7047348022 0.051369484514
0.0 0.0 38.7874565125 0.0673580691218
0.0 0.0 38.3336448669 0.0666645392776
0.0 0.0 37.4780921936 0.0796220526099
0.0 0.0 40.085144043 0.112163498998
0.0 0.0 39.0233802795 0.0944410935044
0.0 0.0 40.5010375977 0.0940727964044
0.0 0.0 38.6436233521 0.072357930243
0.0 0.0 39.0592041016 0.0896499678493
0.0 0.0 41.3310127258 0.0753804221749
0.0 0.0 40.1315765381 0.0949513241649
0.0 0.0 40.6532173157 0.0557872951031
0.0 0.0 42.5574188232 0.09417860955
0.0 0.0 39.1438713074 0.0875380560756
0.0 0.0 41.3514671326 0.0517235845327
0.0 0.0 36.6708831787 0.0575806051493
0.0 0.0 39.1489830017 0.11659245193
0.0 0.0 39.3229484558 0.0765882432461
0.0 0.0 37.1153717041 0.0572607405484
0.0 0.0 43.000957489 0.0483003370464
0.0 0.0 40.2693557739 0.117891579866
0.0 0.0 41.5688705444 0.086202211678
0.0 0.0 41.9457168579 0.0928302705288
0.0 0.0 41.6170120239 0.0812738090754
0.0 0.0 45.5159225464 0.051047295332
0.0 0.0 39.8376655579 0.0977857261896
0.0 0.0 40.3818588257 0.0554767213762
0.0 0.0 38.9297409058 0.0783002078533
0.0 0.0 38.664440155 0.0691445171833
0.0 0.0 39.7543373108 0.121310450137
0.0 0.0 37.2332229614 0.0955999493599
0.0 0.0 42.5771636963 0.0892451629043
0.0 0.0 41.6623497009 0.114357575774
0.0 0.0 37.1126976013 0.0669136792421
0.0 0.0 42.0792503357 0.092859134078
0.0 0.0 36.9514579773 0.0
0.0 0.0 43.5737266541 0.0
0.0 0.0 47.0626831055 0.275513291359
0.0 0.0 42.6364364624 0.0
0.0 0.0 58.3675117493 0.0
0.0 0.0 67.4879074097 0.0
0.0 0.0 48.8831062317 0.0
0.0 0.0 83.5493774414 0.0
0.0 0.0 109.139030457 0.0
0.0 0.0 69.686340332 0.0
0.0 0.0 43.120475769 0.267463296652
