0.0 0.0 0.0 0.250278443098
0.0 0.0 27.4533195496 0.409884870052
0.0 0.0 28.2883911133 0.32169687748
0.0 0.0 32.6911621094 0.317680060863
0.0 0.0 24.1557388306 0.221017539501
0.0 0.0 25.2656097412 0.121610738337
0.0 0.0 22.194234848 0.095289953053
0.0 0.0 23.1919822693 0.0854821428657
0.0 0.0 23.0197353363 0.0757007747889
0.0 0.0 21.9655971527 0.110396951437
0.0 0.0 22.9481201172 0.0844864174724
0.0 0.0 26.3567199707 0.143285438418
0.0 0.0 22.9756622314 0.105123721063
0.0 0.0 22.5488910675 0.10912810266
0.0 0.0 23.0954189301 0.0792554020882
0.0 0.0 24.1291770935 0.103201009333
0.0 0.0 23.9180870056 0.154254674911
0.0 0.0 24.2084236145 0.115259885788
0.0 0.0 26.6469573975 0.184478834271
0.0 0.0 22.2457504272 0.0934383943677
0.0 0.0 23.4106636047 0.109828449786
0.0 0.0 24.6255970001 0.101337045431
0.0 0.0 24.130903244 0.103686705232
0.0 0.0 23.7362365723 0.0945610925555
0.0 0.0 23.2335643768 0.0617620646954
0.0 0.0 24.4135093689 0.099312774837
0.0 0.0 22.6452560425 0.0945058017969
0.0 0.0 24.5322608948 0.116353049874
0.0 0.0 26.0854911804 0.152564123273
0.0 0.0 23.6789913177 0.186836257577
0.0 0.0 26.4133739471 0.244918465614
0.0 0.0 28.0856227875 0.0
0.0 0.0 33.0034446716 0.0
0.0 0.0 34.4225959778 0.0
0.0 0.0 31.249004364 0.0
0.0 0.0 25.8626155853 0.124784238636
0.0 0.0 24.7589206696 0.142728149891
0.0 0.0 23.0852031708 0.0796198248863
0.0 0.0 23.2316055298 0.0686878338456
0.0 0.0 23.3798503876 0.0703548491001
0.0 0.0 23.2541217804 0.0881434902549
0.0 0.0 23.0794258118 0.0642401874065
0.0 0.0 23.2011318207 0.087666220963
0.0 0.0 22.5731620789 0.0841882675886
0.0 0.0 21.8446445465 0.0747506394982
0.0 0.0 23.6448802948 0.0554587505758
0.0 0.0 22.6780414581 0.125827252865
0.0 0.0 21.3793544769 0.108506843448
0.0 0.0 22.6795940399 0.0697856619954
0.0 0.0 22.7189674377 0.0801634192467
0.0 0.0 23.9834098816 0.0555782616138
0.0 0.0 23.0471286774 0.0607139617205
0.0 0.0 23.6423969269 0.0675260797143
0.0 0.0 24.055431366 0.114262126386
0.0 0.0 22.1259460449 0.106601372361
0.0 0.0 23.5330429077 0.0867442041636
0.0 0.0 22.0741634369 0.134481877089
0.0 0.0 23.5803966522 0.0659094899893
0.0 0.0 23.9699764252 0.0794675573707
0.0 0.0 22.6058769226 0.0493138544261
0.0 0.0 24.6983299255 0.0713674128056
0.0 0.0 24.2762584686 0.0611528456211
0.0 0.0 24.1186485291 0.104416020215
0.0 0.0 24.8329734802 0.118437469006
0.0 0.0 23.8724708557 0.235094085336
0.0 0.0 26.5743408203 0.255214720964
0.0 0.0 28.7675495148 0.289744138718
0.0 0.0 27.1585273743 0.0
0.0 0.0 25.7455196381 0.184257894754
0.0 0.0 25.5618076324 0.0
0.0 0.0 25.4375209808 0.112821944058
0.0 0.0 24.691734314 0.0517274290323
0.0 0.0 23.7829818726 0.104965001345
0.0 0.0 24.3939476013 0.0572464168072
0.0 0.0 24.4320640564 0.0675899013877
0.0 0.0 22.7783622742 0.0668985545635
0.0 0.0 23.6820697784 0.0583311542869
0.0 0.0 24.0072631836 0.0716049224138
0.0 0.0 24.9388065338 0.0643153339624
0.0 0.0 24.3832397461 0.0718669593334
0.0 0.0 23.02161026 0.0630153566599
0.0 0.0 22.4979000092 0.0806763619184
0.0 0.0 22.9457149506 0.118539139628
0.0 0.0 24.0610847473 0.128707587719
0.0 0.0 24.5184879303 0.172253921628
0.0 0.0 23.8741035461 0.146243587136
0.0 0.0 25.8386802673 0.191384315491
0.0 0.0 24.9304981232 0.167584910989
0.0 0.0 26.4512443542 0.189341276884
0.0 0.0 23.988363266 0.195203587413
0.0 0.0 25.771074295 0.222679018974
0.0 0.0 26.6793842316 0.0
0.0 0.0 25.2856655121 0.241946160793
0.0 0.0 26.5755805969 0.0
0.0 0.0 30.6193408966 0.0
0.0 0.0 37.7627944946 0.0
0.0 0.0 33.2046775818 0.0
0.0 0.0 34.5274543762 0.0
0.0 0.0 32.2853317261 0.124717392027
0.0 0.0 27.7225093842 0.266408830881
0.0 0.0 26.1532402039 0.0753427073359
0.0 0.0 23.1801395416 0.0607753284276
0.0 0.0 22.5192832947 0.0838393345475
0.0 0.0 22.2791252136 0.0843266025186
0.0 0.0 22.6037006378 0.0733307152987
0.0 0.0 23.9418621063 0.0784352570772
0.0 0.0 23.8637161255 0.107831165195
0.0 0.0 22.3563137054 0.102751545608
0.0 0.0 24.2768154144 0.10119728744
0.0 0.0 25.2124729156 0.0764838084579
0.0 0.0 24.4681339264 0.099205031991
0.0 0.0 23.2490386963 0.0822108760476
0.0 0.0 23.0498352051 0.0651317313313
0.0 0.0 24.4731616974 0.0914030075073
0.0 0.0 22.6224460602 0.0405427254736
0.0 0.0 25.0864620209 0.054344471544
0.0 0.0 22.5160198212 0.0584261231124
0.0 0.0 21.0938243866 0.0771523341537
0.0 0.0 23.1672096252 0.0864332988858
0.0 0.0 23.5620117188 0.076730877161
0.0 0.0 24.1091098785 0.062939427793
0.0 0.0 23.3560600281 0.0907152965665
0.0 0.0 21.8307094574 0.0501786507666
0.0 0.0 22.4951782227 0.0961070433259
0.0 0.0 21.7786407471 0.0872498080134
0.0 0.0 24.9625205994 0.158385962248
0.0 0.0 23.8436012268 0.178027510643
0.0 0.0 25.6633529663 0.130207940936
0.0 0.0 25.0286922455 0.166850909591
0.0 0.0 24.0799617767 0.100793711841
0.0 0.0 26.3013038635 0.0
0.0 0.0 24.9942970276 0.0
0.0 0.0 30.2454948425 0.18580879271
0.0 0.0 24.3158588409 0.0982379838824
0.0 0.0 23.470489502 0.0596848577261
0.0 0.0 24.7068691254 0.0942218750715
0.0 0.0 23.7962207794 0.109121568501
0.0 0.0 22.183681488 0.0745403543115
0.0 0.0 25.1427841187 0.0653991401196
0.0 0.0 23.1549453735 0.0595807768404
0.0 0.0 23.5822753906 0.0890212878585
0.0 0.0 23.272233963 0.101948060095
0.0 0.0 24.8944721222 0.124138861895
0.0 0.0 24.3911895752 0.120052650571
0.0 0.0 22.9812316895 0.0666701644659
0.0 0.0 22.3762397766 0.17102612555
0.0 0.0 25.3662166595 0.219959378242
0.0 0.0 27.1796989441 0.190714851022
0.0 0.0 25.8799438477 0.131594583392
0.0 0.0 22.3411922455 0.0900582373142
0.0 0.0 22.3403530121 0.0961429476738
0.0 0.0 22.7905006409 0.0897690504789
0.0 0.0 23.1616077423 0.0625715330243
0.0 0.0 22.3967628479 0.0787235870957
0.0 0.0 23.331533432 0.0790049433708
0.0 0.0 23.3206787109 0.0622195079923
0.0 0.0 23.5657730103 0.11635761708
0.0 0.0 22.8588199615 0.103908218443
0.0 0.0 24.3757171631 0.0
0.0 0.0 27.0502929688 0.0
0.0 0.0 46.4930076599 0.0
0.0 0.0 47.4435348511 0.0
0.0 0.0 57.2152519226 0.0
0.0 0.0 47.4070205688 0.0
0.0 0.0 52.2376899719 0.0
0.0 0.0 36.4434242249 0.0
0.0 0.0 35.8635253906 0.0
0.0 0.0 24.485004425 0.109200045466
0.0 0.0 27.6354560852 0.163691833615
0.0 0.0 22.1891078949 0.0655600726604
0.0 0.0 24.0477466583 0.0538507699966
0.0 0.0 22.6284694672 0.0605916827917
0.0 0.0 22.0803508759 0.046284828335
0.0 0.0 22.663105011 0.0634332001209
0.0 0.0 21.5827674866 0.061606541276
0.0 0.0 22.8746585846 0.0768404603004
0.0 0.0 23.7393913269 0.171895697713
0.0 0.0 22.9228687286 0.0949208289385
0.0 0.0 22.4852619171 0.0582613684237
0.0 0.0 21.9611225128 0.0818269327283
0.0 0.0 21.9313316345 0.0789716690779
0.0 0.0 22.0823612213 0.0974761545658
0.0 0.0 21.5660686493 0.0719803497195
0.0 0.0 22.4401016235 0.111722290516
0.0 0.0 21.6386127472 0.0979669466615
0.0 0.0 22.9252967834 0.0914820209146
0.0 0.0 21.6162700653 0.0342106670141
0.0 0.0 21.0868263245 0.0490440391004
0.0 0.0 21.3102703094 0.0914350599051
0.0 0.0 21.9363174438 0.0743651017547
0.0 0.0 23.7012004852 0.189179182053
0.0 0.0 22.9075050354 0.192543655634
0.0 0.0 28.824546814 0.281553596258
0.0 0.0 26.5426177979 0.335195571184
0.0 0.0 23.0324344635 0.102857045829
0.0 0.0 28.1680984497 0.27397108078
0.0 0.0 25.601726532 0.249967366457
0.0 0.0 27.1685638428 0.137534096837
0.0 0.0 28.0547294617 0.433726966381
0.0 0.0 27.1527462006 0.0
0.0 0.0 37.0741882324 0.0
0.0 0.0 29.5055160522 0.0
0.0 0.0 29.0714435577 0.265624910593
0.0 0.0 23.8311862946 0.135198116302
0.0 0.0 23.8112277985 0.169460698962
0.0 0.0 25.2447357178 0.25670465827
0.0 0.0 24.8039321899 0.0
0.0 0.0 27.9232978821 0.229259610176
0.0 0.0 24.7381973267 0.206735193729
0.0 0.0 21.6236782074 0.0985361784697
0.0 0.0 21.9970798492 0.115709327161
0.0 0.0 24.1965694427 0.0932804644108
0.0 0.0 25.7923812866 0.101457625628
0.0 0.0 23.0892772675 0.0996073335409
0.0 0.0 22.8749141693 0.0883207768202
0.0 0.0 22.7471427917 0.118603229523
0.0 0.0 23.2216777802 0.0886003449559
0.0 0.0 26.1149196625 0.139645010233
0.0 0.0 25.7321395874 0.153475612402
0.0 0.0 23.993598938 0.101412296295
0.0 0.0 24.9281730652 0.0923603251576
0.0 0.0 26.0551567078 0.104170076549
0.0 0.0 24.6713905334 0.119767576456
0.0 0.0 24.8041324615 0.106877416372
0.0 0.0 23.6265678406 0.082134924829
0.0 0.0 25.5668582916 0.0955731272697
0.0 0.0 22.2756690979 0.134567946196
0.0 0.0 23.5071697235 0.299734681845
0.0 0.0 25.936498642 0.0
0.0 0.0 30.2001571655 0.0
0.0 0.0 30.3661823273 0.0
0.0 0.0 31.8943538666 0.0
0.0 0.0 27.4902191162 0.213461145759
0.0 0.0 26.0416183472 0.228302940726
0.0 0.0 25.8758602142 0.267298489809
0.0 0.0 24.2438278198 0.255408376455
0.0 0.0 31.5967922211 0.433971047401
0.0 0.0 29.3132705688 0.0
0.0 0.0 36.3954353333 0.0
0.0 0.0 34.5101928711 0.0
0.0 0.0 26.1689376831 0.09547650069
0.0 0.0 32.4125366211 0.173063516617
0.0 0.0 25.841468811 0.0
0.0 0.0 23.0122947693 0.0736639946699
0.0 0.0 21.0721168518 0.0911215171218
0.0 0.0 23.9180107117 0.275270074606
0.0 0.0 24.5750522614 0.234904810786
0.0 0.0 29.2481079102 0.0741144418716
0.0 0.0 24.8024291992 0.0992605835199
0.0 0.0 25.001543045 0.102731205523
0.0 0.0 24.3303527832 0.13436549902
0.0 0.0 22.9509086609 0.171634808183
0.0 0.0 26.2735137939 0.192703381181
0.0 0.0 28.541765213 0.0
0.0 0.0 28.5412540436 0.0
0.0 0.0 38.04454422 0.179752618074
0.0 0.0 34.9873008728 0.581279873848
0.0 0.0 28.4351940155 0.0
0.0 0.0 52.9725456238 0.0
0.0 0.0 65.4614639282 0.0
0.0 0.0 70.9304656982 0.0
0.0 0.0 87.9899215698 0.0
0.0 0.0 43.9813652039 0.0
0.0 0.0 63.4150314331 0.0
0.0 0.0 112.914031982 0.0
0.0 0.0 118.796539307 0.0
0.0 0.0 170.972122192 0.0
0.0 0.0 190.655822754 0.0
0.0 0.0 347.645965576 0.0
0.0 0.0 513.069519043 0.593788802624
118.498184204 1.0 1920.81237793 0.678612530231
115.260215759 1.0 2350.91821289 0.855106890202
113.161026001 1.0 2304.13793945 0.885482668877
108.823913574 1.0 2429.88793945 0.847171545029
107.182037354 1.0 2300.13793945 0.735934376717
94.7679443359 1.0 2102.8894043 0.7493917346
0.0 0.0 1189.99926758 0.452531039715
0.0 0.0 323.709289551 0.0
0.0 0.0 95.3922424316 0.0
0.0 0.0 111.525932312 0.0
0.0 0.0 42.8811378479 0.41326290369
0.0 0.0 21.9354801178 0.0
0.0 0.0 21.2973747253 0.0
0.0 0.0 44.8534088135 0.0
0.0 0.0 36.2461128235 0.0
0.0 0.0 68.2188262939 0.0
0.0 0.0 54.1534614563 0.0
0.0 0.0 84.1911010742 0.0
0.0 0.0 150.804321289 0.0
118.959114075 1.0 255.442520142 0.656419277191
117.324440002 1.0 821.981323242 0.80538713932
115.885566711 1.0 2043.03625488 0.930740118027
114.64780426 1.0 2278.30712891 0.983409583569
114.040077209 1.0 2339.58959961 0.991788566113
113.821273804 1.0 2302.28491211 0.996293902397
114.021034241 1.0 2132.54858398 0.993820309639
115.270362854 1.0 1873.69396973 0.994532227516
116.339614868 1.0 1607.09851074 0.994985282421
118.234985352 1.0 1396.89685059 0.980443060398
119.347076416 1.0 1239.31445313 0.984763860703
120.395118713 1.0 1263.28405762 0.983689367771
121.133773804 1.0 1280.76171875 0.979247868061
122.083198547 1.0 1234.73571777 0.979946017265
122.576965332 1.0 1316.04003906 0.956103920937
124.668212891 1.0 1161.59204102 0.941977024078
127.582954407 1.0 980.005554199 0.933721005917
130.529403687 1.0 838.167236328 0.968981146812
130.019165039 1.0 662.65826416 0.940314531326
131.882217407 1.0 369.135559082 0.886580348015
152.141494751 1.0 133.131668091 0.488004565239
136.658477783 1.0 79.9447631836 0.688626945019
136.534378052 1.0 451.968383789 0.810401558876
135.122116089 1.0 921.124023438 0.895228326321
133.58531189 1.0 869.199829102 0.976332902908
132.160202026 1.0 912.936828613 0.991090118885
130.861465454 1.0 1016.79595947 0.989265322685
130.052001953 1.0 1125.38684082 0.992781281471
130.531234741 1.0 1222.45556641 0.983810961246
130.444778442 1.0 1217.91064453 0.977886795998
131.566650391 1.0 1231.34863281 0.976965427399
129.992767334 1.0 1244.58740234 0.981584787369
128.907318115 1.0 1198.92248535 0.976778805256
127.053939819 1.0 1217.77563477 0.95723593235
126.150642395 1.0 1075.12158203 0.934237241745
124.718605042 1.0 756.622192383 0.883122444153
118.269416809 1.0 297.87411499 0.826157391071
0.0 0.0 63.3469047546 0.0
0.0 0.0 49.4346809387 0.0
0.0 0.0 23.2699718475 0.0
0.0 0.0 7.45772695541 0.0
0.0 0.0 31.2790565491 0.0
0.0 0.0 42.9740371704 0.0
0.0 0.0 106.395149231 0.0
0.0 0.0 141.668411255 0.0
0.0 0.0 125.942024231 0.0
0.0 0.0 95.075668335 0.0
0.0 0.0 46.431137085 0.0
0.0 0.0 100.611167908 0.457886368036
0.0 0.0 169.930831909 0.0
114.927185059 1.0 502.151947021 0.59931409359
114.974899292 1.0 1706.90625 0.687845349312
114.302505493 1.0 2266.26489258 0.950510144234
114.505783081 1.0 1834.17175293 0.949767768383
113.958053589 1.0 1788.72033691 0.98846155405
113.97518158 1.0 1775.21020508 0.992230117321
113.990501404 1.0 1846.46862793 0.998341321945
114.154800415 1.0 1915.38513184 0.999153733253
113.90839386 1.0 1959.78112793 0.998911738396
113.338783264 1.0 1992.81640625 0.998054623604
113.000923157 1.0 2024.60803223 0.9988052845
112.273979187 1.0 2058.98803711 0.994261741638
112.551841736 1.0 2090.23608398 0.988035976887
112.280731201 1.0 2130.79150391 0.988529205322
112.461616516 1.0 2138.29541016 0.991471648216
111.155540466 1.0 2238.42504883 0.995224297047
109.664291382 1.0 2272.52905273 0.986617684364
107.267700195 1.0 2251.90429688 0.978304982185
104.596046448 1.0 2155.89404297 0.980537772179
102.209976196 1.0 1998.73620605 0.978399276733
102.828285217 1.0 1821.41345215 0.889635682106
105.496360779 1.0 1599.02893066 0.887000739574
107.08631134 1.0 1601.23120117 0.943906247616
107.46131897 1.0 1965.87866211 0.96281170845
106.663963318 1.0 2093.52758789 0.995136201382
106.417709351 1.0 2145.27661133 0.996000945568
105.842475891 1.0 2213.08935547 0.994920015335
104.85320282 1.0 2286.90454102 0.973852217197
104.031341553 1.0 2273.59936523 0.845391333103
101.575706482 1.0 2088.92480469 0.765884041786
100.283454895 1.0 1721.90344238 0.417965620756
0.0 0.0 509.995758057 0.40331324935
0.0 0.0 113.965576172 0.0
0.0 0.0 119.275901794 0.0
0.0 0.0 45.830280304 0.0
0.0 0.0 27.8181762695 0.0
0.0 0.0 53.6442565918 0.0
0.0 0.0 96.2946853638 0.0
0.0 0.0 70.0454101563 0.0
0.0 0.0 52.5575294495 0.0
0.0 0.0 31.1497650146 0.0
0.0 0.0 35.802230835 0.0
0.0 0.0 48.4512176514 0.0
0.0 0.0 57.6865539551 0.0
0.0 0.0 88.6854858398 0.0
0.0 0.0 131.590637207 0.0
0.0 0.0 186.084579468 0.0
0.0 0.0 570.302734375 0.607401013374
118.480155945 1.0 945.682373047 0.727729797363
116.973373413 1.0 2408.40673828 0.871068120003
116.387626648 1.0 2700.37695313 0.965930044651
115.892868042 1.0 2651.8449707 0.993919789791
115.397209167 1.0 2579.765625 0.997029781342
115.037879944 1.0 2521.79614258 0.998422145844
114.505859375 1.0 2438.29272461 0.997269749641
114.152107239 1.0 2311.37231445 0.997471690178
114.320243835 1.0 2086.76635742 0.995484054089
114.556404114 1.0 1836.05871582 0.996776223183
113.87902832 1.0 1695.44055176 0.962003171444
112.280708313 1.0 1671.03918457 0.930678188801
107.264480591 1.0 1622.91467285 0.898088574409
106.070861816 1.0 1390.5637207 0.818286001682
105.130065918 1.0 1469.16845703 0.496938228607
123.235015869 1.0 1163.80700684 0.705511927605
117.666313171 1.0 1441.7286377 0.788565218449
115.148094177 1.0 2534.24438477 0.895737469196
112.544090271 1.0 2717.29296875 0.90346878767
110.880775452 1.0 2565.36645508 0.821140050888
107.879447937 1.0 2442.30004883 0.731713831425
100.734725952 1.0 1960.88476563 0.664449334145
0.0 0.0 891.698303223 0.0
0.0 0.0 199.111633301 0.0
0.0 0.0 182.524780273 0.0
0.0 0.0 68.9194793701 0.0
0.0 0.0 12.1125764847 0.0
0.0 0.0 15.083275795 0.0
0.0 0.0 31.0930480957 0.0
0.0 0.0 32.2568969727 0.0
0.0 0.0 59.2593688965 0.0
0.0 0.0 57.2569351196 0.0
0.0 0.0 65.7681427002 0.0
0.0 0.0 56.3476829529 0.0
0.0 0.0 128.337844849 0.0
0.0 0.0 123.159683228 0.512133955956
121.666038513 1.0 368.058258057 0.739105939865
117.893936157 1.0 1350.52258301 0.802251577377
114.020759583 1.0 2593.28637695 0.816123008728
109.271530151 1.0 2672.35058594 0.889321565628
107.381034851 1.0 2648.66015625 0.93184119463
106.897651672 1.0 2104.42333984 0.925156235695
107.382514954 1.0 1743.53674316 0.969814181328
105.947463989 1.0 1753.09008789 0.98096549511
105.227416992 1.0 1765.60693359 0.985683560371
105.51386261 1.0 1792.58190918 0.986470580101
105.919509888 1.0 1875.58837891 0.992652595043
105.827407837 1.0 1928.34960938 0.995890617371
106.450004578 1.0 1994.31481934 0.99771219492
106.747810364 1.0 2038.07043457 0.997399032116
107.450485229 1.0 2096.03271484 0.998625278473
108.391395569 1.0 2140.43579102 0.993137300014
109.30254364 1.0 2147.69873047 0.99599391222
110.113967896 1.0 2169.46240234 0.998528718948
110.015815735 1.0 2190.32128906 0.998455643654
109.901519775 1.0 2189.80249023 0.997585833073
109.375831604 1.0 2160.2043457 0.999008238316
109.304588318 1.0 2096.19628906 0.999007165432
109.46321106 1.0 1997.84594727 0.998205125332
109.884841919 1.0 1929.59680176 0.997428953648
110.523674011 1.0 1933.54699707 0.996691167355
111.588691711 1.0 1994.02758789 0.996772229671
112.482498169 1.0 2066.28320313 0.99749237299
113.151954651 1.0 2136.73706055 0.999021828175
113.338043213 1.0 2190.70141602 0.998757123947
112.912971497 1.0 2232.48486328 0.996317446232
112.311683655 1.0 2203.20068359 0.994699537754
111.383178711 1.0 2117.32763672 0.986548304558
110.636482239 1.0 2024.61474609 0.974608719349
109.065734863 1.0 1876.02001953 0.93219190836
108.023002625 1.0 1408.3638916 0.89603549242
107.075386047 1.0 1015.769104 0.74142241478
98.7725982666 1.0 305.867645264 0.5452221632
95.713722229 1.0 151.199432373 0.735922217369
0.0 0.0 76.0032806396 0.570985376835
0.0 0.0 44.4908294678 0.491857945919
0.0 0.0 36.239906311 0.310644119978
0.0 0.0 34.3274269104 0.253376483917
0.0 0.0 35.2887420654 0.285198509693
119.551063538 1.0 70.2649307251 0.735495567322
116.538345337 1.0 97.0061569214 0.698147237301
104.935958862 1.0 312.804748535 0.751836955547
104.485786438 1.0 1224.51660156 0.84540605545
103.073471069 1.0 2190.56713867 0.93121188879
102.656959534 1.0 2286.42480469 0.990882754326
101.570419312 1.0 2372.09204102 0.99548459053
101.627975464 1.0 2416.94067383 0.99556261301
100.830131531 1.0 2428.60766602 0.993730127811
100.491539001 1.0 2428.74047852 0.992282032967
99.6655654907 1.0 2451.16210938 0.998569905758
99.6328125 1.0 2475.66015625 0.998675107956
98.943977356 1.0 2458.46704102 0.992278933525
99.2754364014 1.0 2467.45532227 0.989810168743
99.54737854 1.0 2492.20654297 0.986872851849
99.5269622803 1.0 2460.82641602 0.986979544163
99.1676330566 1.0 2414.89306641 0.987760126591
98.7358627319 1.0 2460.16870117 0.992380917072
99.1694335938 1.0 2467.35595703 0.995767772198
98.4529266357 1.0 2347.66650391 0.974261045456
95.9911804199 1.0 2224.79882813 0.954856276512
93.0829086304 1.0 2092.56933594 0.915606737137
91.6529388428 1.0 1973.57556152 0.868023395538
88.3606262207 1.0 1872.60644531 0.787421047688
87.7790908813 1.0 1075.35864258 0.605015933514
0.0 0.0 384.62701416 0.167561069131
0.0 0.0 94.9189529419 0.0
0.0 0.0 60.0410003662 0.0
0.0 0.0 34.0361289978 0.0
0.0 0.0 32.0484657288 0.560242891312
0.0 0.0 46.5161361694 0.0
0.0 0.0 68.7975997925 0.0
0.0 0.0 65.7186584473 0.0
0.0 0.0 98.7674484253 0.675404250622
0.0 0.0 169.497589111 0.0
0.0 0.0 260.968444824 0.61250770092
105.669052124 1.0 1217.93261719 0.761435389519
103.826148987 1.0 2423.84936523 0.939126431942
100.940551758 1.0 2494.28198242 0.968237519264
98.4495010376 1.0 2436.99462891 0.972912728786
96.1773834229 1.0 2374.80200195 0.976491928101
95.9248962402 1.0 2258.12817383 0.962055683136
96.1741027832 1.0 2046.2512207 0.634298682213
0.0 0.0 1943.90795898 0.401159107685
0.0 0.0 1906.49487305 0.540459871292
0.0 0.0 1912.2421875 0.0
0.0 0.0 1607.7019043 0.0
0.0 0.0 390.507232666 0.226970329881
0.0 0.0 601.955810547 0.291459858418
0.0 0.0 1105.43066406 0.585745453835
0.0 0.0 504.845916748 0.737400770187
0.0 0.0 627.270935059 0.762831926346
0.0 0.0 734.190124512 0.71656948328
0.0 0.0 1522.45336914 0.0
0.0 0.0 1294.77636719 0.0
0.0 0.0 1823.00366211 0.0
0.0 0.0 835.281860352 0.410110801458
0.0 0.0 853.756469727 0.735278308392
110.325004578 1.0 998.696044922 0.829157471657
110.06061554 1.0 613.831237793 0.873749136925
108.008560181 1.0 478.675811768 0.752014040947
106.133827209 1.0 262.56741333 0.632138311863
0.0 0.0 109.488456726 0.190400213003
0.0 0.0 34.0891990662 0.0
0.0 0.0 32.7705001831 0.0
0.0 0.0 18.016084671 0.0
0.0 0.0 5.09659433365 0.0
0.0 0.0 3.37361311913 0.0
0.0 0.0 2.22159647942 0.101728253067
0.0 0.0 2.83982825279 0.171616569161
0.0 0.0 3.76933598518 0.0958474352956
0.0 0.0 5.07019472122 0.487037837505
0.0 0.0 8.94845676422 0.0
0.0 0.0 21.0320320129 0.0
0.0 0.0 25.0216350555 0.0
0.0 0.0 43.5432128906 0.0
0.0 0.0 55.7416610718 0.0
0.0 0.0 57.6490821838 0.0
0.0 0.0 36.1878509521 0.0
0.0 0.0 28.8043842316 0.0
0.0 0.0 34.9984436035 0.0
0.0 0.0 30.6432609558 0.0
0.0 0.0 31.0363521576 0.209098681808
0.0 0.0 22.5820903778 0.156236350536
0.0 0.0 23.6401824951 0.11429335922
0.0 0.0 29.139465332 0.119541808963
0.0 0.0 25.9437427521 0.130696281791
0.0 0.0 24.8081607819 0.116182185709
0.0 0.0 21.8515110016 0.162048354745
0.0 0.0 25.804977417 0.247211456299
0.0 0.0 25.8750190735 0.216450437903
0.0 0.0 24.1909637451 0.185473099351
0.0 0.0 24.7990818024 0.17699252069
0.0 0.0 24.5750102997 0.0926603004336
0.0 0.0 23.7937107086 0.131326675415
0.0 0.0 24.0872745514 0.0829962715507
0.0 0.0 25.4065361023 0.0634475722909
0.0 0.0 24.3950443268 0.0593371875584
0.0 0.0 27.8718471527 0.212634965777
0.0 0.0 25.4752254486 0.232362821698
0.0 0.0 24.9655246735 0.233354896307
0.0 0.0 24.1271038055 0.294591546059
0.0 0.0 28.0913658142 0.0593312829733
0.0 0.0 29.2072067261 0.0619951896369
0.0 0.0 26.2947063446 0.129760324955
0.0 0.0 29.0412025452 0.334073483944
0.0 0.0 26.6416301727 0.0
0.0 0.0 30.3918399811 0.344762355089
0.0 0.0 27.4752063751 0.0
0.0 0.0 31.2955989838 0.0
0.0 0.0 35.0975990295 0.0
0.0 0.0 23.7142047882 0.105192884803
0.0 0.0 23.464931488 0.117870748043
0.0 0.0 22.6288280487 0.0735723376274
0.0 0.0 25.0156078339 0.0801783204079
0.0 0.0 23.6330680847 0.0844005420804
0.0 0.0 23.9847793579 0.0702660605311
0.0 0.0 23.7354259491 0.146536290646
0.0 0.0 23.3381004333 0.180017501116
0.0 0.0 28.2963466644 0.46146479249
0.0 0.0 28.4177112579 0.0
0.0 0.0 39.6538925171 0.0
0.0 0.0 31.7311019897 0.0
0.0 0.0 31.1088600159 0.424057155848
0.0 0.0 27.6085395813 0.286113828421
0.0 0.0 31.3160705566 0.227905064821
0.0 0.0 23.1950283051 0.29369404912
0.0 0.0 24.4301986694 0.307796567678
0.0 0.0 30.2366790771 0.0
0.0 0.0 32.6961097717 0.0
0.0 0.0 44.8940429688 0.0
0.0 0.0 32.1592330933 0.0
0.0 0.0 36.8960609436 0.272741496563
0.0 0.0 32.5805015564 0.0
0.0 0.0 30.9454593658 0.0
0.0 0.0 45.8013191223 0.0
0.0 0.0 30.1145877838 0.0
0.0 0.0 33.5643424988 0.0
0.0 0.0 34.1849937439 0.0
0.0 0.0 49.8666534424 0.0
0.0 0.0 41.6563339233 0.0
0.0 0.0 52.047542572 0.0
0.0 0.0 40.8747177124 0.0
0.0 0.0 51.3830032349 0.0
0.0 0.0 33.0109214783 0.0
0.0 0.0 36.1958351135 0.0
0.0 0.0 38.8568153381 0.0
0.0 0.0 28.8570747375 0.0
0.0 0.0 50.4620666504 0.0
0.0 0.0 44.2651329041 0.0
0.0 0.0 49.2961769104 0.0
0.0 0.0 47.2340888977 0.0
0.0 0.0 35.604511261 0.0
0.0 0.0 32.5757637024 0.393277585506
0.0 0.0 23.8909473419 0.125601321459
0.0 0.0 23.2343177795 0.0718723535538
0.0 0.0 23.5980739594 0.0463023781776
0.0 0.0 24.2622833252 0.123083524406
0.0 0.0 20.7209148407 0.0697288066149
0.0 0.0 22.8621845245 0.193540528417
0.0 0.0 23.8532657623 0.216088011861
0.0 0.0 28.5144023895 0.264520198107
0.0 0.0 26.1408538818 0.240320265293
0.0 0.0 24.417963028 0.145180001855
0.0 0.0 24.6973152161 0.0
0.0 0.0 25.0045490265 0.0
0.0 0.0 22.8547172546 0.0
0.0 0.0 22.9504528046 0.0
0.0 0.0 21.6466274261 0.0
0.0 0.0 24.6937332153 0.0
0.0 0.0 31.478975296 0.477608680725
0.0 0.0 27.2133159637 0.0
0.0 0.0 32.316734314 0.0
0.0 0.0 26.6794071198 0.0
0.0 0.0 30.7648601532 0.293731838465
0.0 0.0 26.9350795746 0.248532488942
0.0 0.0 24.5273761749 0.17852255702
0.0 0.0 24.0045986176 0.0885724648833
0.0 0.0 22.913892746 0.097937270999
0.0 0.0 23.2263870239 0.0838843658566
0.0 0.0 24.2090187073 0.152211144567
0.0 0.0 23.8868217468 0.168949201703
0.0 0.0 26.6448383331 0.148447155952
0.0 0.0 23.2965068817 0.0961744785309
0.0 0.0 24.4609451294 0.118949465454
0.0 0.0 23.9598693848 0.130454719067
0.0 0.0 26.5497188568 0.152364403009
0.0 0.0 26.8654117584 0.252935796976
0.0 0.0 26.1470966339 0.181944951415
0.0 0.0 26.4788665771 0.242932915688
0.0 0.0 24.4127388 0.131526663899
0.0 0.0 23.9006023407 0.0988614484668
0.0 0.0 23.9205989838 0.133817777038
0.0 0.0 24.4820575714 0.0
0.0 0.0 23.5700321198 0.0655262991786
0.0 0.0 24.3468894958 0.0729540213943
0.0 0.0 24.9410686493 0.108198352158
0.0 0.0 21.6456813812 0.0982723459601
0.0 0.0 22.7702007294 0.100931361318
0.0 0.0 23.4007225037 0.0682964846492
0.0 0.0 24.3449840546 0.0973157137632
0.0 0.0 22.7219257355 0.0786064490676
0.0 0.0 24.18450737 0.124301418662
0.0 0.0 22.0518493652 0.0
0.0 0.0 26.3761291504 0.178012192249
0.0 0.0 27.54164505 0.236627787352
0.0 0.0 24.4661903381 0.0902517661452
0.0 0.0 23.7001838684 0.159926682711
0.0 0.0 22.6372394562 0.130472585559
0.0 0.0 23.1767787933 0.108759582043
0.0 0.0 23.4890632629 0.0595557019114
0.0 0.0 23.2186050415 0.0601435936987
0.0 0.0 23.5679225922 0.175079122186
0.0 0.0 23.9095687866 0.126355603337
0.0 0.0 28.9202651978 0.0
