0.0 0.0 0.0 0.0761178061366
0.0 0.0 78.4311218262 0.183751702309
0.0 0.0 84.9848937988 0.0
0.0 0.0 97.7286911011 0.0
0.0 0.0 127.947509766 0.0
0.0 0.0 96.9006652832 0.0
0.0 0.0 104.338218689 0.415503263474
0.0 0.0 72.2383880615 0.0
0.0 0.0 76.9959335327 0.143075406551
0.0 0.0 81.5022125244 0.156864956021
0.0 0.0 75.3695526123 0.0879167765379
0.0 0.0 65.1075363159 0.124216273427
0.0 0.0 72.5123291016 0.0
0.0 0.0 70.9705657959 0.0
0.0 0.0 73.055305481 0.116515442729
0.0 0.0 75.950881958 0.0531466118991
0.0 0.0 67.4148483276 0.058620531112
0.0 0.0 74.6948547363 0.073833309114
0.0 0.0 69.6974639893 0.0987635031343
0.0 0.0 70.4412231445 0.085117854178
0.0 0.0 78.7509384155 0.105001077056
0.0 0.0 71.7683105469 0.17042376101
0.0 0.0 72.3260650635 0.0758019834757
0.0 0.0 68.0220718384 0.131691813469
0.0 0.0 76.635887146 0.160440698266
0.0 0.0 80.5904312134 0.207445278764
0.0 0.0 78.99559021 0.137431830168
0.0 0.0 76.445640564 0.190461084247
0.0 0.0 64.9377670288 0.0687354505062
0.0 0.0 70.8797836304 0.0962762758136
0.0 0.0 70.8413314819 0.10941875726
0.0 0.0 72.1356887817 0.1067808792
0.0 0.0 77.6124038696 0.0939037203789
0.0 0.0 72.7361984253 0.0564116723835
0.0 0.0 73.8428421021 0.108139105141
0.0 0.0 68.3803329468 0.102037228644
0.0 0.0 67.7537689209 0.0654410421848
0.0 0.0 72.6828689575 0.0991574674845
0.0 0.0 66.1015167236 0.0810784772038
0.0 0.0 72.9477767944 0.0805304571986
0.0 0.0 73.5332489014 0.117960348725
0.0 0.0 70.3715362549 0.144739195704
0.0 0.0 77.196144104 0.111653968692
0.0 0.0 70.4066162109 0.111847549677
0.0 0.0 71.7669906616 0.0799011439085
0.0 0.0 78.0166854858 0.0760488063097
0.0 0.0 72.8197479248 0.101386345923
0.0 0.0 74.1165542603 0.0620281361043
0.0 0.0 68.4710845947 0.089131526649
0.0 0.0 72.5288162231 0.0652907192707
0.0 0.0 74.4386749268 0.078623123467
0.0 0.0 71.9702301025 0.0443711839616
0.0 0.0 77.888343811 0.0762100145221
0.0 0.0 70.2808532715 0.10828974843
0.0 0.0 70.519821167 0.0558469817042
0.0 0.0 72.2004165649 0.0792457461357
0.0 0.0 61.3460350037 0.0547735989094
0.0 0.0 68.990447998 0.0952586084604
0.0 0.0 62.7017822266 0.0741256996989
0.0 0.0 69.7049636841 0.0
0.0 0.0 75.3744354248 0.0797381401062
0.0 0.0 67.8087005615 0.0632588788867
0.0 0.0 69.3855514526 0.0
0.0 0.0 63.3663749695 0.110777288675
0.0 0.0 68.5812225342 0.116014048457
0.0 0.0 70.7866973877 0.0878601446748
0.0 0.0 71.1899795532 0.0685825943947
0.0 0.0 76.0992507935 0.0848074108362
0.0 0.0 70.4672241211 0.0751833990216
0.0 0.0 73.0566711426 0.125435292721
0.0 0.0 75.1445236206 0.0693239420652
0.0 0.0 71.4085998535 0.146369367838
0.0 0.0 74.4832839966 0.0929524675012
0.0 0.0 69.1046905518 0.0577511750162
0.0 0.0 73.1554718018 0.0612971484661
0.0 0.0 70.3753051758 0.0570439063013
0.0 0.0 71.5335083008 0.0453023277223
0.0 0.0 77.118057251 0.0735062733293
0.0 0.0 69.1257705688 0.0790460929275
0.0 0.0 73.2412185669 0.108638517559
0.0 0.0 76.3521881104 0.0634875446558
0.0 0.0 70.089225769 0.103835642338
0.0 0.0 72.50440979 0.150461211801
0.0 0.0 70.2066650391 0.177175745368
0.0 0.0 85.2020263672 0.0
0.0 0.0 90.4414672852 0.0
0.0 0.0 100.467842102 0.0
0.0 0.0 110.715637207 0.0
0.0 0.0 109.487380981 0.0
0.0 0.0 120.776046753 0.0
0.0 0.0 100.690139771 0.0
0.0 0.0 99.4620666504 0.140999883413
0.0 0.0 75.7531433105 0.0
0.0 0.0 69.0743484497 0.107669360936
0.0 0.0 69.4223403931 0.0853509157896
0.0 0.0 74.5492477417 0.127168238163
0.0 0.0 69.255355835 0.292624056339
0.0 0.0 85.361114502 0.342966139317
0.0 0.0 88.1531982422 0.508873581886
0.0 0.0 89.314453125 0.360382795334
0.0 0.0 106.559791565 0.456279605627
0.0 0.0 79.6920776367 0.0
0.0 0.0 84.1492538452 0.162055507302
0.0 0.0 69.3104476929 0.108186714351
0.0 0.0 69.6763076782 0.0973725914955
0.0 0.0 73.810043335 0.138242334127
0.0 0.0 69.3497695923 0.0921249091625
0.0 0.0 76.1138381958 0.0949044004083
0.0 0.0 73.0280990601 0.0757684186101
0.0 0.0 81.9543075562 0.0883513614535
0.0 0.0 79.1059417725 0.0813961625099
0.0 0.0 67.1969451904 0.0
0.0 0.0 80.1599655151 0.0
0.0 0.0 83.6426086426 0.0
0.0 0.0 85.9754562378 0.243400037289
0.0 0.0 78.5801620483 0.205513894558
0.0 0.0 73.9030532837 0.104537926614
0.0 0.0 78.8403167725 0.0930417776108
0.0 0.0 68.138458252 0.06069945544
0.0 0.0 75.4871292114 0.103963516653
0.0 0.0 75.8583297729 0.0896181687713
0.0 0.0 70.8295593262 0.0596983022988
0.0 0.0 72.905921936 0.101555585861
0.0 0.0 65.6640701294 0.0761463940144
0.0 0.0 76.8476638794 0.0781772658229
0.0 0.0 78.2825088501 0.107705563307
0.0 0.0 74.7670669556 0.0742947757244
0.0 0.0 75.8229675293 0.0560084879398
0.0 0.0 68.4717025757 0.0948231592774
0.0 0.0 72.946182251 0.057574968785
0.0 0.0 70.9006500244 0.0591189451516
0.0 0.0 66.8226013184 0.0948888808489
0.0 0.0 64.5739059448 0.106528244913
0.0 0.0 65.8145065308 0.0883170440793
0.0 0.0 65.9568786621 0.0800650566816
0.0 0.0 70.3248062134 0.0780208185315
0.0 0.0 70.9934158325 0.0775983184576
0.0 0.0 72.3502120972 0.0576822422445
0.0 0.0 71.0146484375 0.126588001847
0.0 0.0 80.9442596436 0.198953166604
0.0 0.0 82.0133361816 0.184349685907
0.0 0.0 77.9713363647 0.257083386183
0.0 0.0 75.9644241333 0.192113339901
0.0 0.0 75.6121902466 0.247504293919
0.0 0.0 89.2584915161 0.157194748521
0.0 0.0 77.0601654053 0.270285665989
0.0 0.0 79.3875350952 0.180581599474
0.0 0.0 81.5327224731 0.172531157732
0.0 0.0 71.821975708 0.0806313455105
0.0 0.0 77.4055404663 0.0558848120272
0.0 0.0 76.6123352051 0.140426754951
0.0 0.0 70.5826416016 0.150366231799
0.0 0.0 86.4017486572 0.283789128065
0.0 0.0 81.9464874268 0.0
0.0 0.0 87.9619293213 0.109531164169
0.0 0.0 82.3900146484 0.27968236804
0.0 0.0 73.080039978 0.0
0.0 0.0 100.07900238 0.0
0.0 0.0 97.815612793 0.0
0.0 0.0 88.673286438 0.0
0.0 0.0 97.1766052246 0.0
0.0 0.0 102.672561646 0.0
0.0 0.0 118.426109314 0.0
0.0 0.0 93.9465942383 0.0
0.0 0.0 103.133850098 0.0
0.0 0.0 92.9972839355 0.0
0.0 0.0 79.8808059692 0.0
0.0 0.0 78.909614563 0.13256303966
0.0 0.0 77.1128692627 0.134452208877
0.0 0.0 72.1539459229 0.121999375522
0.0 0.0 67.9802017212 0.0481596924365
0.0 0.0 70.7510528564 0.188283205032
0.0 0.0 74.3823242188 0.152335658669
0.0 0.0 70.8494949341 0.122104473412
0.0 0.0 80.4132843018 0.133980691433
0.0 0.0 79.0986862183 0.0771333500743
0.0 0.0 72.8431777954 0.15718613565
0.0 0.0 71.4104537964 0.062361035496
0.0 0.0 65.0141525269 0.0691018030047
0.0 0.0 70.320602417 0.117440700531
0.0 0.0 73.1250534058 0.114349104464
0.0 0.0 70.4413757324 0.084088601172
0.0 0.0 80.3050231934 0.097303122282
0.0 0.0 74.4550170898 0.0848192125559
0.0 0.0 78.9191970825 0.0991404652596
0.0 0.0 70.0081634521 0.0727341771126
0.0 0.0 71.6934585571 0.0918650254607
0.0 0.0 79.3556671143 0.14632537961
0.0 0.0 73.0029830933 0.114096410573
0.0 0.0 77.1962585449 0.105615213513
0.0 0.0 74.3382263184 0.0488271377981
0.0 0.0 71.8076782227 0.115123562515
0.0 0.0 78.9387741089 0.102169252932
0.0 0.0 71.968170166 0.129391342402
0.0 0.0 69.9057006836 0.10304338485
0.0 0.0 80.2137756348 0.135943606496
0.0 0.0 72.3059387207 0.104114487767
0.0 0.0 75.2649307251 0.109895080328
0.0 0.0 71.2671890259 0.0655638575554
0.0 0.0 70.9482192993 0.0618774369359
0.0 0.0 72.8599243164 0.165640085936
0.0 0.0 70.9887313843 0.125321656466
0.0 0.0 84.8152236938 0.0
0.0 0.0 75.9845428467 0.143296599388
0.0 0.0 76.7381591797 0.164752244949
0.0 0.0 77.4913864136 0.093624420464
0.0 0.0 70.2135162354 0.0788998827338
0.0 0.0 67.4995956421 0.0194090660661
0.0 0.0 67.9952926636 0.0905690863729
0.0 0.0 70.2947692871 0.0519327037036
0.0 0.0 75.0615921021 0.052816554904
0.0 0.0 65.0473632813 0.0724282115698
0.0 0.0 74.9094238281 0.127725273371
0.0 0.0 65.1336898804 0.0800987705588
0.0 0.0 66.6010131836 0.0946615040302
0.0 0.0 70.4147338867 0.0635676905513
0.0 0.0 68.4610824585 0.0802671536803
0.0 0.0 72.1179275513 0.0475483089685
0.0 0.0 66.2539291382 0.0826029703021
0.0 0.0 73.0598831177 0.0478259772062
0.0 0.0 78.6376571655 0.16702029109
0.0 0.0 73.4126052856 0.0488297194242
0.0 0.0 73.8319320679 0.0972286909819
0.0 0.0 67.2450561523 0.0779408141971
0.0 0.0 71.8822860718 0.123878866434
0.0 0.0 75.1881256104 0.0812366977334
0.0 0.0 71.9995574951 0.0487808175385
0.0 0.0 72.0054855347 0.241661801934
0.0 0.0 73.8492050171 0.0
0.0 0.0 102.086990356 0.44283670187
0.0 0.0 94.4067840576 0.0
0.0 0.0 105.974830627 0.0
0.0 0.0 94.332244873 0.0
0.0 0.0 93.8645248413 0.359733194113
0.0 0.0 79.6033554077 0.251054674387
0.0 0.0 84.1846160889 0.193259805441
0.0 0.0 68.3344955444 0.0646219402552
0.0 0.0 72.8017425537 0.125586524606
0.0 0.0 68.7002334595 0.204165965319
0.0 0.0 82.0622177124 0.0
0.0 0.0 92.8908843994 0.0
0.0 0.0 80.6574401855 0.0
0.0 0.0 86.8737182617 0.0
0.0 0.0 84.9836502075 0.0
0.0 0.0 118.7161026 0.0
0.0 0.0 211.127716064 0.0
0.0 0.0 554.210876465 0.0
0.0 0.0 814.156982422 0.0
0.0 0.0 631.497619629 0.0
0.0 0.0 333.981994629 0.0
0.0 0.0 244.633514404 0.0
0.0 0.0 75.13646698 0.0
0.0 0.0 78.2145767212 0.0
0.0 0.0 78.3159332275 0.408882051706
0.0 0.0 93.8676757813 0.282114803791
118.759216309 1.0 202.91027832 0.696630060673
117.784660339 1.0 855.16607666 0.723032712936
117.372261047 1.0 1169.2878418 0.890950262547
115.348388672 1.0 1005.76013184 0.841612637043
110.983253479 1.0 552.300048828 0.642510533333
0.0 0.0 250.765625 0.0
0.0 0.0 242.248687744 0.0
0.0 0.0 130.100814819 0.0
0.0 0.0 107.243347168 0.0
0.0 0.0 99.9915924072 0.0
0.0 0.0 103.586517334 0.0
0.0 0.0 89.6373596191 0.0
0.0 0.0 108.970115662 0.0
0.0 0.0 99.7387161255 0.0
0.0 0.0 174.213882446 0.0
0.0 0.0 351.85748291 0.0
0.0 0.0 387.259033203 0.162667006254
0.0 0.0 596.839660645 0.0
0.0 0.0 1291.06274414 0.0
0.0 0.0 1290.6854248 0.40033441782
58.8270301819 1.0 1455.15258789 0.829130530357
59.4864768982 1.0 1390.05908203 0.962056279182
59.2523269653 1.0 1424.46838379 0.855471313
59.7632026672 1.0 1338.82788086 0.823413491249
60.7799987793 1.0 1479.6706543 0.809905290604
63.3663635254 1.0 1151.30395508 0.830742180347
65.0766906738 1.0 1321.14343262 0.78922778368
133.982131958 1.0 1194.69921875 0.906891107559
135.684158325 1.0 1234.81616211 0.924289643764
139.996520996 1.0 1267.6204834 0.962242245674
142.808578491 1.0 1292.81005859 0.975519478321
143.295043945 1.0 1316.63012695 0.958975851536
143.162322998 1.0 1310.00769043 0.95351010561
143.773010254 1.0 1240.2064209 0.933310210705
147.01789856 1.0 1153.84667969 0.91469168663
150.822265625 1.0 976.90234375 0.849649488926
168.658447266 1.0 658.232666016 0.502423703671
185.376419067 1.0 396.993621826 0.869537055492
183.481719971 1.0 857.611633301 0.921075582504
179.369018555 1.0 1242.47851563 0.921723663807
173.598403931 1.0 1343.13903809 0.882320821285
164.77746582 1.0 1251.22131348 0.85487383604
156.593658447 1.0 1067.33056641 0.841932415962
149.62828064 1.0 714.399902344 0.781858086586
159.082351685 1.0 255.946990967 0.579041361809
0.0 0.0 118.079986572 0.319262266159
0.0 0.0 98.9096679688 0.133737891912
0.0 0.0 82.2572479248 0.367469251156
0.0 0.0 70.5144348145 0.0
0.0 0.0 121.793296814 0.0
0.0 0.0 133.408706665 0.0
0.0 0.0 377.747772217 0.0
0.0 0.0 427.675018311 0.0
0.0 0.0 407.232421875 0.0
0.0 0.0 260.254852295 0.0
0.0 0.0 281.457702637 0.0
0.0 0.0 342.144256592 0.636644423008
135.414077759 1.0 728.783691406 0.75496584177
133.978164673 1.0 1352.49523926 0.894203722477
131.551467896 1.0 1339.44873047 0.965359807014
129.922546387 1.0 1268.26293945 0.982741415501
129.202468872 1.0 1250.06420898 0.994681835175
129.392669678 1.0 1240.84375 0.994684994221
129.493118286 1.0 1264.47412109 0.995386481285
129.614608765 1.0 1287.49572754 0.995312571526
129.08102417 1.0 1295.75549316 0.991550207138
127.454872131 1.0 1310.22583008 0.992062449455
127.09752655 1.0 1328.11486816 0.994858026505
127.400238037 1.0 1328.82971191 0.993610143661
128.755813599 1.0 1363.92236328 0.988178610802
130.729614258 1.0 1373.75341797 0.990463495255
132.164993286 1.0 1397.82763672 0.989959657192
133.490158081 1.0 1418.44836426 0.990152597427
134.779556274 1.0 1442.83691406 0.994114160538
135.19392395 1.0 1465.6583252 0.99213719368
134.265777588 1.0 1477.32983398 0.969804406166
128.919342041 1.0 1505.84228516 0.867795169353
124.160690308 1.0 1520.32983398 0.838455617428
118.724487305 1.0 1398.50854492 0.822435200214
112.018882751 1.0 907.522460938 0.724633991718
0.0 0.0 416.662719727 0.0
0.0 0.0 229.122192383 0.0
0.0 0.0 126.675834656 0.0
0.0 0.0 93.5603561401 0.361008018255
0.0 0.0 83.4453201294 0.422594308853
0.0 0.0 98.2621917725 0.206447303295
0.0 0.0 91.5224609375 0.0
0.0 0.0 77.7524642944 0.0
0.0 0.0 82.7374572754 0.0
0.0 0.0 104.64390564 0.0
0.0 0.0 122.746887207 0.0
0.0 0.0 188.158966064 0.0
0.0 0.0 327.485900879 0.145093902946
114.647232056 1.0 335.266845703 0.669530749321
114.460746765 1.0 1254.01184082 0.802874386311
114.028816223 1.0 1591.82556152 0.982324302197
113.372589111 1.0 1640.72924805 0.993511259556
112.243400574 1.0 1681.1505127 0.995578587055
111.393920898 1.0 1687.60168457 0.995662152767
110.435882568 1.0 1687.47790527 0.993767023087
109.120147705 1.0 1702.39501953 0.99158936739
106.695747375 1.0 1698.16723633 0.982696652412
104.353340149 1.0 1669.45349121 0.975106477737
102.066490173 1.0 1662.18115234 0.972935557365
100.488121033 1.0 1636.04748535 0.981648385525
99.0216445923 1.0 1535.60888672 0.988973557949
98.0176086426 1.0 1402.87414551 0.993822693825
97.9548873901 1.0 1329.80285645 0.991733491421
97.8960571289 1.0 1241.47912598 0.991290807724
98.2360229492 1.0 1156.76745605 0.991202652454
98.9819335938 1.0 1174.76245117 0.993831336498
99.9425048828 1.0 1172.60803223 0.990785956383
100.868774414 1.0 1224.83093262 0.9917101264
101.948791504 1.0 1327.31884766 0.990607082844
102.402366638 1.0 1416.20019531 0.990982294083
102.910713196 1.0 1484.6628418 0.995495975018
103.104827881 1.0 1544.03942871 0.995876550674
103.311843872 1.0 1563.30639648 0.995187997818
103.604515076 1.0 1586.38586426 0.996463298798
103.807281494 1.0 1609.79223633 0.997558057308
103.483596802 1.0 1625.04577637 0.996548473835
102.990463257 1.0 1622.76342773 0.996042430401
102.293586731 1.0 1634.12512207 0.996128976345
101.45085907 1.0 1620.77392578 0.995751619339
100.654029846 1.0 1630.49462891 0.995677351952
99.609703064 1.0 1605.18835449 0.993905246258
98.2459564209 1.0 1573.84265137 0.986292243004
96.7433776855 1.0 1549.05163574 0.984525918961
95.4480514526 1.0 1486.91650391 0.987719774246
94.3396911621 1.0 1416.96142578 0.986453533173
93.4892044067 1.0 1390.82714844 0.988743901253
93.4516067505 1.0 1336.4251709 0.989980578423
92.9770355225 1.0 1297.14648438 0.992593169212
92.367515564 1.0 1278.96374512 0.990233123302
92.1771392822 1.0 1258.09558105 0.988827288151
92.3486251831 1.0 1183.37939453 0.986619412899
92.9685897827 1.0 1162.23510742 0.990518152714
93.166809082 1.0 1105.52661133 0.993396401405
93.3723526001 1.0 1107.13061523 0.991960167885
92.5073852539 1.0 1085.51379395 0.968941032887
91.302154541 1.0 1120.00219727 0.871119022369
90.0023803711 1.0 1133.99902344 0.77141392231
89.635925293 1.0 991.778320313 0.601592242718
0.0 0.0 477.79989624 0.0
0.0 0.0 242.576675415 0.28087797761
0.0 0.0 171.303710938 0.505522727966
0.0 0.0 118.117851257 0.164828374982
0.0 0.0 82.9366073608 0.393037259579
0.0 0.0 76.2786407471 0.0
0.0 0.0 144.159545898 0.0
0.0 0.0 201.154067993 0.0
0.0 0.0 304.436401367 0.0
0.0 0.0 239.051757813 0.0
0.0 0.0 245.984436035 0.0
0.0 0.0 166.177185059 0.0
0.0 0.0 191.858337402 0.0
0.0 0.0 121.210449219 0.0
0.0 0.0 88.3762359619 0.0
0.0 0.0 78.9008560181 0.0
0.0 0.0 76.7705764771 0.157287091017
0.0 0.0 76.29737854 0.107188232243
0.0 0.0 75.7295150757 0.0821974873543
0.0 0.0 71.255821228 0.0
0.0 0.0 78.9071884155 0.0
0.0 0.0 97.3101043701 0.0
0.0 0.0 110.646598816 0.0
0.0 0.0 88.283782959 0.0
0.0 0.0 84.7820587158 0.0
0.0 0.0 85.4046401978 0.0
0.0 0.0 87.9276657104 0.0
0.0 0.0 103.391021729 0.0
0.0 0.0 78.233757019 0.0
0.0 0.0 78.8215332031 0.171941027045
0.0 0.0 75.6728668213 0.144230648875
0.0 0.0 75.6009292603 0.0716073364019
0.0 0.0 78.22631073 0.118000894785
0.0 0.0 70.9489059448 0.0665494650602
0.0 0.0 74.8815536499 0.25229126215
0.0 0.0 80.4799728394 0.0
0.0 0.0 98.3450469971 0.0
0.0 0.0 175.722213745 0.0
0.0 0.0 343.27911377 0.0
0.0 0.0 221.341644287 0.0
0.0 0.0 206.758529663 0.0
0.0 0.0 252.088348389 0.591818034649
107.266304016 1.0 414.541870117 0.649112701416
105.927688599 1.0 901.865844727 0.794569671154
104.258735657 1.0 1527.58776855 0.975372374058
102.486198425 1.0 1537.83276367 0.94328802824
99.1871032715 1.0 1521.25878906 0.943213582039
95.9041366577 1.0 1485.3449707 0.957691729069
93.3085327148 1.0 1346.63525391 0.897712945938
90.0682525635 1.0 1123.13574219 0.875935971737
86.7210617065 1.0 813.239318848 0.651754975319
90.9679641724 1.0 337.199890137 0.608207702637
0.0 0.0 163.600387573 0.240920305252
0.0 0.0 137.823547363 0.0
0.0 0.0 114.848243713 0.0
0.0 0.0 153.087402344 0.0
0.0 0.0 298.462554932 0.623323559761
111.724700928 1.0 470.683807373 0.771973848343
110.133224487 1.0 1238.18847656 0.889933884144
109.996299744 1.0 1572.00195313 0.991209685802
111.48097229 1.0 1639.34375 0.986025452614
112.399978638 1.0 1663.79553223 0.974934160709
112.483612061 1.0 1677.05004883 0.94670021534
111.432662964 1.0 1662.95605469 0.850060284138
109.658966064 1.0 1600.90161133 0.71726924181
113.479530334 1.0 1359.65698242 0.477083086967
0.0 0.0 644.095031738 0.0
0.0 0.0 370.395690918 0.722104787827
125.561843872 1.0 661.636657715 0.895397603512
125.253456116 1.0 1254.46240234 0.931399047375
124.46308136 1.0 1420.91186523 0.953667521477
124.218254089 1.0 1512.40917969 0.946979284286
123.284355164 1.0 1540.00817871 0.956495821476
122.205688477 1.0 1550.33728027 0.965821385384
120.389160156 1.0 1578.3795166 0.956101059914
116.518859863 1.0 1556.01513672 0.925931870937
112.495063782 1.0 1492.88305664 0.852387070656
107.793907166 1.0 1287.27233887 0.687336146832
0.0 0.0 855.166015625 0.342732310295
0.0 0.0 387.793334961 0.0
0.0 0.0 385.513031006 0.0
0.0 0.0 194.141021729 0.0
0.0 0.0 207.671661377 0.0
0.0 0.0 105.495033264 0.0
0.0 0.0 115.429924011 0.197940766811
0.0 0.0 73.0689849854 0.114463858306
0.0 0.0 64.3863067627 0.249693855643
0.0 0.0 71.479637146 0.303352743387
0.0 0.0 90.4189071655 0.0
0.0 0.0 89.3985595703 0.0
0.0 0.0 78.9881744385 0.233489379287
0.0 0.0 74.5763931274 0.0839671343565
0.0 0.0 80.5730895996 0.0
0.0 0.0 85.3965682983 0.528941512108
0.0 0.0 130.10168457 0.0
0.0 0.0 304.394042969 0.607477545738
114.254745483 1.0 1153.77355957 0.719820737839
112.074684143 1.0 1712.21179199 0.909150600433
109.091400146 1.0 1670.04125977 0.960490942001
106.797309875 1.0 1672.86779785 0.974790453911
104.128135681 1.0 1622.3527832 0.987629592419
102.105575562 1.0 1599.84362793 0.981946885586
99.5828781128 1.0 1557.02050781 0.971457600594
96.8104934692 1.0 1507.43762207 0.968373417854
94.3397979736 1.0 1472.13037109 0.978125691414
92.6516876221 1.0 1404.22631836 0.987799823284
91.0024185181 1.0 1306.22521973 0.966035544872
90.7456588745 1.0 1231.96643066 0.963304281235
91.3760604858 1.0 1160.95483398 0.935186803341
89.0531616211 1.0 1030.64001465 0.895854532719
93.113494873 1.0 995.261413574 0.870824933052
89.6000900269 1.0 972.1640625 0.5838727355
0.0 0.0 900.429260254 0.0
0.0 0.0 913.679504395 0.0
0.0 0.0 788.068786621 0.0
0.0 0.0 1133.02856445 0.0
0.0 0.0 746.685180664 0.285493969917
0.0 0.0 823.366943359 0.0
0.0 0.0 932.080688477 0.369895815849
0.0 0.0 579.219116211 0.0
0.0 0.0 352.282714844 0.0
0.0 0.0 209.764068604 0.0
0.0 0.0 220.454559326 0.0
0.0 0.0 171.76171875 0.0
0.0 0.0 147.867553711 0.0
0.0 0.0 145.073150635 0.0
0.0 0.0 165.497894287 0.0
0.0 0.0 150.955276489 0.0
0.0 0.0 125.060020447 0.0
0.0 0.0 91.6006317139 0.0
0.0 0.0 102.895561218 0.0
0.0 0.0 179.310760498 0.0
0.0 0.0 157.781326294 0.0
0.0 0.0 88.1095352173 0.0
0.0 0.0 85.7855834961 0.0
0.0 0.0 76.5846176147 0.0
0.0 0.0 73.4410095215 0.175588920712
0.0 0.0 88.20753479 0.181208699942
0.0 0.0 74.8193664551 0.0
0.0 0.0 74.1091995239 0.0928114429116
0.0 0.0 73.9097747803 0.0854115113616
0.0 0.0 72.9803771973 0.0942000299692
0.0 0.0 73.6964797974 0.115133211017
0.0 0.0 73.271446228 0.1653098315
0.0 0.0 76.7959671021 0.190717965364
0.0 0.0 74.7593688965 0.20829205215
0.0 0.0 77.6013565063 0.0
0.0 0.0 92.8065032959 0.0
0.0 0.0 91.4387435913 0.0
0.0 0.0 114.142074585 0.285620123148
0.0 0.0 86.9052429199 0.367658048868
0.0 0.0 76.0255889893 0.078696668148
0.0 0.0 85.8193511963 0.15645223856
0.0 0.0 72.0866546631 0.165692612529
0.0 0.0 70.0223388672 0.0813278481364
0.0 0.0 75.8125 0.138624072075
0.0 0.0 75.5815887451 0.111357294023
0.0 0.0 73.6980285645 0.0555907636881
0.0 0.0 73.0616607666 0.0667316317558
0.0 0.0 68.3562088013 0.117976337671
0.0 0.0 67.7550354004 0.112158432603
0.0 0.0 78.9403533936 0.173380509019
0.0 0.0 76.7442398071 0.109152629972
0.0 0.0 71.6419754028 0.057994004339
0.0 0.0 68.3103790283 0.0968213453889
0.0 0.0 66.3848953247 0.101407140493
0.0 0.0 66.0220718384 0.0903809815645
0.0 0.0 72.7162399292 0.0632979720831
0.0 0.0 73.6263122559 0.128647252917
0.0 0.0 74.5252456665 0.173463657498
0.0 0.0 72.462562561 0.120632655919
0.0 0.0 81.8629150391 0.246952950954
0.0 0.0 81.7440872192 0.257058054209
0.0 0.0 80.6203155518 0.0804600566626
0.0 0.0 84.5683822632 0.200126752257
0.0 0.0 72.7319335938 0.104520305991
0.0 0.0 71.181312561 0.0691169425845
0.0 0.0 79.3482208252 0.117351330817
0.0 0.0 70.0404891968 0.117895126343
0.0 0.0 78.6812057495 0.144632741809
0.0 0.0 72.4797744751 0.0755651667714
0.0 0.0 75.0720214844 0.0771374851465
0.0 0.0 79.2585525513 0.0669116601348
0.0 0.0 71.4022369385 0.0769307464361
0.0 0.0 71.7787857056 0.105676315725
0.0 0.0 69.1441574097 0.0666893571615
0.0 0.0 77.0101242065 0.0875201523304
0.0 0.0 75.3228912354 0.0630317628384
0.0 0.0 74.6322631836 0.146518975496
0.0 0.0 71.5836486816 0.100836738944
0.0 0.0 72.8238143921 0.127664923668
0.0 0.0 75.4355163574 0.0637030228972
0.0 0.0 75.7930679321 0.0711359232664
0.0 0.0 71.1298217773 0.076619386673
0.0 0.0 65.0069656372 0.0940046235919
0.0 0.0 68.1548690796 0.0288167782128
0.0 0.0 73.4981918335 0.102552182972
0.0 0.0 77.8095474243 0.0823438391089
0.0 0.0 69.842010498 0.0957375243306
0.0 0.0 75.0137710571 0.101805187762
0.0 0.0 73.8392333984 0.0668165534735
0.0 0.0 72.1558532715 0.107035174966
0.0 0.0 76.8042678833 0.0755402967334
0.0 0.0 70.7646560669 0.0692884400487
0.0 0.0 63.63256073 0.0625606700778
0.0 0.0 71.2009353638 0.119687467813
0.0 0.0 68.7481384277 0.0529623925686
0.0 0.0 74.0842971802 0.103783592582
0.0 0.0 72.9182739258 0.159073755145
0.0 0.0 71.1806793213 0.178585961461
0.0 0.0 68.3735198975 0.169446706772
0.0 0.0 72.3897781372 0.104786686599
0.0 0.0 68.20753479 0.140900909901
0.0 0.0 74.0469284058 0.0377113558352
0.0 0.0 72.2336807251 0.105088368058
0.0 0.0 70.4724349976 0.0464318692684
0.0 0.0 75.1293487549 0.101622276008
0.0 0.0 80.0867004395 0.0989776104689
0.0 0.0 72.8269500732 0.134083971381
0.0 0.0 71.5866775513 0.0717217102647
0.0 0.0 69.6931228638 0.0776455104351
0.0 0.0 71.5976028442 0.0648576915264
0.0 0.0 71.6895751953 0.0824382677674
0.0 0.0 75.7093963623 0.134378582239
0.0 0.0 70.4548873901 0.137134671211
0.0 0.0 67.2249908447 0.0646432265639
0.0 0.0 71.7130737305 0.226711124182
0.0 0.0 87.1669998169 0.203101411462
0.0 0.0 90.6419525146 0.0
0.0 0.0 87.0536880493 0.0
0.0 0.0 107.369255066 0.0
0.0 0.0 93.1447219849 0.0
0.0 0.0 103.443756104 0.0
0.0 0.0 79.7644577026 0.0924926772714
0.0 0.0 78.0753479004 0.0924215763807
0.0 0.0 71.0588531494 0.0700956881046
0.0 0.0 70.2259674072 0.0737555623055
0.0 0.0 71.7953872681 0.0957623049617
0.0 0.0 67.6463546753 0.0885413363576
0.0 0.0 74.2913131714 0.0987783074379
0.0 0.0 68.7373123169 0.0704719647765
0.0 0.0 75.2415237427 0.129708558321
0.0 0.0 77.7196884155 0.0740277543664
0.0 0.0 71.6213302612 0.090068757534
0.0 0.0 75.3055725098 0.0489473640919
0.0 0.0 70.1034622192 0.111831665039
0.0 0.0 69.2568740845 0.0529839992523
0.0 0.0 74.9126739502 0.109887309372
0.0 0.0 71.0759735107 0.116891361773
0.0 0.0 78.4069976807 0.13555008173
0.0 0.0 77.1606063843 0.147252038121
0.0 0.0 72.3628234863 0.103507548571
0.0 0.0 80.459564209 0.134103864431
0.0 0.0 74.8261871338 0.0
0.0 0.0 85.0866394043 0.136549130082
0.0 0.0 73.7733001709 0.0
0.0 0.0 68.7428817749 0.108033448458
0.0 0.0 76.8057632446 0.145909711719
0.0 0.0 76.4354400635 0.219839826226
