0.0 0.0 0.0 0.0713482126594
0.0 0.0 72.1208953857 0.20508132875
0.0 0.0 70.5467071533 0.0646206960082
0.0 0.0 72.2530899048 0.0389748066664
0.0 0.0 66.3815155029 0.0281350500882
0.0 0.0 71.3502807617 0.0535411015153
0.0 0.0 72.0049209595 0.0622194260359
0.0 0.0 69.5434265137 0.0703330561519
0.0 0.0 65.1116714478 0.0745275393128
0.0 0.0 68.4947814941 0.0515595711768
0.0 0.0 66.9844818115 0.0676639154553
0.0 0.0 71.9776687622 0.0743661150336
0.0 0.0 68.0123977661 0.0591208152473
0.0 0.0 70.6904449463 0.0748454257846
0.0 0.0 63.7879142761 0.0727912560105
0.0 0.0 68.9451599121 0.0827775672078
0.0 0.0 73.4655303955 0.0611968673766
0.0 0.0 70.1077346802 0.0477702207863
0.0 0.0 71.5627059937 0.0736688375473
0.0 0.0 70.1687164307 0.0758831873536
0.0 0.0 61.0633087158 0.0870544463396
0.0 0.0 67.5702438354 0.106278441846
0.0 0.0 58.6660842896 0.0835429355502
0.0 0.0 63.3934135437 0.0
0.0 0.0 75.9853973389 0.0
0.0 0.0 84.0945281982 0.0
0.0 0.0 83.4800033569 0.0
0.0 0.0 80.7208251953 0.0
0.0 0.0 78.995513916 0.124648615718
0.0 0.0 64.341468811 0.0647124126554
0.0 0.0 61.3069725037 0.108209736645
0.0 0.0 64.724571228 0.0579914487898
0.0 0.0 64.8406600952 0.0777354463935
0.0 0.0 69.8536605835 0.0865963250399
0.0 0.0 63.9175376892 0.0859003737569
0.0 0.0 66.0291900635 0.0890672802925
0.0 0.0 72.0343933105 0.0969616770744
0.0 0.0 66.4718017578 0.0450829789042
0.0 0.0 73.8585586548 0.0725966468453
0.0 0.0 64.9027557373 0.122205905616
0.0 0.0 70.9779891968 0.0439432971179
0.0 0.0 73.1776275635 0.0372258089483
0.0 0.0 64.6245040894 0.0
0.0 0.0 69.6295394897 0.0866376385093
0.0 0.0 67.6223678589 0.105358064175
0.0 0.0 68.5291671753 0.0986538752913
0.0 0.0 64.0296783447 0.100822977722
0.0 0.0 62.4523353577 0.0582675822079
0.0 0.0 69.4832458496 0.0592625364661
0.0 0.0 61.1832313538 0.0416010469198
0.0 0.0 64.2969512939 0.109086483717
0.0 0.0 69.8698196411 0.0809646174312
0.0 0.0 65.2515640259 0.0790333747864
0.0 0.0 66.9119873047 0.0737203583121
0.0 0.0 64.6075897217 0.0237731821835
0.0 0.0 64.5022964478 0.0
0.0 0.0 68.147354126 0.0603327341378
0.0 0.0 63.652671814 0.0441520884633
0.0 0.0 62.099521637 0.0542721301317
0.0 0.0 63.937412262 0.122153386474
0.0 0.0 64.0927505493 0.0821215435863
0.0 0.0 69.8490142822 0.0996705964208
0.0 0.0 62.8721618652 0.0794226974249
0.0 0.0 64.2224197388 0.059344753623
0.0 0.0 61.9153366089 0.071801289916
0.0 0.0 67.0149841309 0.0832937955856
0.0 0.0 69.1214523315 0.0
0.0 0.0 63.9693641663 0.0661174580455
0.0 0.0 65.348197937 0.0726611092687
0.0 0.0 63.1001548767 0.0930246189237
0.0 0.0 64.5017471313 0.0856474265456
0.0 0.0 68.6091003418 0.0957200229168
0.0 0.0 66.2321014404 0.0
0.0 0.0 75.2622070313 0.0
0.0 0.0 72.0631332397 0.0
0.0 0.0 69.6685028076 0.0
0.0 0.0 69.5084838867 0.137856155634
0.0 0.0 66.0033798218 0.0
0.0 0.0 71.5403594971 0.184012815356
0.0 0.0 69.5975570679 0.13565543294
0.0 0.0 65.2230606079 0.0941907837987
0.0 0.0 66.2362594604 0.126135975122
0.0 0.0 64.859413147 0.0631468966603
0.0 0.0 73.1558151245 0.0654527321458
0.0 0.0 67.4893798828 0.0820361077785
0.0 0.0 61.0106620789 0.046331897378
0.0 0.0 65.7303390503 0.0656926259398
0.0 0.0 66.2521820068 0.101617045701
0.0 0.0 71.3969268799 0.0908167511225
0.0 0.0 65.8341217041 0.0838581249118
0.0 0.0 63.5944900513 0.0603227727115
0.0 0.0 67.6383972168 0.0
0.0 0.0 76.2455368042 0.1621876508
0.0 0.0 73.5473175049 0.179722324014
0.0 0.0 65.0559387207 0.125863358378
0.0 0.0 67.4800796509 0.0918989405036
0.0 0.0 67.7233047485 0.0671774595976
0.0 0.0 66.7598571777 0.0928792729974
0.0 0.0 68.5770339966 0.0323157384992
0.0 0.0 66.1657562256 0.0533356890082
0.0 0.0 62.1548271179 0.0785950794816
0.0 0.0 65.8504104614 0.0677318871021
0.0 0.0 61.3076629639 0.0694044008851
0.0 0.0 61.2044410706 0.0699238777161
0.0 0.0 63.2725067139 0.0
0.0 0.0 76.3608703613 0.0
0.0 0.0 81.8485412598 0.0
0.0 0.0 79.8368759155 0.0
0.0 0.0 78.1613769531 0.149437740445
0.0 0.0 64.9451446533 0.166564017534
0.0 0.0 68.8112030029 0.0850037783384
0.0 0.0 70.8757400513 0.128338322043
0.0 0.0 62.0073814392 0.0985677912831
0.0 0.0 67.5001449585 0.0994190946221
0.0 0.0 66.8225402832 0.0994558855891
0.0 0.0 67.7488021851 0.0956679061055
0.0 0.0 73.4000320435 0.060078650713
0.0 0.0 65.5567779541 0.0463597774506
0.0 0.0 63.5282592773 0.0869556963444
0.0 0.0 59.0108108521 0.0801082327962
0.0 0.0 65.0869064331 0.046739641577
0.0 0.0 66.3415985107 0.0753332599998
0.0 0.0 65.8852996826 0.0926917716861
0.0 0.0 62.9259719849 0.0920077562332
0.0 0.0 60.4006538391 0.0749774798751
0.0 0.0 62.4439735413 0.0499445870519
0.0 0.0 69.9165496826 0.0656703561544
0.0 0.0 63.7904663086 0.0770452767611
0.0 0.0 70.4485626221 0.0904628634453
0.0 0.0 69.0793838501 0.148128762841
0.0 0.0 64.1969833374 0.0801395401359
0.0 0.0 66.0552062988 0.0846210420132
0.0 0.0 59.3301086426 0.0517095737159
0.0 0.0 64.3259506226 0.0784296542406
0.0 0.0 61.582572937 0.0763790011406
0.0 0.0 58.0325660706 0.0713260322809
0.0 0.0 63.2427101135 0.0729524344206
0.0 0.0 64.8993835449 0.0528583712876
0.0 0.0 67.6432876587 0.0597305186093
0.0 0.0 64.3723373413 0.0872500166297
0.0 0.0 60.547794342 0.0832535326481
0.0 0.0 61.1113967896 0.101275868714
0.0 0.0 59.5432739258 0.0795326083899
0.0 0.0 67.2968826294 0.0908084586263
0.0 0.0 61.039440155 0.0773032829165
0.0 0.0 62.7513389587 0.148543789983
0.0 0.0 65.1035766602 0.0671276301146
0.0 0.0 66.2016983032 0.0364819094539
0.0 0.0 71.8485641479 0.0728488340974
0.0 0.0 65.0249023438 0.10127606988
0.0 0.0 64.2496185303 0.0555443651974
0.0 0.0 64.8113479614 0.0
0.0 0.0 63.3933792114 0.0365627668798
0.0 0.0 63.4205322266 0.0353873185813
0.0 0.0 63.0542221069 0.0160598438233
0.0 0.0 67.1575775146 0.0628376975656
0.0 0.0 72.8613815308 0.0979391485453
0.0 0.0 67.3843002319 0.096140936017
0.0 0.0 71.0385742188 0.0989453420043
0.0 0.0 71.6015167236 0.0478772968054
0.0 0.0 67.7307281494 0.0619961433113
0.0 0.0 71.7801895142 0.100458040833
0.0 0.0 65.9790496826 0.0637086257339
0.0 0.0 68.8911437988 0.0610437616706
0.0 0.0 70.858001709 0.121503457427
0.0 0.0 68.8439559937 0.0738416463137
0.0 0.0 73.1505050659 0.162151560187
0.0 0.0 67.6817245483 0.264461040497
0.0 0.0 79.7602157593 0.0
0.0 0.0 89.6251831055 0.0
0.0 0.0 75.2446670532 0.0
0.0 0.0 67.9552536011 0.165744185448
0.0 0.0 73.5358657837 0.176511988044
0.0 0.0 67.7211990356 0.223430767655
0.0 0.0 67.1723480225 0.210973158479
0.0 0.0 70.3290328979 0.0
0.0 0.0 77.3998947144 0.0
0.0 0.0 89.1218032837 0.0
0.0 0.0 95.3211593628 0.0
0.0 0.0 68.3135147095 0.169406652451
0.0 0.0 67.8628692627 0.0941976234317
0.0 0.0 70.2858428955 0.0678121745586
0.0 0.0 58.9753303528 0.0695532038808
0.0 0.0 63.3085975647 0.0961163938046
0.0 0.0 65.8008956909 0.0912656486034
0.0 0.0 68.0772857666 0.107149004936
0.0 0.0 71.0627212524 0.0
0.0 0.0 73.1266784668 0.0
0.0 0.0 83.6051940918 0.0
0.0 0.0 88.2847213745 0.0
0.0 0.0 76.887878418 0.130211412907
0.0 0.0 68.9585266113 0.161834597588
0.0 0.0 68.6606674194 0.145059719682
0.0 0.0 80.017036438 0.142797186971
0.0 0.0 70.8534011841 0.0
0.0 0.0 68.6923141479 0.0440864041448
0.0 0.0 71.3640594482 0.0
0.0 0.0 72.623336792 0.0
0.0 0.0 76.2308502197 0.136389613152
0.0 0.0 70.0473480225 0.118073835969
0.0 0.0 67.3048324585 0.0677798464894
0.0 0.0 66.4609069824 0.112913578749
0.0 0.0 68.6533355713 0.0808820053935
0.0 0.0 67.1770935059 0.100048959255
0.0 0.0 62.8396224976 0.08770930022
0.0 0.0 61.9084014893 0.0696195811033
0.0 0.0 68.6881332397 0.0727549493313
0.0 0.0 66.4351959229 0.104930788279
0.0 0.0 67.8563079834 0.109828688204
0.0 0.0 60.3515281677 0.108535073698
0.0 0.0 63.7209701538 0.0927753522992
0.0 0.0 72.1999740601 0.123006798327
0.0 0.0 72.5536117554 0.0884479805827
0.0 0.0 61.4268913269 0.0739868432283
0.0 0.0 65.4240036011 0.0800409540534
0.0 0.0 63.7389640808 0.0757241696119
0.0 0.0 70.1004257202 0.103010989726
0.0 0.0 63.9595527649 0.138357043266
0.0 0.0 70.5258331299 0.148545190692
0.0 0.0 68.9612960815 0.0594810880721
0.0 0.0 63.4682731628 0.123859547079
0.0 0.0 67.3566207886 0.0565650835633
0.0 0.0 64.9338607788 0.0594192557037
0.0 0.0 68.2456893921 0.0936463624239
0.0 0.0 66.0752487183 0.033660069108
0.0 0.0 65.1384353638 0.0468748249114
0.0 0.0 67.9316482544 0.0862615928054
0.0 0.0 60.8865852356 0.0542826205492
0.0 0.0 67.0641708374 0.0900833457708
0.0 0.0 63.90026474 0.0863513872027
0.0 0.0 70.5026702881 0.0638091266155
0.0 0.0 71.0253219604 0.105853229761
0.0 0.0 63.8691329956 0.0789780020714
0.0 0.0 68.8712005615 0.0588875673711
0.0 0.0 71.5068054199 0.053886808455
0.0 0.0 70.6036605835 0.0733964219689
0.0 0.0 67.858253479 0.0817950367928
0.0 0.0 70.2987670898 0.0977921038866
0.0 0.0 68.8235626221 0.0
0.0 0.0 70.897895813 0.0
0.0 0.0 66.4595718384 0.136406764388
0.0 0.0 79.8823165894 0.0758163034916
0.0 0.0 72.4567184448 0.056805241853
0.0 0.0 66.2132492065 0.0897478684783
0.0 0.0 65.3343048096 0.0802076160908
0.0 0.0 74.0446014404 0.0708412528038
0.0 0.0 70.3183746338 0.122341230512
0.0 0.0 63.2006378174 0.0756526589394
0.0 0.0 70.5237503052 0.0605300180614
0.0 0.0 67.6222000122 0.0781179443002
0.0 0.0 69.4862594604 0.0910290256143
0.0 0.0 71.22631073 0.116351127625
0.0 0.0 66.149520874 0.242713958025
0.0 0.0 77.066947937 0.168952941895
0.0 0.0 83.2113342285 0.169346868992
0.0 0.0 74.5956878662 0.0
0.0 0.0 69.0051727295 0.0
0.0 0.0 79.4385147095 0.0
0.0 0.0 96.9298706055 0.0
0.0 0.0 68.7775878906 0.436313122511
0.0 0.0 94.2254638672 0.507947325706
0.0 0.0 95.5520706177 0.510700762272
0.0 0.0 115.262954712 0.442629396915
0.0 0.0 88.850769043 0.369670301676
0.0 0.0 83.0530014038 0.0
0.0 0.0 100.809822083 0.0
0.0 0.0 112.765052795 0.0
0.0 0.0 103.530448914 0.0
0.0 0.0 89.7205505371 0.0
0.0 0.0 77.7446975708 0.0
0.0 0.0 96.5052947998 0.0
0.0 0.0 79.572845459 0.454598158598
0.0 0.0 54.0582542419 0.0
0.0 0.0 51.0842285156 0.0
0.0 0.0 40.3500709534 0.0
0.0 0.0 34.6813011169 0.117054149508
0.0 0.0 32.5811500549 0.0990405455232
0.0 0.0 32.0510368347 0.0939279422164
0.0 0.0 42.5028686523 0.104696981609
0.0 0.0 52.8563461304 0.0780436992645
0.0 0.0 60.4905395508 0.100104160607
0.0 0.0 65.2811813354 0.0
0.0 0.0 73.3160552979 0.20461858809
0.0 0.0 89.3536834717 0.228717461228
0.0 0.0 92.5155334473 0.420836061239
0.0 0.0 195.89894104 0.581608593464
0.0 0.0 204.389160156 0.565314114094
0.0 0.0 206.716827393 0.525826513767
228.592300415 1.0 280.618591309 0.448804199696
223.222244263 1.0 252.339538574 0.725011885166
217.204193115 1.0 267.676177979 0.834957838058
206.452102661 1.0 260.776916504 0.878755867481
198.774581909 1.0 331.211914063 0.907081842422
195.355056763 1.0 478.694915771 0.93417173624
192.135116577 1.0 532.241516113 0.915448904037
190.860839844 1.0 425.184570313 0.857142746449
0.0 0.0 185.383178711 0.479838341475
0.0 0.0 98.851600647 0.364874333143
0.0 0.0 73.4921264648 0.152497693896
0.0 0.0 77.9524688721 0.128689065576
0.0 0.0 69.9019470215 0.243957608938
0.0 0.0 83.7674407959 0.508873045444
210.989456177 1.0 141.289138794 0.733093440533
208.665496826 1.0 289.988800049 0.828579545021
207.734130859 1.0 320.241607666 0.943098425865
207.31980896 1.0 312.782989502 0.956685841084
207.535125732 1.0 301.672058105 0.956006765366
208.916748047 1.0 279.569335938 0.952668249607
211.410064697 1.0 303.527282715 0.955466806889
212.661682129 1.0 319.150848389 0.95918649435
213.531295776 1.0 330.183074951 0.958420991898
214.780105591 1.0 342.924865723 0.955341994762
215.393264771 1.0 352.30569458 0.951823234558
217.088745117 1.0 354.400817871 0.935941398144
220.317977905 1.0 350.03414917 0.92353272438
224.437774658 1.0 317.352996826 0.91999143362
228.251403809 1.0 302.111328125 0.936914682388
230.010971069 1.0 284.337432861 0.939509689808
230.976242065 1.0 275.918945313 0.948978960514
231.207870483 1.0 267.396911621 0.950056552887
231.718841553 1.0 268.646514893 0.947167098522
231.614120483 1.0 266.014892578 0.936577558517
231.325576782 1.0 257.46270752 0.924439013004
229.758605957 1.0 253.931213379 0.920287251472
229.688064575 1.0 235.252288818 0.894491314888
229.605194092 1.0 203.8487854 0.880554437637
229.662261963 1.0 201.940994263 0.879093408585
226.400253296 1.0 211.940917969 0.877721369267
223.824203491 1.0 225.576538086 0.882790029049
218.071716309 1.0 237.200012207 0.874901771545
212.396118164 1.0 261.937194824 0.891239523888
205.873550415 1.0 267.108062744 0.914162695408
202.838424683 1.0 284.916992188 0.938404560089
200.158599854 1.0 314.245819092 0.953407943249
198.457443237 1.0 327.516540527 0.958477079868
198.262115479 1.0 346.402526855 0.960635066032
196.148025513 1.0 363.27911377 0.966077148914
196.012832642 1.0 368.080169678 0.96741694212
195.715301514 1.0 374.86505127 0.969514250755
195.417251587 1.0 396.369537354 0.968353509903
195.622634888 1.0 394.970031738 0.970936655998
196.454376221 1.0 399.694793701 0.967452347279
197.217498779 1.0 408.666473389 0.968004524708
197.446289063 1.0 395.547210693 0.969191670418
197.672683716 1.0 391.567596436 0.969019711018
197.700698853 1.0 401.284118652 0.971864521503
197.75553894 1.0 411.261230469 0.969686210155
197.891448975 1.0 405.123931885 0.973239898682
198.089447021 1.0 414.394195557 0.977740824223
198.142333984 1.0 455.533996582 0.979319989681
198.053131104 1.0 498.867889404 0.981702625751
198.142196655 1.0 522.759155273 0.982314169407
198.191894531 1.0 525.879821777 0.98378354311
198.828460693 1.0 525.402160645 0.982532143593
198.963668823 1.0 535.451538086 0.978903412819
199.123718262 1.0 540.26739502 0.976942718029
199.600372314 1.0 541.284118652 0.978465557098
199.406692505 1.0 531.621826172 0.981067180634
199.468719482 1.0 515.219238281 0.981862366199
198.892044067 1.0 515.832214355 0.9812271595
198.96723938 1.0 506.270233154 0.981067180634
198.724685669 1.0 493.686767578 0.982442557812
198.635604858 1.0 503.40914917 0.98303103447
198.148513794 1.0 508.251983643 0.983240425587
197.414657593 1.0 498.223144531 0.981503427029
197.253494263 1.0 498.301757813 0.978811383247
197.197311401 1.0 487.679412842 0.974641442299
197.168441772 1.0 457.022857666 0.969425320625
197.140975952 1.0 395.831359863 0.96455180645
197.864334106 1.0 370.494018555 0.961053907871
198.31817627 1.0 347.212219238 0.955032587051
198.253387451 1.0 343.700561523 0.940664112568
197.966003418 1.0 295.69128418 0.917024552822
196.47354126 1.0 212.921875 0.865403711796
195.506195068 1.0 133.710113525 0.810149431229
0.0 0.0 52.322769165 0.339706152678
0.0 0.0 49.9065055847 0.0
0.0 0.0 27.0136756897 0.203198939562
0.0 0.0 37.4411315918 0.131023257971
0.0 0.0 45.5868492126 0.141685560346
0.0 0.0 48.2624511719 0.112916506827
0.0 0.0 63.3137016296 0.0974955335259
0.0 0.0 59.961101532 0.0
0.0 0.0 85.9871826172 0.217701762915
0.0 0.0 133.883209229 0.0
0.0 0.0 108.724327087 0.233263209462
0.0 0.0 96.1177978516 0.0
0.0 0.0 97.1292419434 0.0
0.0 0.0 107.475921631 0.0
0.0 0.0 72.2805404663 0.0864018276334
0.0 0.0 77.0194320679 0.0
0.0 0.0 81.1805725098 0.0
0.0 0.0 91.5983505249 0.0
0.0 0.0 80.6550064087 0.0
0.0 0.0 79.0289535522 0.0
0.0 0.0 103.31678009 0.166022747755
206.859176636 1.0 111.233795166 0.734688341618
202.559295654 1.0 259.472747803 0.841395437717
201.558944702 1.0 457.325134277 0.929817855358
198.987457275 1.0 489.59197998 0.970127761364
199.390472412 1.0 483.791442871 0.973937451839
200.810043335 1.0 468.480651855 0.975816965103
201.701324463 1.0 446.34185791 0.974745571613
202.480545044 1.0 431.768218994 0.973381400108
203.763305664 1.0 421.671661377 0.967984735966
204.707458496 1.0 417.848052979 0.967970311642
205.540512085 1.0 430.497589111 0.971387207508
206.468322754 1.0 420.733276367 0.974958002567
207.058883667 1.0 418.465057373 0.970851540565
207.166427612 1.0 403.881896973 0.965221941471
206.979812622 1.0 369.382110596 0.950671613216
207.104812622 1.0 320.634765625 0.938586235046
206.90562439 1.0 284.062957764 0.918848574162
210.990081787 1.0 221.561965942 0.909575641155
211.982574463 1.0 207.260482788 0.907233417034
214.786407471 1.0 226.141357422 0.914395987988
214.578704834 1.0 239.371383667 0.923171699047
214.240447998 1.0 235.654724121 0.927197575569
211.730270386 1.0 237.049331665 0.927017986774
209.410934448 1.0 249.071136475 0.918932318687
207.343933105 1.0 247.874130249 0.893351316452
202.880844116 1.0 240.139053345 0.88370090723
200.948989868 1.0 209.689224243 0.875346064568
202.960983276 1.0 196.919403076 0.879072666168
203.65713501 1.0 202.456253052 0.900751113892
203.375549316 1.0 244.523849487 0.913340270519
201.247894287 1.0 285.208343506 0.933164298534
198.495742798 1.0 300.519317627 0.947243750095
197.02482605 1.0 312.847290039 0.955349564552
195.776092529 1.0 330.421203613 0.957973659039
194.910385132 1.0 345.490234375 0.960456609726
192.64024353 1.0 373.934356689 0.942355692387
191.983291626 1.0 382.636566162 0.732301414013
191.232757568 1.0 352.216644287 0.47664308548
0.0 0.0 273.922546387 0.323177158833
0.0 0.0 240.013504028 0.0
0.0 0.0 111.876625061 0.0
0.0 0.0 93.277671814 0.0
0.0 0.0 84.0156173706 0.0995791479945
0.0 0.0 69.0512466431 0.0658762305975
0.0 0.0 66.6788787842 0.0578740127385
0.0 0.0 67.9535675049 0.0879356861115
0.0 0.0 68.0079879761 0.121159203351
0.0 0.0 68.9889373779 0.165884032845
0.0 0.0 94.2578582764 0.175014674664
0.0 0.0 86.5880813599 0.125400021672
0.0 0.0 75.341178894 0.0780416503549
0.0 0.0 68.9303588867 0.0848386213183
0.0 0.0 66.9702682495 0.247176378965
0.0 0.0 69.1297454834 0.388460636139
204.692855835 1.0 133.467376709 0.707776844501
203.555007935 1.0 336.832946777 0.807231605053
201.486053467 1.0 387.2315979 0.951868712902
199.238235474 1.0 381.650146484 0.938994884491
198.138336182 1.0 354.595672607 0.898243367672
198.006439209 1.0 234.946136475 0.772331058979
0.0 0.0 102.285751343 0.293374955654
0.0 0.0 79.178527832 0.204268038273
0.0 0.0 65.9315261841 0.051809117198
0.0 0.0 62.9475135803 0.0943304523826
0.0 0.0 67.5986480713 0.110702380538
0.0 0.0 66.4065170288 0.0902305543423
0.0 0.0 66.0352401733 0.114316135645
0.0 0.0 64.1071166992 0.102291822433
0.0 0.0 71.8953323364 0.125173941255
0.0 0.0 71.5196456909 0.0865848213434
0.0 0.0 79.5850067139 0.204830363393
0.0 0.0 72.8266906738 0.199449419975
0.0 0.0 96.8213500977 0.0
0.0 0.0 77.7520217896 0.650614142418
200.786361694 1.0 215.073242188 0.809169828892
198.431289673 1.0 374.127197266 0.908712923527
195.352828979 1.0 418.136108398 0.970029056072
194.537780762 1.0 429.996551514 0.97658008337
194.143768311 1.0 431.755706787 0.976738214493
193.398132324 1.0 435.780212402 0.977269411087
192.792251587 1.0 448.29510498 0.978606462479
191.414047241 1.0 449.294677734 0.978798151016
191.421478271 1.0 440.540710449 0.978241920471
191.407928467 1.0 421.785980225 0.974620819092
191.743988037 1.0 398.346679688 0.970414280891
192.027923584 1.0 393.07510376 0.96665596962
192.25491333 1.0 379.65057373 0.949870586395
193.42376709 1.0 368.584655762 0.939470469952
193.231384277 1.0 324.35647583 0.912409245968
193.528900146 1.0 246.150314331 0.860513806343
190.325683594 1.0 211.691177368 0.758838117123
190.115509033 1.0 130.036636353 0.447082966566
0.0 0.0 78.296043396 0.190644159913
0.0 0.0 70.1476974487 0.0716627314687
0.0 0.0 61.7714996338 0.070955619216
0.0 0.0 66.7173080444 0.0917088985443
0.0 0.0 69.4654159546 0.130504816771
0.0 0.0 72.682975769 0.262692421675
0.0 0.0 80.1272888184 0.596276402473
194.049667358 1.0 230.483230591 0.775576770306
191.625183105 1.0 478.553192139 0.834108948708
189.959289551 1.0 521.032226563 0.971328020096
188.644775391 1.0 536.765136719 0.980414628983
187.604095459 1.0 532.435852051 0.978915214539
187.07623291 1.0 540.905944824 0.977570235729
187.064376831 1.0 518.141479492 0.96276897192
188.770843506 1.0 463.928894043 0.950376331806
189.486129761 1.0 361.471466064 0.932735979557
188.332061768 1.0 290.018585205 0.898518979549
187.901428223 1.0 237.842575073 0.816657483578
185.617721558 1.0 164.91519165 0.610187232494
0.0 0.0 93.4595947266 0.167847752571
0.0 0.0 73.4471969604 0.087431140244
0.0 0.0 71.201965332 0.0714561790228
0.0 0.0 64.7202911377 0.0541425570846
0.0 0.0 77.1475296021 0.0647998526692
0.0 0.0 68.1617050171 0.0915595963597
0.0 0.0 69.1079559326 0.111956417561
0.0 0.0 76.7361068726 0.107318028808
0.0 0.0 84.426940918 0.322985827923
0.0 0.0 76.7443084717 0.0
0.0 0.0 83.9589080811 0.0
0.0 0.0 213.309707642 0.608569204807
188.237869263 1.0 468.166595459 0.739170849323
187.969818115 1.0 583.296508789 0.939446985722
186.893554688 1.0 561.071105957 0.97421079874
187.448669434 1.0 523.529296875 0.981507003307
187.5105896 1.0 498.836578369 0.981594562531
187.927383423 1.0 488.972473145 0.978567242622
188.465744019 1.0 466.821350098 0.969742059708
189.481048584 1.0 411.642547607 0.961896717548
190.682846069 1.0 324.067932129 0.950057923794
193.351242065 1.0 262.97177124 0.931988716125
195.356796265 1.0 192.189575195 0.916618525982
196.531707764 1.0 119.645484924 0.85702508688
197.124038696 1.0 99.7893753052 0.685432136059
0.0 0.0 82.057220459 0.465072870255
0.0 0.0 101.733047485 0.291088730097
0.0 0.0 85.6823577881 0.190237894654
0.0 0.0 52.1336479187 0.21856623888
0.0 0.0 74.9489364624 0.104303181171
0.0 0.0 71.2244567871 0.0693723112345
0.0 0.0 66.1678619385 0.151457250118
0.0 0.0 85.4279632568 0.0885106772184
0.0 0.0 109.155578613 0.0994410067797
0.0 0.0 77.2790679932 0.0667765289545
0.0 0.0 72.6367340088 0.0
0.0 0.0 99.0823059082 0.0
0.0 0.0 100.413459778 0.0
0.0 0.0 66.1049880981 0.132706686854
0.0 0.0 85.0117797852 0.0825522243977
0.0 0.0 68.4736862183 0.0823713243008
0.0 0.0 71.5205230713 0.0930724591017
0.0 0.0 66.2110366821 0.116848692298
0.0 0.0 61.358379364 0.0579157620668
0.0 0.0 65.7844696045 0.200748771429
0.0 0.0 69.2745056152 0.485077381134
204.433822632 1.0 112.874740601 0.738588273525
202.583145142 1.0 309.43081665 0.835876166821
201.783584595 1.0 375.555755615 0.957321465015
200.661361694 1.0 406.490020752 0.971035838127
198.700393677 1.0 455.727813721 0.97612029314
197.628997803 1.0 491.332519531 0.980614006519
197.990951538 1.0 482.964324951 0.978594362736
198.155471802 1.0 458.267120361 0.974900245667
198.767150879 1.0 409.524780273 0.969212830067
198.85319519 1.0 380.937133789 0.966305673122
198.539993286 1.0 374.519775391 0.959799349308
197.690917969 1.0 363.832855225 0.949097216129
196.866195679 1.0 333.107513428 0.914349734783
196.755371094 1.0 257.956848145 0.830225169659
193.364318848 1.0 186.935546875 0.696212291718
0.0 0.0 96.9410324097 0.243137091398
0.0 0.0 73.1619567871 0.16112112999
0.0 0.0 70.7712783813 0.0
0.0 0.0 69.1493606567 0.0
0.0 0.0 71.1536178589 0.0
0.0 0.0 85.0145187378 0.0
0.0 0.0 75.3786849976 0.12096850574
0.0 0.0 71.1224136353 0.209605768323
0.0 0.0 87.6514053345 0.140531122684
0.0 0.0 68.3567504883 0.0
0.0 0.0 78.6478652954 0.0768684968352
0.0 0.0 73.0247116089 0.593143820763
0.0 0.0 86.6795272827 0.555148005486
95.6583328247 1.0 335.227539063 0.705292284489
94.899559021 1.0 466.458862305 0.831370592117
94.698135376 1.0 502.711303711 0.966139554977
94.5229873657 1.0 542.191345215 0.962285518646
94.6197738647 1.0 581.708190918 0.965879917145
95.1855163574 1.0 578.412597656 0.965505480766
95.6744384766 1.0 569.596618652 0.98157697916
95.9235839844 1.0 556.717102051 0.978340089321
96.1683197021 1.0 546.967407227 0.972771883011
96.5140380859 1.0 530.268310547 0.969282329082
96.9580078125 1.0 495.34286499 0.95738697052
97.2645797729 1.0 426.788787842 0.945859074593
97.5110397339 1.0 394.020385742 0.939408183098
97.3603744507 1.0 374.055206299 0.942352890968
97.1934127808 1.0 362.721954346 0.953708171844
96.6769256592 1.0 362.864379883 0.948769390583
96.2199859619 1.0 377.25894165 0.95286667347
96.1344528198 1.0 403.474365234 0.914022982121
96.228187561 1.0 422.173278809 0.878973424435
97.2648010254 1.0 444.130615234 0.887142896652
97.2647018433 1.0 512.083740234 0.7135181427
97.2647476196 1.0 552.907348633 0.641305923462
94.6029968262 1.0 407.230560303 0.347010076046
0.0 0.0 186.001281738 0.427898913622
0.0 0.0 75.5854949951 0.151322886348
0.0 0.0 72.7161102295 0.0
0.0 0.0 77.3444213867 0.15532413125
0.0 0.0 62.3939208984 0.176597565413
0.0 0.0 65.1775817871 0.13674607873
0.0 0.0 70.1907653809 0.165951117873
0.0 0.0 73.4301757813 0.133940950036
0.0 0.0 66.4271621704 0.0800173580647
0.0 0.0 62.0833244324 0.0657804459333
0.0 0.0 66.5789260864 0.197528198361
0.0 0.0 76.4779052734 0.0
0.0 0.0 84.1469650269 0.175821095705
0.0 0.0 69.8451080322 0.110741235316
0.0 0.0 73.109046936 0.0801991000772
0.0 0.0 77.0669326782 0.220572471619
0.0 0.0 78.6935424805 0.509306252003
96.2010040283 1.0 282.870330811 0.603433310986
96.9218521118 1.0 622.131347656 0.847474575043
97.2004547119 1.0 586.702331543 0.8636957407
97.6190948486 1.0 555.191894531 0.924407303333
196.20274353 1.0 537.977416992 0.886900782585
195.724014282 1.0 484.43182373 0.918729007244
195.807937622 1.0 369.415008545 0.843008637428
186.762619019 1.0 248.744338989 0.746256649494
0.0 0.0 97.7964553833 0.323598980904
0.0 0.0 70.8110427856 0.0564476437867
0.0 0.0 73.7749099731 0.0948689505458
0.0 0.0 75.44871521 0.0892289802432
0.0 0.0 75.4453735352 0.141078293324
0.0 0.0 76.9738388062 0.0
0.0 0.0 69.1968383789 0.0615696161985
0.0 0.0 75.100769043 0.0
0.0 0.0 76.453994751 0.125268638134
0.0 0.0 70.3146209717 0.313326627016
0.0 0.0 71.9481506348 0.684947490692
93.8835296631 1.0 219.9402771 0.740573585033
92.9394760132 1.0 538.4375 0.852511703968
92.5172576904 1.0 612.57623291 0.960325479507
91.9248275757 1.0 607.703613281 0.954236030579
92.1620864868 1.0 562.687805176 0.903362393379
93.013999939 1.0 536.050354004 0.798138737679
93.8069000244 1.0 496.008850098 0.842782795429
92.9521942139 1.0 517.725097656 0.654088139534
91.8279037476 1.0 600.436035156 0.533060789108
65.8297729492 1.0 613.543945313 0.722832024097
65.8307495117 1.0 360.192199707 0.760737419128
0.0 0.0 411.904663086 0.573405206203
0.0 0.0 469.675689697 0.0
0.0 0.0 199.345275879 0.0
0.0 0.0 101.195999146 0.0
0.0 0.0 205.479827881 0.0
0.0 0.0 227.397384644 0.0
0.0 0.0 110.876647949 0.163065567613
0.0 0.0 107.943580627 0.0
0.0 0.0 204.888778687 0.0
0.0 0.0 166.411514282 0.214506924152
0.0 0.0 212.138092041 0.173368468881
0.0 0.0 139.496932983 0.305360078812
0.0 0.0 132.676712036 0.289169669151
0.0 0.0 138.215240479 0.328964978456
0.0 0.0 108.343330383 0.22035831213
0.0 0.0 92.1439971924 0.214214399457
0.0 0.0 83.8101425171 0.200293928385
0.0 0.0 79.9552841187 0.121855817735
0.0 0.0 75.1150436401 0.0809083729982
0.0 0.0 64.2690963745 0.0
0.0 0.0 70.7194976807 0.096093788743
0.0 0.0 67.5808334351 0.149387419224
0.0 0.0 74.7752532959 0.166947543621
0.0 0.0 89.0314712524 0.141839563847
0.0 0.0 68.5766143799 0.122783914208
0.0 0.0 79.1323165894 0.146149113774
0.0 0.0 72.1001358032 0.0453210771084
0.0 0.0 91.3541793823 0.0900345295668
0.0 0.0 74.9705505371 0.0728943645954
0.0 0.0 78.7352752686 0.0567122101784
0.0 0.0 85.6841049194 0.101457230747
0.0 0.0 87.7532577515 0.105959422886
0.0 0.0 69.8038864136 0.112730652094
0.0 0.0 69.0306243896 0.125756889582
0.0 0.0 76.1782836914 0.170025721192
0.0 0.0 88.6842422485 0.160328403115
0.0 0.0 73.0788650513 0.105419173837
0.0 0.0 72.6966400146 0.049067068845
0.0 0.0 65.842628479 0.0665246769786
0.0 0.0 65.4629669189 0.0864700600505
0.0 0.0 69.4125671387 0.0843513831496
0.0 0.0 67.6928482056 0.0495231933892
0.0 0.0 64.994682312 0.0970146432519
0.0 0.0 67.7297744751 0.0820825397968
0.0 0.0 66.5959854126 0.0565540380776
0.0 0.0 76.4328842163 0.044666044414
0.0 0.0 73.7354431152 0.130226045847
0.0 0.0 75.4877853394 0.103729493916
0.0 0.0 85.5169754028 0.0630736723542
0.0 0.0 72.5506744385 0.0699701532722
0.0 0.0 85.8183670044 0.0841646417975
0.0 0.0 75.038482666 0.0820291563869
0.0 0.0 77.330291748 0.0517239533365
0.0 0.0 80.5255813599 0.0617123432457
0.0 0.0 74.1865005493 0.0405522100627
0.0 0.0 69.8582992554 0.104065671563
0.0 0.0 78.0208969116 0.0697126835585
0.0 0.0 68.152557373 0.121600806713
0.0 0.0 74.1505432129 0.108151502907
0.0 0.0 63.150100708 0.0790459364653
0.0 0.0 70.9233398438 0.0521225221455
0.0 0.0 71.2844772339 0.101413689554
0.0 0.0 63.9701156616 0.0811015814543
0.0 0.0 69.7030639648 0.0519130937755
0.0 0.0 70.0830001831 0.0641515627503
0.0 0.0 73.8120803833 0.0713318958879
0.0 0.0 67.0257720947 0.0610627159476
0.0 0.0 63.1346893311 0.135120853782
0.0 0.0 69.6068496704 0.169710040092
0.0 0.0 66.9275512695 0.159220933914
0.0 0.0 69.1776809692 0.159236505628
0.0 0.0 69.9421386719 0.138913452625
0.0 0.0 67.5150299072 0.0637381002307
0.0 0.0 70.00756073 0.081237912178
0.0 0.0 61.8858070374 0.0894005298615
0.0 0.0 67.8323364258 0.0
0.0 0.0 72.5504226685 0.103033550084
0.0 0.0 70.5725021362 0.0975178033113
0.0 0.0 68.8330078125 0.13426117599
0.0 0.0 66.1748123169 0.0533866733313
0.0 0.0 73.7348327637 0.0
0.0 0.0 73.5429458618 0.0492363162339
0.0 0.0 65.7481231689 0.0977922976017
0.0 0.0 65.1115570068 0.101787209511
0.0 0.0 62.4652023315 0.0480830445886
0.0 0.0 71.5898742676 0.0535472519696
0.0 0.0 69.1363449097 0.0823396742344
0.0 0.0 64.9791870117 0.0
0.0 0.0 73.5872268677 0.0
0.0 0.0 74.661315918 0.0
0.0 0.0 72.4393768311 0.0
0.0 0.0 93.4855880737 0.0
0.0 0.0 87.779083252 0.14060421288
0.0 0.0 80.6777267456 0.0942643284798
0.0 0.0 71.7745437622 0.0
0.0 0.0 74.2935714722 0.129797354341
0.0 0.0 70.7886657715 0.140418484807
0.0 0.0 67.5571594238 0.104873642325
0.0 0.0 62.8907699585 0.0739519000053
0.0 0.0 64.9253234863 0.076761983335
0.0 0.0 67.8477325439 0.0604577921331
0.0 0.0 65.3286056519 0.108973175287
0.0 0.0 66.9466400146 0.0939123928547
0.0 0.0 69.6249237061 0.0614707395434
0.0 0.0 60.2494697571 0.130157738924
0.0 0.0 64.9039001465 0.0819439068437
0.0 0.0 70.0824432373 0.15601927042
0.0 0.0 69.3073654175 0.112604565918
0.0 0.0 69.7747421265 0.0665055513382
0.0 0.0 65.4237823486 0.0646765381098
0.0 0.0 69.3908843994 0.0690689086914
0.0 0.0 63.8600921631 0.112275607884
0.0 0.0 64.7192459106 0.107680730522
0.0 0.0 66.0429458618 0.0705964490771
0.0 0.0 60.0614013672 0.0769340917468
0.0 0.0 69.9686279297 0.0625940933824
0.0 0.0 67.7868041992 0.092560082674
0.0 0.0 63.0764160156 0.0264886058867
0.0 0.0 65.9592666626 0.0908103436232
0.0 0.0 65.469619751 0.0520322062075
0.0 0.0 67.5135269165 0.187397539616
0.0 0.0 66.7738189697 0.108756743371
0.0 0.0 61.7643241882 0.107719540596
0.0 0.0 67.143989563 0.0702208429575
0.0 0.0 62.7934646606 0.0
0.0 0.0 70.699546814 0.0506659559906
0.0 0.0 64.94480896 0.0696156322956
0.0 0.0 60.7355880737 0.0647984147072
0.0 0.0 62.8329544067 0.0
0.0 0.0 63.7651672363 0.0
0.0 0.0 68.3325195313 0.0488690547645
0.0 0.0 65.8705978394 0.0502689629793
0.0 0.0 64.8400344849 0.0945877805352
0.0 0.0 62.983581543 0.0737431645393
0.0 0.0 61.997379303 0.0567554235458
0.0 0.0 70.0051193237 0.0444566644728
0.0 0.0 67.8265609741 0.061421006918
0.0 0.0 59.7996444702 0.076583147049
0.0 0.0 64.6727981567 0.0625525414944
0.0 0.0 62.0431213379 0.0638539046049
0.0 0.0 69.1915817261 0.10407410562
0.0 0.0 66.0353622437 0.119489304721
0.0 0.0 66.2236099243 0.107592694461
0.0 0.0 72.9225997925 0.109630271792
0.0 0.0 62.2882957458 0.0582459270954
0.0 0.0 64.2789077759 0.0653749480844
0.0 0.0 67.2822189331 0.0732247456908
0.0 0.0 61.4826011658 0.0701155140996
0.0 0.0 63.4084129333 0.103092513978
0.0 0.0 60.3301544189 0.0579127147794
0.0 0.0 67.4846420288 0.078641757369
0.0 0.0 64.5650634766 0.0628426447511
0.0 0.0 57.8474578857 0.0862647667527
0.0 0.0 63.6098403931 0.0866946652532
0.0 0.0 66.9169692993 0.0924001336098
0.0 0.0 69.9827957153 0.0524264834821
0.0 0.0 64.2619171143 0.0919021815062
0.0 0.0 62.8871459961 0.0896286517382
0.0 0.0 66.6934890747 0.0783580318093
0.0 0.0 61.4390983582 0.0759216696024
0.0 0.0 63.8243560791 0.0697691738605
0.0 0.0 68.6409072876 0.10350318253
0.0 0.0 62.7427139282 0.0814376324415
0.0 0.0 65.5142974854 0.0600717440248
0.0 0.0 62.8341636658 0.174714788795
0.0 0.0 72.0960083008 0.0
0.0 0.0 83.8021011353 0.0
0.0 0.0 94.3622665405 0.0
0.0 0.0 84.4323196411 0.0
0.0 0.0 78.5575942993 0.0
0.0 0.0 76.7365570068 0.101423345506
0.0 0.0 74.8545913696 0.0979187265038
0.0 0.0 68.1866455078 0.0
0.0 0.0 68.2595748901 0.119809933007
0.0 0.0 64.1125488281 0.112483039498
0.0 0.0 68.5894317627 0.148798957467
0.0 0.0 65.0811233521 0.0901452749968
0.0 0.0 70.055229187 0.0850496292114
0.0 0.0 67.7746582031 0.0746470019221
0.0 0.0 63.3859367371 0.073930054903
0.0 0.0 63.1098365784 0.0732021406293
0.0 0.0 64.8761291504 0.0956073328853
0.0 0.0 63.8853607178 0.116077937186
0.0 0.0 65.6103744507 0.0691427737474
0.0 0.0 65.9717636108 0.077347189188
0.0 0.0 67.5462417603 0.0549741983414
0.0 0.0 68.7030105591 0.100397326052
0.0 0.0 64.1153640747 0.0515638850629
0.0 0.0 66.0943984985 0.0673454627395
0.0 0.0 63.5167617798 0.0328941643238
0.0 0.0 64.3032455444 0.0534499846399
0.0 0.0 65.1712875366 0.0891665071249
0.0 0.0 59.0472717285 0.0838592499495
0.0 0.0 66.9376907349 0.0556075386703
