0.0 0.0 0.0 0.30186778307
0.0 0.0 38.1664390564 0.192037642002
0.0 0.0 38.4875488281 0.219121858478
0.0 0.0 35.9968757629 0.106845885515
0.0 0.0 38.7292823792 0.11796683073
0.0 0.0 40.7324295044 0.0885007977486
0.0 0.0 40.6846313477 0.120424367487
0.0 0.0 36.1799240112 0.11041803658
0.0 0.0 39.1337280273 0.132686391473
0.0 0.0 36.0736236572 0.0860861688852
0.0 0.0 39.4224853516 0.106191240251
0.0 0.0 39.9511909485 0.0695577859879
0.0 0.0 39.0177383423 0.087494276464
0.0 0.0 37.2455673218 0.0778115689754
0.0 0.0 35.261138916 0.0345201119781
0.0 0.0 38.349521637 0.0275082942098
0.0 0.0 37.2587432861 0.0507373549044
0.0 0.0 34.8443412781 0.094645217061
0.0 0.0 38.0172424316 0.0730811357498
0.0 0.0 33.3999595642 0.0745129957795
0.0 0.0 35.4320068359 0.128850251436
0.0 0.0 36.8731994629 0.0798370465636
0.0 0.0 34.8932876587 0.106023855507
0.0 0.0 39.8468818665 0.09766317904
0.0 0.0 34.2863807678 0.0864235758781
0.0 0.0 36.9324073792 0.102089762688
0.0 0.0 34.7395248413 0.0884247124195
0.0 0.0 34.5279464722 0.13806630671
0.0 0.0 36.0354270935 0.155208811164
0.0 0.0 33.9637641907 0.0856077969074
0.0 0.0 35.6311187744 0.103835150599
0.0 0.0 37.2010612488 0.0917369946837
0.0 0.0 35.0030326843 0.0801424458623
0.0 0.0 34.8760910034 0.151810631156
0.0 0.0 32.6480255127 0.135108247399
0.0 0.0 36.023349762 0.142438426614
0.0 0.0 36.6597290039 0.139112949371
0.0 0.0 33.6220283508 0.121653042734
0.0 0.0 39.8724441528 0.160067006946
0.0 0.0 36.4169921875 0.0678581371903
0.0 0.0 38.5267677307 0.0691618621349
0.0 0.0 37.557975769 0.0833522900939
0.0 0.0 34.1078300476 0.0815245136619
0.0 0.0 38.1819114685 0.0701194107533
0.0 0.0 34.0491409302 0.0641201138496
0.0 0.0 35.0567932129 0.0989683493972
0.0 0.0 36.1802062988 0.0879786983132
0.0 0.0 37.747959137 0.0632819905877
0.0 0.0 37.9875869751 0.0731061175466
0.0 0.0 34.5081939697 0.108342722058
0.0 0.0 34.6987571716 0.0770331248641
0.0 0.0 36.8144721985 0.143269598484
0.0 0.0 35.0950012207 0.138279885054
0.0 0.0 37.996307373 0.147947132587
0.0 0.0 32.974899292 0.0524490177631
0.0 0.0 34.6667671204 0.0437632091343
0.0 0.0 36.6013717651 0.123574458063
0.0 0.0 34.6970901489 0.0
0.0 0.0 41.0494766235 0.0
0.0 0.0 43.3157310486 0.0
0.0 0.0 47.1556396484 0.0
0.0 0.0 42.1180953979 0.133427768946
0.0 0.0 38.3932495117 0.157708361745
0.0 0.0 37.6701698303 0.0772697553039
0.0 0.0 37.755027771 0.17043492198
0.0 0.0 35.9149551392 0.133608981967
0.0 0.0 41.6954612732 0.0
0.0 0.0 39.3969688416 0.0
0.0 0.0 40.0542602539 0.143919274211
0.0 0.0 32.6649093628 0.0924213007092
0.0 0.0 33.88048172 0.111470527947
0.0 0.0 35.3545265198 0.144606634974
0.0 0.0 36.6963615417 0.168017029762
0.0 0.0 42.2480239868 0.243461415172
0.0 0.0 39.9432907104 0.14283259213
0.0 0.0 42.1834487915 0.12252254039
0.0 0.0 37.3907585144 0.120510809124
0.0 0.0 34.7415237427 0.0831115320325
0.0 0.0 42.625038147 0.155630707741
0.0 0.0 35.641242981 0.171796634793
0.0 0.0 35.9659461975 0.0467922389507
0.0 0.0 40.2431030273 0.0961977317929
0.0 0.0 34.9442710876 0.0897022783756
0.0 0.0 35.357635498 0.107246525586
0.0 0.0 34.2846755981 0.0808020457625
0.0 0.0 36.4771308899 0.081312328577
0.0 0.0 36.3727378845 0.150949537754
0.0 0.0 37.6876106262 0.120463550091
0.0 0.0 37.5094642639 0.10943518579
0.0 0.0 34.7387237549 0.100897237659
0.0 0.0 36.2126502991 0.120636157691
0.0 0.0 38.9929771423 0.0743992775679
0.0 0.0 36.0891532898 0.0789929255843
0.0 0.0 36.7027206421 0.0836725309491
0.0 0.0 32.4137229919 0.0976170748472
0.0 0.0 35.6116905212 0.0723142549396
0.0 0.0 37.8558998108 0.0580660775304
0.0 0.0 35.7854652405 0.0521194301546
0.0 0.0 36.3151016235 0.0555898882449
0.0 0.0 35.9810752869 0.0900316908956
0.0 0.0 31.8742675781 0.122751787305
0.0 0.0 36.4061737061 0.0
0.0 0.0 36.6534957886 0.0881622135639
0.0 0.0 36.6975860596 0.116560526192
0.0 0.0 35.3815155029 0.0974683314562
0.0 0.0 33.7105178833 0.0715327039361
0.0 0.0 34.647983551 0.106531009078
0.0 0.0 33.4094047546 0.169632926583
0.0 0.0 34.9841880798 0.0895194709301
0.0 0.0 33.0631828308 0.0726934745908
0.0 0.0 34.134349823 0.079975053668
0.0 0.0 36.0184402466 0.0510803200305
0.0 0.0 32.6153945923 0.0654281005263
0.0 0.0 35.4615936279 0.088886372745
0.0 0.0 34.2390899658 0.0938744023442
0.0 0.0 39.2755012512 0.0969394445419
0.0 0.0 37.4989852905 0.092756524682
0.0 0.0 35.3401565552 0.0568597018719
0.0 0.0 37.7286720276 0.107199750841
0.0 0.0 33.4248657227 0.118904478848
0.0 0.0 36.0452041626 0.0853143185377
0.0 0.0 38.3450431824 0.0769361481071
0.0 0.0 37.0908966064 0.0456353537738
0.0 0.0 35.7468605042 0.107531882823
0.0 0.0 37.068561554 0.127885937691
0.0 0.0 41.5247116089 0.166582539678
0.0 0.0 41.0202865601 0.136630550027
0.0 0.0 36.0449943542 0.183727994561
0.0 0.0 39.2434158325 0.115213528275
0.0 0.0 37.8567886353 0.128134042025
0.0 0.0 38.8744621277 0.150119408965
0.0 0.0 38.6905479431 0.143968448043
0.0 0.0 36.4913368225 0.140788882971
0.0 0.0 34.905456543 0.0
0.0 0.0 33.0775299072 0.0624715797603
0.0 0.0 36.0465011597 0.0831104144454
0.0 0.0 38.8835945129 0.0568256154656
0.0 0.0 36.9242515564 0.0672313943505
0.0 0.0 36.1387176514 0.101994104683
0.0 0.0 33.4062385559 0.0718181654811
0.0 0.0 34.2628517151 0.0968574211001
0.0 0.0 33.9576911926 0.0683499276638
0.0 0.0 32.4356880188 0.090328425169
0.0 0.0 33.5287055969 0.0840681940317
0.0 0.0 34.515499115 0.151359468699
0.0 0.0 35.6114616394 0.077645406127
0.0 0.0 36.0189437866 0.141281217337
0.0 0.0 31.8901557922 0.157456174493
0.0 0.0 39.5867156982 0.222825348377
0.0 0.0 35.2850036621 0.240511149168
0.0 0.0 41.7247123718 0.0
0.0 0.0 43.9009971619 0.202586233616
0.0 0.0 40.5080947876 0.180622473359
0.0 0.0 40.7347946167 0.172252178192
0.0 0.0 36.4972877502 0.110653676093
0.0 0.0 33.7679977417 0.128814265132
0.0 0.0 37.3421897888 0.142960205674
0.0 0.0 33.430519104 0.124960482121
0.0 0.0 32.9256896973 0.0745582059026
0.0 0.0 33.7547569275 0.0642477422953
0.0 0.0 36.742351532 0.06580144912
0.0 0.0 39.8703117371 0.0444698855281
0.0 0.0 34.4800415039 0.0870297625661
0.0 0.0 37.1627616882 0.108948081732
0.0 0.0 37.5005912781 0.15948754549
0.0 0.0 39.0497970581 0.0832126438618
0.0 0.0 38.6766700745 0.125626936555
0.0 0.0 34.9462356567 0.0839047506452
0.0 0.0 36.2743644714 0.0833055600524
0.0 0.0 33.2751808167 0.0553606078029
0.0 0.0 35.8604736328 0.0698036402464
0.0 0.0 37.1737098694 0.119503855705
0.0 0.0 36.5732688904 0.127735793591
0.0 0.0 39.9638442993 0.0522975213826
0.0 0.0 33.1561088562 0.0685125738382
0.0 0.0 35.1515693665 0.0903029888868
0.0 0.0 38.0318641663 0.0723698958755
0.0 0.0 34.9235153198 0.131054520607
0.0 0.0 38.2973861694 0.115677170455
0.0 0.0 36.664806366 0.0465577989817
0.0 0.0 37.559513092 0.0811430588365
0.0 0.0 39.221622467 0.0618334263563
0.0 0.0 34.6261672974 0.145794644952
0.0 0.0 36.5702476501 0.0686847642064
0.0 0.0 33.1051979065 0.103198543191
0.0 0.0 34.9309883118 0.0627009272575
0.0 0.0 37.0591239929 0.0809166803956
0.0 0.0 32.3777046204 0.0414220839739
0.0 0.0 36.8265457153 0.0871829390526
0.0 0.0 32.6802024841 0.0714483857155
0.0 0.0 34.9031867981 0.118374556303
0.0 0.0 38.4497413635 0.0754444748163
0.0 0.0 34.3030166626 0.0585842654109
0.0 0.0 37.5944099426 0.113561093807
0.0 0.0 34.8394584656 0.0652656331658
0.0 0.0 36.2141685486 0.0643213316798
0.0 0.0 36.770652771 0.0617425888777
0.0 0.0 34.4933357239 0.0594727508724
0.0 0.0 36.485294342 0.0859727486968
0.0 0.0 34.4172897339 0.0550088956952
0.0 0.0 37.9466934204 0.0809518247843
0.0 0.0 40.1632385254 0.0380440801382
0.0 0.0 33.5575904846 0.0912216752768
0.0 0.0 38.3786354065 0.0583567284048
0.0 0.0 37.3412513733 0.0841621831059
0.0 0.0 38.9424476624 0.0857285782695
0.0 0.0 38.7074241638 0.124938882887
0.0 0.0 35.3368148804 0.0582929812372
0.0 0.0 35.7468910217 0.0180434212089
0.0 0.0 34.9751548767 0.0972160026431
0.0 0.0 38.1796951294 0.10014680773
0.0 0.0 37.6903114319 0.105231635273
0.0 0.0 35.6606254578 0.128853663802
0.0 0.0 39.1745948792 0.101393163204
0.0 0.0 31.478805542 0.0895394384861
0.0 0.0 35.830165863 0.0959884002805
0.0 0.0 38.300403595 0.0827997103333
0.0 0.0 37.9292144775 0.137287050486
0.0 0.0 35.9893455505 0.0967658534646
0.0 0.0 35.1542930603 0.110444627702
0.0 0.0 37.9387245178 0.0875794440508
0.0 0.0 39.0419464111 0.151420533657
0.0 0.0 31.948299408 0.115047253668
0.0 0.0 34.9710769653 0.111807510257
0.0 0.0 32.0673179626 0.0678067803383
0.0 0.0 34.3134536743 0.0615786574781
0.0 0.0 38.2354431152 0.0848606899381
0.0 0.0 31.9099636078 0.0697613283992
0.0 0.0 32.1852722168 0.0942346677184
0.0 0.0 32.7721138 0.0661383345723
0.0 0.0 33.8660392761 0.028872448951
0.0 0.0 38.1291694641 0.0394412353635
0.0 0.0 35.9226341248 0.0641925409436
0.0 0.0 40.586681366 0.064136505127
0.0 0.0 35.3417129517 0.0884841829538
0.0 0.0 33.1009521484 0.0541355796158
0.0 0.0 37.6831245422 0.0612442195415
0.0 0.0 35.6687774658 0.071835078299
0.0 0.0 38.564125061 0.172221541405
0.0 0.0 38.5998497009 0.148229345679
0.0 0.0 35.4583778381 0.0737787932158
0.0 0.0 38.5360565186 0.142638862133
0.0 0.0 36.8778991699 0.146607875824
0.0 0.0 37.6351547241 0.125223219395
0.0 0.0 36.0864524841 0.0952676236629
0.0 0.0 35.6981163025 0.0947260558605
0.0 0.0 37.8046531677 0.0803838521242
0.0 0.0 33.7980461121 0.107157319784
0.0 0.0 38.7295608521 0.105372071266
0.0 0.0 35.3748703003 0.0482278577983
0.0 0.0 35.0013618469 0.0
0.0 0.0 38.6235961914 0.0861412584782
0.0 0.0 32.3910522461 0.0679202079773
0.0 0.0 35.0220794678 0.0862782225013
0.0 0.0 34.6381759644 0.0795765817165
0.0 0.0 36.8502464294 0.0867601037025
0.0 0.0 35.8114776611 0.0641329512
0.0 0.0 33.727394104 0.0948932543397
0.0 0.0 34.8618469238 0.0959282740951
0.0 0.0 34.6022491455 0.0523742698133
0.0 0.0 36.5491600037 0.115826904774
0.0 0.0 38.264377594 0.168836042285
0.0 0.0 36.3708229065 0.0882265940309
0.0 0.0 34.1885185242 0.102556757629
0.0 0.0 32.9084396362 0.0851460024714
0.0 0.0 32.4203071594 0.0623509660363
0.0 0.0 36.1947669983 0.097314439714
0.0 0.0 31.9022140503 0.0819914638996
0.0 0.0 35.6202011108 0.10913593322
0.0 0.0 35.4996986389 0.0993460938334
0.0 0.0 35.8335723877 0.0154668902978
0.0 0.0 36.642539978 0.101005323231
0.0 0.0 34.8766441345 0.171326115727
0.0 0.0 36.8804779053 0.0905091762543
0.0 0.0 35.9159736633 0.0833808556199
0.0 0.0 36.5887565613 0.0912871360779
0.0 0.0 37.0796051025 0.0518931411207
0.0 0.0 33.4399795532 0.0509225055575
0.0 0.0 38.2540397644 0.0665127485991
0.0 0.0 36.9509353638 0.0512513108552
0.0 0.0 37.5169372559 0.0638610571623
0.0 0.0 38.1720504761 0.0583556070924
0.0 0.0 33.6919631958 0.110384203494
0.0 0.0 33.765838623 0.112246371806
0.0 0.0 34.5209541321 0.101381585002
0.0 0.0 37.1073493958 0.149462923408
0.0 0.0 38.2641792297 0.0798135623336
0.0 0.0 38.6981124878 0.0981742665172
0.0 0.0 41.6427726746 0.0
0.0 0.0 37.9298934937 0.131679549813
0.0 0.0 39.5643615723 0.0998828932643
0.0 0.0 39.8789558411 0.135932460427
0.0 0.0 35.0310401917 0.190691024065
0.0 0.0 37.1987037659 0.190960496664
0.0 0.0 38.7521934509 0.11225066334
0.0 0.0 35.4217224121 0.0906021222472
0.0 0.0 39.1489753723 0.110835298896
0.0 0.0 38.0322914124 0.153588205576
0.0 0.0 36.464389801 0.105135925114
0.0 0.0 33.3918685913 0.134410202503
0.0 0.0 35.3447647095 0.0548119693995
0.0 0.0 39.1892929077 0.143732696772
0.0 0.0 37.7683525085 0.157222285867
0.0 0.0 39.2459411621 0.158219486475
0.0 0.0 38.74036026 0.1341650635
0.0 0.0 40.2537765503 0.121020719409
0.0 0.0 39.2628135681 0.1117663607
0.0 0.0 34.7692718506 0.141538113356
0.0 0.0 36.5141944885 0.0627477020025
0.0 0.0 35.7773475647 0.127176970243
0.0 0.0 38.9696464539 0.153617322445
0.0 0.0 41.4763145447 0.110284499824
0.0 0.0 32.8435668945 0.092698328197
0.0 0.0 35.4469337463 0.0895070359111
0.0 0.0 34.0260734558 0.0587942115963
0.0 0.0 37.7114715576 0.150410786271
0.0 0.0 40.077331543 0.093008838594
0.0 0.0 36.7130203247 0.123269096017
0.0 0.0 37.243221283 0.093905813992
0.0 0.0 35.5654144287 0.136281386018
0.0 0.0 42.0510559082 0.0
0.0 0.0 48.8120689392 0.0
0.0 0.0 52.3462142944 0.0
0.0 0.0 78.0758666992 0.0
0.0 0.0 82.1701431274 0.0
0.0 0.0 95.5018920898 0.0
0.0 0.0 69.1444091797 0.0
0.0 0.0 62.4463195801 0.0
0.0 0.0 49.2221221924 0.0
0.0 0.0 41.1896781921 0.326889544725
0.0 0.0 37.3179016113 0.264319479465
0.0 0.0 50.569732666 0.395650029182
0.0 0.0 41.1797103882 0.0
0.0 0.0 45.398223877 0.0
0.0 0.0 43.5610466003 0.0
0.0 0.0 60.5115737915 0.0
0.0 0.0 137.117507935 0.0
0.0 0.0 191.865203857 0.0
0.0 0.0 371.154907227 0.0
0.0 0.0 911.783691406 0.418400615454
109.720367432 1.0 2229.35522461 0.567677617073
108.387290955 1.0 2436.2109375 0.898633897305
106.525085449 1.0 2195.10180664 0.968485891819
106.120048523 1.0 2176.32373047 0.985111296177
105.425468445 1.0 2096.67431641 0.99901664257
105.390220642 1.0 2097.33813477 0.999477922916
105.425010681 1.0 2083.98803711 0.999392867088
105.719947815 1.0 2069.56811523 0.998932182789
106.177482605 1.0 2052.32543945 0.998101472855
106.841804504 1.0 2037.41247559 0.997090578079
107.816268921 1.0 2028.92163086 0.996063828468
109.239723206 1.0 2021.09912109 0.99306422472
111.685531616 1.0 2016.8371582 0.981975913048
114.240715027 1.0 2000.12451172 0.969800531864
118.304489136 1.0 1966.4921875 0.943403959274
123.904098511 1.0 1913.00109863 0.923367679119
129.667678833 1.0 1887.20825195 0.926177203655
134.572158813 1.0 1902.20996094 0.944221019745
136.665512085 1.0 1904.70666504 0.925418615341
138.129394531 1.0 1586.6328125 0.906403958797
144.361999512 1.0 823.044555664 0.912624418736
141.801864624 1.0 231.024688721 0.710077285767
141.802001953 1.0 111.538032532 0.708766102791
0.0 0.0 49.7379493713 0.0
0.0 0.0 11.1298379898 0.0
0.0 0.0 9.41469192505 0.34251794219
0.0 0.0 4.24064016342 0.392160117626
0.0 0.0 4.32453584671 0.0
0.0 0.0 10.9283800125 0.0
0.0 0.0 21.5144081116 0.316971451044
0.0 0.0 22.3540630341 0.483522206545
0.0 0.0 19.8424797058 0.0
0.0 0.0 32.6063232422 0.303270936012
0.0 0.0 50.5189285278 0.552597343922
0.0 0.0 74.4119110107 0.343053966761
150.706130981 1.0 279.619537354 0.72803413868
146.865570068 1.0 1825.99316406 0.746932685375
145.969451904 1.0 2554.18530273 0.81754976511
139.737838745 1.0 2207.12158203 0.789189636707
147.919998169 1.0 1183.5123291 0.301707029343
0.0 0.0 220.819671631 0.0
0.0 0.0 178.27381897 0.0
0.0 0.0 84.0399169922 0.0
0.0 0.0 42.8651809692 0.0
0.0 0.0 46.9631462097 0.283129155636
0.0 0.0 37.0900421143 0.174158319831
0.0 0.0 38.3586196899 0.138865545392
0.0 0.0 45.576915741 0.0
0.0 0.0 49.5830383301 0.0
0.0 0.0 108.720939636 0.0
0.0 0.0 113.12399292 0.0
0.0 0.0 173.398208618 0.0
0.0 0.0 148.116760254 0.353347212076
149.946304321 1.0 303.330444336 0.762716591358
148.790878296 1.0 1691.14880371 0.819678604603
146.847473145 1.0 2607.69897461 0.911015689373
141.619308472 1.0 2390.54174805 0.929922163486
135.659866333 1.0 2027.37719727 0.919795393944
130.990478516 1.0 1895.97570801 0.967377066612
129.363693237 1.0 1815.19763184 0.985327064991
128.066040039 1.0 1808.91723633 0.991615474224
124.320915222 1.0 1823.24707031 0.943692266941
119.783706665 1.0 1870.58874512 0.937570393085
115.420074463 1.0 1919.22192383 0.954095423222
112.982498169 1.0 1991.91442871 0.924309968948
110.649284363 1.0 2065.58422852 0.871279716492
108.967063904 1.0 1839.61877441 0.775949180126
119.685684204 1.0 1060.88049316 0.490097761154
0.0 0.0 264.258575439 0.0
0.0 0.0 191.974884033 0.0
0.0 0.0 175.128479004 0.0
0.0 0.0 66.8370513916 0.0
0.0 0.0 75.8578414917 0.215202689171
0.0 0.0 66.9820404053 0.260531842709
0.0 0.0 53.1075592041 0.0
0.0 0.0 46.6144866943 0.0
0.0 0.0 66.9525604248 0.0
0.0 0.0 92.4658050537 0.0
0.0 0.0 118.596336365 0.0
0.0 0.0 167.063903809 0.0
0.0 0.0 158.528366089 0.0
0.0 0.0 290.317657471 0.0
0.0 0.0 199.181243896 0.0
0.0 0.0 170.387069702 0.0
0.0 0.0 241.361495972 0.0
0.0 0.0 369.935516357 0.0
0.0 0.0 967.412536621 0.315736413002
0.0 0.0 2500.95581055 0.412980914116
127.998222351 1.0 2281.35913086 0.861467421055
128.6300354 1.0 1802.90002441 0.95365601778
129.050704956 1.0 1678.72253418 0.982323229313
129.785003662 1.0 1620.34448242 0.996409237385
129.494842529 1.0 1639.47436523 0.996850013733
128.678192139 1.0 1667.41674805 0.991637170315
126.506507874 1.0 1695.0222168 0.980923116207
123.758880615 1.0 1728.67150879 0.971399724483
119.50793457 1.0 1772.43737793 0.975013554096
114.478813171 1.0 1814.98657227 0.944006860256
109.977890015 1.0 1834.59802246 0.940766453743
106.016738892 1.0 1827.63305664 0.93877351284
102.517356873 1.0 1782.83911133 0.945641338825
99.6411056519 1.0 1715.80566406 0.967818677425
97.0942459106 1.0 1661.22033691 0.987556040287
95.5722732544 1.0 1642.06896973 0.98903632164
94.5676193237 1.0 1615.84985352 0.987449526787
94.0674514771 1.0 1596.18725586 0.994528651237
93.2397994995 1.0 1587.24035645 0.997852385044
92.7676391602 1.0 1573.70324707 0.998312056065
91.7994003296 1.0 1565.3034668 0.989358603954
89.9523086548 1.0 1577.69445801 0.971883833408
87.7155303955 1.0 1598.95141602 0.98319286108
86.9721603394 1.0 1623.05102539 0.993163645267
86.8952484131 1.0 1708.25964355 0.985708892345
87.2726821899 1.0 1827.25390625 0.927141427994
87.2064590454 1.0 1960.63232422 0.762138187885
87.5116577148 1.0 1724.52880859 0.625060379505
0.0 0.0 986.598327637 0.0
0.0 0.0 322.542724609 0.808010280132
0.0 0.0 220.808929443 0.0
0.0 0.0 178.868713379 0.0
0.0 0.0 83.4580993652 0.0
0.0 0.0 54.4087982178 0.0
0.0 0.0 94.0605239868 0.0
0.0 0.0 456.859405518 0.0
0.0 0.0 553.663269043 0.502793192863
90.751083374 1.0 740.137634277 0.662617504597
92.1801147461 1.0 1411.25476074 0.770996212959
93.3513031006 1.0 1504.07128906 0.876215100288
96.988609314 1.0 1430.68408203 0.953945636749
99.0513076782 1.0 1382.00561523 0.981266796589
99.5726699829 1.0 1431.80932617 0.997342705727
99.0662612915 1.0 1472.91662598 0.996521890163
98.6397323608 1.0 1496.04040527 0.997694969177
98.4784698486 1.0 1511.12341309 0.998292207718
98.944519043 1.0 1522.57226563 0.995988070965
99.2698745728 1.0 1545.8704834 0.99455845356
98.5167694092 1.0 1599.01989746 0.955716371536
97.6602478027 1.0 1700.89428711 0.7879088521
94.7679214478 1.0 1761.22814941 0.673210084438
0.0 0.0 1402.2130127 0.223445296288
0.0 0.0 471.592346191 0.0
0.0 0.0 168.838668823 0.0
0.0 0.0 169.910369873 0.0
0.0 0.0 73.8672561646 0.0
0.0 0.0 116.171844482 0.0
0.0 0.0 106.188224792 0.0
0.0 0.0 213.539108276 0.0
0.0 0.0 150.678741455 0.0
0.0 0.0 129.058731079 0.0
0.0 0.0 146.665298462 0.0
0.0 0.0 141.076705933 0.0
0.0 0.0 385.013305664 0.378852576017
0.0 0.0 992.788024902 0.369265854359
107.916313171 1.0 2205.45141602 0.545749485493
107.66494751 1.0 1845.91430664 0.822845041752
104.661346436 1.0 1653.28662109 0.951436579227
102.421798706 1.0 1494.83666992 0.971605122089
100.667312622 1.0 1425.81213379 0.989939391613
99.185333252 1.0 1379.5012207 0.993030071259
98.2288894653 1.0 1332.62426758 0.996600151062
97.7180633545 1.0 1314.39282227 0.998139321804
97.3519744873 1.0 1308.10644531 0.997349381447
97.1279602051 1.0 1335.16931152 0.997605443001
96.9034881592 1.0 1352.3807373 0.997925341129
96.7030792236 1.0 1370.30297852 0.997949779034
96.6445999146 1.0 1413.5 0.997940480709
96.1888122559 1.0 1452.04431152 0.996319413185
95.4039916992 1.0 1510.40209961 0.99230325222
93.9886932373 1.0 1600.59448242 0.982165157795
91.8286132813 1.0 1660.13891602 0.965428173542
89.4352264404 1.0 1768.18737793 0.942156970501
87.6382369995 1.0 1823.82312012 0.93671554327
85.3547821045 1.0 1746.5012207 0.78418803215
84.3491134644 1.0 1536.42419434 0.627248644829
0.0 0.0 930.550109863 0.240105673671
0.0 0.0 485.909790039 0.0
0.0 0.0 1127.60449219 0.0
0.0 0.0 1464.34680176 0.0
0.0 0.0 1572.89379883 0.5190756917
0.0 0.0 1698.40881348 0.877472221851
0.0 0.0 1381.61767578 0.828017652035
0.0 0.0 1346.22094727 0.433225631714
0.0 0.0 1103.50720215 0.0
0.0 0.0 1021.88531494 0.0
0.0 0.0 1103.67346191 0.0
0.0 0.0 870.685302734 0.0
0.0 0.0 202.059829712 0.0
0.0 0.0 180.611251831 0.0
0.0 0.0 55.3289680481 0.0
0.0 0.0 72.6819458008 0.0
0.0 0.0 119.694099426 0.0
0.0 0.0 59.1028785706 0.0
0.0 0.0 60.5928115845 0.212773799896
0.0 0.0 56.984752655 0.429819107056
0.0 0.0 38.4129943848 0.0
0.0 0.0 40.6962928772 0.0
0.0 0.0 47.1058387756 0.0
0.0 0.0 46.4741172791 0.0
0.0 0.0 48.0045547485 0.239164680243
0.0 0.0 34.9848709106 0.0862574055791
0.0 0.0 36.0879974365 0.0
0.0 0.0 39.2667427063 0.1405518502
0.0 0.0 38.0219039917 0.209860011935
0.0 0.0 41.6386909485 0.113611504436
0.0 0.0 42.3695030212 0.156529843807
0.0 0.0 36.5749435425 0.0
0.0 0.0 38.8772468567 0.0807613879442
0.0 0.0 35.7553977966 0.0768375322223
0.0 0.0 37.2103843689 0.110781721771
0.0 0.0 36.4861755371 0.139608725905
0.0 0.0 42.2848167419 0.0
0.0 0.0 41.3685379028 0.0924451574683
0.0 0.0 36.5390930176 0.106446124613
0.0 0.0 40.3831253052 0.112450219691
0.0 0.0 39.2390670776 0.182572409511
0.0 0.0 37.2059593201 0.137645617127
0.0 0.0 41.1760063171 0.221226885915
0.0 0.0 38.7305717468 0.130764007568
0.0 0.0 43.7181091309 0.0932610034943
0.0 0.0 37.3756942749 0.123597860336
0.0 0.0 32.8735771179 0.0847405865788
0.0 0.0 37.6508407593 0.132338345051
0.0 0.0 37.2862510681 0.118635423481
0.0 0.0 38.6712417603 0.0817004665732
0.0 0.0 38.4754104614 0.195861563087
0.0 0.0 40.2895278931 0.169426128268
0.0 0.0 37.6608123779 0.165530487895
0.0 0.0 39.1672821045 0.0
0.0 0.0 40.067943573 0.0
0.0 0.0 36.1091270447 0.128960639238
0.0 0.0 33.2286148071 0.103208847344
0.0 0.0 35.5068817139 0.0866346508265
0.0 0.0 33.9760894775 0.0838523134589
0.0 0.0 37.2440452576 0.148918390274
0.0 0.0 34.9919929504 0.101387672126
0.0 0.0 36.2201385498 0.116510391235
0.0 0.0 37.5360336304 0.0422837845981
0.0 0.0 36.1946220398 0.127715796232
0.0 0.0 37.5195426941 0.0568827465177
0.0 0.0 34.2685546875 0.0608450882137
0.0 0.0 33.2346229553 0.130418360233
0.0 0.0 35.5205574036 0.13771507144
0.0 0.0 33.0966453552 0.11603346467
0.0 0.0 35.6260757446 0.100900389254
0.0 0.0 35.0538291931 0.0739263668656
0.0 0.0 38.734703064 0.106377236545
0.0 0.0 38.9425048828 0.113646104932
0.0 0.0 35.0832214355 0.0779264718294
0.0 0.0 36.3678474426 0.129716470838
0.0 0.0 37.1138153076 0.0800776258111
0.0 0.0 38.9693183899 0.137801468372
0.0 0.0 39.1282691956 0.082700483501
0.0 0.0 34.8226852417 0.10217589885
0.0 0.0 36.381526947 0.0952324792743
0.0 0.0 37.136806488 0.153139173985
0.0 0.0 35.8737411499 0.066468514502
0.0 0.0 38.8298835754 0.0638025179505
0.0 0.0 38.2306213379 0.179069578648
0.0 0.0 41.8496437073 0.19205160439
0.0 0.0 39.3758888245 0.0907831713557
0.0 0.0 35.8407783508 0.125889346004
0.0 0.0 39.3689842224 0.107925266027
0.0 0.0 38.6756362915 0.104564346373
0.0 0.0 38.1407546997 0.100024826825
0.0 0.0 37.3721847534 0.191012665629
0.0 0.0 35.6603851318 0.209062442183
0.0 0.0 43.0524177551 0.17944611609
0.0 0.0 36.486831665 0.162381082773
0.0 0.0 37.4743423462 0.0
0.0 0.0 39.2196502686 0.0
0.0 0.0 43.9006500244 0.0
0.0 0.0 48.0335617065 0.0
0.0 0.0 42.0512809753 0.0
0.0 0.0 41.73254776 0.112099707127
0.0 0.0 36.8290901184 0.135695815086
0.0 0.0 34.7068519592 0.0407864712179
0.0 0.0 38.3016853333 0.103884071112
0.0 0.0 35.4268608093 0.185159519315
0.0 0.0 34.5201301575 0.104981221259
0.0 0.0 34.0382118225 0.159021690488
0.0 0.0 36.6268043518 0.0853711366653
0.0 0.0 39.3617553711 0.0
0.0 0.0 38.4643478394 0.15163320303
0.0 0.0 37.7884559631 0.0725432261825
0.0 0.0 36.1694450378 0.145913690329
0.0 0.0 35.7806968689 0.078601129353
0.0 0.0 38.072303772 0.151480913162
0.0 0.0 35.804309845 0.134562820196
0.0 0.0 35.3592681885 0.0465372726321
0.0 0.0 31.3730449677 0.120334602892
0.0 0.0 35.0496673584 0.0655291676521
0.0 0.0 38.6452140808 0.159066706896
0.0 0.0 36.1546859741 0.187576070428
0.0 0.0 37.3340415955 0.0876962244511
0.0 0.0 38.6144065857 0.179683625698
0.0 0.0 36.9372444153 0.160876959562
0.0 0.0 41.7395362854 0.181181490421
0.0 0.0 38.0871505737 0.200211375952
0.0 0.0 40.2395629883 0.192214116454
0.0 0.0 37.2919425964 0.199969783425
0.0 0.0 39.6504936218 0.145594879985
0.0 0.0 41.4951553345 0.150561198592
0.0 0.0 39.4656906128 0.078241571784
0.0 0.0 38.1640319824 0.110343657434
0.0 0.0 37.1115264893 0.0546290799975
0.0 0.0 35.0199584961 0.0464188121259
0.0 0.0 38.2026329041 0.0751035064459
0.0 0.0 37.8575057983 0.112563312054
0.0 0.0 36.0607261658 0.0881643891335
0.0 0.0 33.8556518555 0.14274135232
0.0 0.0 27.771604538 0.0718843638897
0.0 0.0 32.8416175842 0.0427177809179
0.0 0.0 29.3636417389 0.0999032557011
0.0 0.0 27.713804245 0.0868437513709
0.0 0.0 34.3508605957 0.323541969061
0.0 0.0 36.5674095154 0.0
