0.0 0.0 0.0 0.0606565624475
0.0 0.0 84.6013183594 0.117907658219
0.0 0.0 67.4886856079 0.137615919113
0.0 0.0 83.0503616333 0.0725184902549
0.0 0.0 79.9332046509 0.0884571224451
0.0 0.0 80.6532669067 0.213226392865
0.0 0.0 80.7735900879 0.102409079671
0.0 0.0 71.5075531006 0.0492787510157
0.0 0.0 78.9792480469 0.0728048458695
0.0 0.0 83.1135787964 0.0485642999411
0.0 0.0 82.4533996582 0.0402630381286
0.0 0.0 77.6963348389 0.0581176392734
0.0 0.0 80.3798141479 0.0455316826701
0.0 0.0 79.863243103 0.0624442249537
0.0 0.0 77.6989898682 0.0657795891166
0.0 0.0 76.118560791 0.0791594833136
0.0 0.0 74.7585678101 0.209006890655
0.0 0.0 75.9921417236 0.0629118904471
0.0 0.0 82.842590332 0.103582851589
0.0 0.0 77.9850921631 0.121170468628
0.0 0.0 77.3245544434 0.0741227418184
0.0 0.0 78.1213302612 0.0946781337261
0.0 0.0 72.0121841431 0.0719283744693
0.0 0.0 75.1177749634 0.0768819153309
0.0 0.0 85.3486175537 0.0736311525106
0.0 0.0 81.5885696411 0.0599417127669
0.0 0.0 84.2808532715 0.0873134434223
0.0 0.0 77.6902313232 0.0702277645469
0.0 0.0 82.6573944092 0.0640033558011
0.0 0.0 82.4029388428 0.131506308913
0.0 0.0 78.4465942383 0.0785962119699
0.0 0.0 84.9311065674 0.125575363636
0.0 0.0 76.475944519 0.106982089579
0.0 0.0 84.4559631348 0.0986248999834
0.0 0.0 84.9514083862 0.11379403621
0.0 0.0 79.5793914795 0.0662511065602
0.0 0.0 81.5689697266 0.0708445236087
0.0 0.0 72.6720733643 0.0558982864022
0.0 0.0 86.3429718018 0.0919623300433
0.0 0.0 83.04322052 0.12754252553
0.0 0.0 75.4978256226 0.0605551563203
0.0 0.0 71.3353652954 0.152141749859
0.0 0.0 74.0368728638 0.0668761953712
0.0 0.0 82.8789520264 0.0470671281219
0.0 0.0 79.1237487793 0.0807408690453
0.0 0.0 80.5102767944 0.153915464878
0.0 0.0 85.55418396 0.124519847333
0.0 0.0 74.7156143188 0.132285177708
0.0 0.0 75.9710998535 0.0873877629638
0.0 0.0 75.7481689453 0.163374304771
0.0 0.0 76.3008270264 0.148710295558
0.0 0.0 73.979057312 0.0581698082387
0.0 0.0 73.6611328125 0.134803250432
0.0 0.0 78.1914138794 0.0939719006419
0.0 0.0 73.5108413696 0.0783507451415
0.0 0.0 75.3075714111 0.153045937419
0.0 0.0 79.339630127 0.161779657006
0.0 0.0 73.7881469727 0.128809571266
0.0 0.0 81.9686508179 0.103248663247
0.0 0.0 77.7191772461 0.079073973
0.0 0.0 77.6347732544 0.089203774929
0.0 0.0 75.1007080078 0.0916108712554
0.0 0.0 76.3579101563 0.104011185467
0.0 0.0 82.1673431396 0.124239094555
0.0 0.0 88.8064880371 0.0807409435511
0.0 0.0 88.8737564087 0.171643659472
0.0 0.0 84.0069351196 0.123708024621
0.0 0.0 88.5008773804 0.148754835129
0.0 0.0 85.1552276611 0.108941189945
0.0 0.0 83.1516418457 0.0487897060812
0.0 0.0 82.6733398438 0.100791044533
0.0 0.0 80.3001785278 0.109078213573
0.0 0.0 79.5772247314 0.0830947011709
0.0 0.0 81.6452331543 0.0823561027646
0.0 0.0 78.9207839966 0.0789963826537
0.0 0.0 77.4469451904 0.0448403395712
0.0 0.0 89.0453948975 0.0661131590605
0.0 0.0 72.6931686401 0.0950440391898
0.0 0.0 80.4252471924 0.12484510988
0.0 0.0 78.3105010986 0.0960640981793
0.0 0.0 78.6824798584 0.155947208405
0.0 0.0 82.5265350342 0.141521885991
0.0 0.0 74.4292297363 0.132236108184
0.0 0.0 76.7123184204 0.127787217498
0.0 0.0 75.8799285889 0.0641061589122
0.0 0.0 73.7865142822 0.0553604252636
0.0 0.0 74.9143753052 0.0660852789879
0.0 0.0 74.4090042114 0.0554156713188
0.0 0.0 87.7390975952 0.0611788444221
0.0 0.0 77.664276123 0.0564629361033
0.0 0.0 72.8718643188 0.115389585495
0.0 0.0 75.0289840698 0.0485809743404
0.0 0.0 71.5774993896 0.0879833996296
0.0 0.0 77.580947876 0.10651973635
0.0 0.0 78.245803833 0.0738707110286
0.0 0.0 74.7718887329 0.118005611002
0.0 0.0 79.5790481567 0.156592205167
0.0 0.0 78.9596176147 0.160805597901
0.0 0.0 80.4272079468 0.112176440656
0.0 0.0 72.2671508789 0.141130819917
0.0 0.0 82.6926574707 0.159388497472
0.0 0.0 86.6423950195 0.0959634408355
0.0 0.0 83.5193557739 0.0751601681113
0.0 0.0 84.5488891602 0.147303774953
0.0 0.0 79.6941375732 0.104856148362
0.0 0.0 81.2176818848 0.07769639045
0.0 0.0 87.4474945068 0.0954634696245
0.0 0.0 77.2529144287 0.0709234848619
0.0 0.0 92.8398513794 0.0629020258784
0.0 0.0 80.4628601074 0.0512014254928
0.0 0.0 71.8308868408 0.0758435577154
0.0 0.0 85.0674133301 0.06790895015
0.0 0.0 74.5952301025 0.0714299827814
0.0 0.0 77.4791183472 0.14452958107
0.0 0.0 81.5437088013 0.198711797595
0.0 0.0 80.3600921631 0.099835716188
0.0 0.0 79.0364303589 0.0724895149469
0.0 0.0 75.588104248 0.122562408447
0.0 0.0 79.5957870483 0.0765691995621
0.0 0.0 82.6989440918 0.0816137492657
0.0 0.0 83.5152359009 0.04903120175
0.0 0.0 82.0970916748 0.0600936077535
0.0 0.0 79.6769866943 0.0595690459013
0.0 0.0 89.4722366333 0.091979727149
0.0 0.0 86.1716384888 0.1291462183
0.0 0.0 77.108581543 0.0918831080198
0.0 0.0 76.8555450439 0.0565867349505
0.0 0.0 74.2452774048 0.0696132853627
0.0 0.0 82.358543396 0.0456457808614
0.0 0.0 76.274810791 0.140612989664
0.0 0.0 76.6429214478 0.109818421304
0.0 0.0 80.1089553833 0.115041993558
0.0 0.0 80.4283447266 0.0536337681115
0.0 0.0 81.3838653564 0.0758882015944
0.0 0.0 77.6505737305 0.0753980129957
0.0 0.0 74.6654815674 0.070774435997
0.0 0.0 76.1663131714 0.0685595944524
0.0 0.0 77.2282409668 0.0813755914569
0.0 0.0 83.6561050415 0.074962630868
0.0 0.0 79.7046585083 0.103108793497
0.0 0.0 79.8601531982 0.0894123911858
0.0 0.0 78.3520965576 0.104201175272
0.0 0.0 74.6083908081 0.111303605139
0.0 0.0 78.0184936523 0.0831542387605
0.0 0.0 78.73412323 0.173440739512
0.0 0.0 77.4961013794 0.116337642074
0.0 0.0 78.7828903198 0.0644894167781
0.0 0.0 75.6340942383 0.114114329219
0.0 0.0 84.1971588135 0.159418597817
0.0 0.0 78.0443496704 0.128731578588
0.0 0.0 80.603477478 0.0764879882336
0.0 0.0 74.7802734375 0.09867182374
0.0 0.0 73.6505813599 0.106802716851
0.0 0.0 83.2302703857 0.128437712789
0.0 0.0 81.4939117432 0.0812471136451
0.0 0.0 78.7775650024 0.132441833615
0.0 0.0 83.1329956055 0.104964196682
0.0 0.0 72.5729827881 0.0890494138002
0.0 0.0 82.0424346924 0.0617879778147
0.0 0.0 74.6259536743 0.0702209323645
0.0 0.0 77.6376342773 0.0978909954429
0.0 0.0 85.8380813599 0.0909334123135
0.0 0.0 76.2719497681 0.153026401997
0.0 0.0 78.6512527466 0.0973414629698
0.0 0.0 73.7219238281 0.077046841383
0.0 0.0 73.8416519165 0.0789721310139
0.0 0.0 79.9566802979 0.0493250079453
0.0 0.0 77.3152236938 0.0782067030668
0.0 0.0 78.8577880859 0.0113849882036
0.0 0.0 75.6890640259 0.0970360189676
0.0 0.0 77.7984848022 0.0934355556965
0.0 0.0 75.1708221436 0.0888743028045
0.0 0.0 78.6458358765 0.0771737620234
0.0 0.0 87.4111557007 0.0627669543028
0.0 0.0 81.3738098145 0.0845857262611
0.0 0.0 75.8036270142 0.0679742321372
0.0 0.0 77.3627471924 0.176930308342
0.0 0.0 80.0220794678 0.19373087585
0.0 0.0 96.9141082764 0.204467669129
0.0 0.0 88.5643005371 0.211050227284
0.0 0.0 79.1178283691 0.0643694996834
0.0 0.0 77.1524887085 0.0785387158394
0.0 0.0 77.751373291 0.0544420406222
0.0 0.0 83.6455078125 0.0888557657599
0.0 0.0 85.1522293091 0.04976914078
0.0 0.0 75.2117156982 0.0702232941985
0.0 0.0 82.9480438232 0.11115796864
0.0 0.0 83.8406066895 0.0884729549289
0.0 0.0 85.5084457397 0.139360487461
0.0 0.0 87.5572433472 0.2008266747
0.0 0.0 98.5439682007 0.0
0.0 0.0 93.5197067261 0.267175078392
0.0 0.0 91.8353805542 0.187949433923
0.0 0.0 83.9851074219 0.115489423275
0.0 0.0 81.633682251 0.119394831359
0.0 0.0 78.3953018188 0.0781516879797
0.0 0.0 77.2415771484 0.073337495327
0.0 0.0 73.2069702148 0.105136483908
0.0 0.0 79.9633407593 0.0710296481848
0.0 0.0 81.5664825439 0.116525553167
0.0 0.0 78.9032363892 0.0763473585248
0.0 0.0 81.6846618652 0.0688265636563
0.0 0.0 74.1946868896 0.103328637779
0.0 0.0 84.5364456177 0.108786128461
0.0 0.0 82.7381973267 0.11413513869
0.0 0.0 74.4031066895 0.126494973898
0.0 0.0 84.0567855835 0.126696258783
0.0 0.0 86.525138855 0.15185880661
0.0 0.0 87.7063980103 0.0447637923062
0.0 0.0 80.6619720459 0.0843383222818
0.0 0.0 77.4813156128 0.091732211411
0.0 0.0 85.2657470703 0.0861578732729
0.0 0.0 79.8923797607 0.0992822051048
0.0 0.0 87.6075668335 0.0788882225752
0.0 0.0 79.3692932129 0.069204621017
0.0 0.0 76.6747817993 0.0511408299208
0.0 0.0 78.3023529053 0.0276572406292
0.0 0.0 72.2423095703 0.056575383991
0.0 0.0 80.48777771 0.116508603096
0.0 0.0 80.0614089966 0.119385831058
0.0 0.0 76.332649231 0.119159191847
0.0 0.0 85.1092300415 0.0968122258782
0.0 0.0 80.483039856 0.055204950273
0.0 0.0 90.4067764282 0.0724172666669
0.0 0.0 88.4919128418 0.0832114443183
0.0 0.0 76.8690948486 0.10275541991
0.0 0.0 82.9524841309 0.0831736922264
0.0 0.0 82.7988891602 0.073697000742
0.0 0.0 87.3261871338 0.124427743256
0.0 0.0 79.006111145 0.0605662614107
0.0 0.0 75.1453475952 0.0752052292228
0.0 0.0 82.6277236938 0.0937860384583
0.0 0.0 81.6608810425 0.0702653378248
0.0 0.0 83.3022232056 0.0
0.0 0.0 88.5793075562 0.116767391562
0.0 0.0 87.5685424805 0.156654208899
0.0 0.0 95.7432861328 0.128857091069
0.0 0.0 80.447883606 0.11022169143
0.0 0.0 85.7896652222 0.0612659752369
0.0 0.0 80.8936233521 0.0653527602553
0.0 0.0 77.5743560791 0.0657431855798
0.0 0.0 77.3011245728 0.0706696137786
0.0 0.0 79.8098068237 0.132801666856
0.0 0.0 89.1784210205 0.123113289475
0.0 0.0 86.0207824707 0.155245214701
0.0 0.0 79.7849273682 0.160250455141
0.0 0.0 86.6515579224 0.132645055652
0.0 0.0 77.5470962524 0.159026935697
0.0 0.0 84.0375900269 0.168567538261
0.0 0.0 82.1526184082 0.119968891144
0.0 0.0 79.6454086304 0.116601087153
0.0 0.0 92.4564056396 0.058226518333
0.0 0.0 74.9513549805 0.176400542259
0.0 0.0 85.7456130981 0.131763800979
0.0 0.0 78.0225448608 0.106907561421
0.0 0.0 78.5136795044 0.100044712424
0.0 0.0 84.5589065552 0.0453771688044
0.0 0.0 75.6831665039 0.0805440619588
0.0 0.0 79.9375762939 0.107178635895
0.0 0.0 76.673286438 0.142995044589
0.0 0.0 81.7491378784 0.173334851861
0.0 0.0 85.0422134399 0.184580534697
0.0 0.0 68.2678375244 0.102295078337
0.0 0.0 80.5781860352 0.0577046982944
0.0 0.0 88.8464660645 0.0938911139965
0.0 0.0 77.6097946167 0.0774191319942
0.0 0.0 87.1739883423 0.102793201804
0.0 0.0 78.2272186279 0.0809650197625
0.0 0.0 86.4729309082 0.117075838149
0.0 0.0 85.9200592041 0.0951180011034
0.0 0.0 77.4123764038 0.105703964829
0.0 0.0 84.6880187988 0.0919489711523
0.0 0.0 75.5213546753 0.111863821745
0.0 0.0 88.1745605469 0.115039221942
0.0 0.0 85.3099746704 0.201134204865
0.0 0.0 83.7235336304 0.124380022287
0.0 0.0 90.732963562 0.226103127003
0.0 0.0 75.1474075317 0.153358176351
0.0 0.0 93.583656311 0.207107946277
0.0 0.0 85.9728012085 0.194203600287
0.0 0.0 79.7664413452 0.148418977857
0.0 0.0 84.5885314941 0.131862387061
0.0 0.0 78.7211532593 0.0
0.0 0.0 81.0489501953 0.0
0.0 0.0 89.9151229858 0.0
0.0 0.0 99.2888565063 0.0
0.0 0.0 91.8804397583 0.0
0.0 0.0 83.8780288696 0.0
0.0 0.0 97.3102645874 0.0
0.0 0.0 115.060997009 0.0
0.0 0.0 109.131652832 0.449367433786
0.0 0.0 86.1022033691 0.215637311339
0.0 0.0 98.5360031128 0.320826083422
0.0 0.0 104.091880798 0.420580506325
0.0 0.0 91.7940979004 0.207652166486
0.0 0.0 91.7354202271 0.14871545136
0.0 0.0 77.4389648438 0.279988199472
0.0 0.0 104.116127014 0.0
0.0 0.0 132.709884644 0.0
0.0 0.0 167.254196167 0.0
0.0 0.0 341.21206665 0.0
0.0 0.0 404.204101563 0.444225430489
82.0414123535 1.0 1516.56091309 0.662916064262
81.1496734619 1.0 3377.50073242 0.888291299343
81.4249420166 1.0 3063.05615234 0.937833368778
83.4883880615 1.0 3351.82421875 0.868008553982
86.574546814 1.0 2668.4375 0.895923256874
87.9864273071 1.0 2749.30126953 0.98179256916
87.8309783936 1.0 2843.28515625 0.983677327633
88.2363510132 1.0 2778.19140625 0.989174246788
88.8692016602 1.0 2842.85253906 0.984472632408
90.4498138428 1.0 2857.87207031 0.958138346672
93.8416671753 1.0 2763.07421875 0.931532263756
96.398223877 1.0 2679.88549805 0.89808601141
99.8495330811 1.0 2657.21557617 0.953004777431
101.750450134 1.0 2633.36181641 0.981387615204
102.236442566 1.0 2638.03515625 0.951284229755
99.3614578247 1.0 2495.44311523 0.762478590012
0.0 0.0 2595.1262207 0.338346898556
0.0 0.0 2722.66772461 0.395633429289
0.0 0.0 2159.26318359 0.27729049325
0.0 0.0 2023.53344727 0.380434334278
0.0 0.0 2691.46972656 0.0
0.0 0.0 1243.6328125 0.0
0.0 0.0 360.72668457 0.0
0.0 0.0 353.461669922 0.0
0.0 0.0 124.617759705 0.0
0.0 0.0 101.883346558 0.0
0.0 0.0 84.9810791016 0.0
0.0 0.0 94.5443344116 0.0
0.0 0.0 125.566581726 0.0
0.0 0.0 114.237731934 0.0
0.0 0.0 227.376159668 0.0
0.0 0.0 437.094726563 0.0
0.0 0.0 651.118835449 0.0
0.0 0.0 1142.40893555 0.45197609067
114.43662262 1.0 1280.96130371 0.741288483143
114.015640259 1.0 1755.94689941 0.981260418892
114.17906189 1.0 1871.28234863 0.990670382977
113.805595398 1.0 1973.79833984 0.996213495731
113.565086365 1.0 1846.4564209 0.996624469757
113.9167099 1.0 1698.69030762 0.995187401772
114.91493988 1.0 1684.62780762 0.995228469372
115.504631042 1.0 1838.40246582 0.997192680836
115.580574036 1.0 2072.28051758 0.998280227184
115.202346802 1.0 2298.24462891 0.997904658318
114.856582642 1.0 2517.33569336 0.997109353542
114.17375946 1.0 2659.16040039 0.995861470699
113.674247742 1.0 2756.94360352 0.99564832449
112.190284729 1.0 2875.63110352 0.982091605663
107.738319397 1.0 2957.73730469 0.847243607044
97.932800293 1.0 2823.26367188 0.661841094494
0.0 0.0 2718.36743164 0.446031063795
0.0 0.0 2518.62939453 0.0
0.0 0.0 2373.5612793 0.0
0.0 0.0 1962.74780273 0.0
0.0 0.0 2472.3034668 0.0
0.0 0.0 865.086730957 0.0
0.0 0.0 371.488830566 0.0
0.0 0.0 314.2081604 0.0
0.0 0.0 285.403533936 0.0
0.0 0.0 1275.9543457 0.0
0.0 0.0 2552.94140625 0.0
0.0 0.0 1793.96691895 0.0
0.0 0.0 3270.14404297 0.0
0.0 0.0 1802.70568848 0.0
0.0 0.0 1116.64001465 0.296344310045
0.0 0.0 707.971374512 0.0
0.0 0.0 1141.81213379 0.0
0.0 0.0 1268.77087402 0.0
0.0 0.0 480.569580078 0.0
0.0 0.0 554.234863281 0.0
0.0 0.0 705.096923828 0.0
0.0 0.0 1383.92004395 0.307271420956
92.2190933228 1.0 2004.16662598 0.724827110767
90.3104324341 1.0 1674.10070801 0.839959740639
88.2065048218 1.0 1583.20166016 0.958791911602
87.5897064209 1.0 1894.5657959 0.9354596138
86.2940368652 1.0 1853.35705566 0.881116271019
84.0983428955 1.0 1529.90270996 0.899123668671
82.6697616577 1.0 1187.43615723 0.919129550457
82.5780181885 1.0 1516.70141602 0.957828879356
82.1543960571 1.0 1491.31921387 0.936516463757
81.8716583252 1.0 1392.12304688 0.969865262508
82.4665222168 1.0 1709.14685059 0.979421794415
83.8248977661 1.0 2168.28637695 0.963111698627
86.2850646973 1.0 2661.57714844 0.947439312935
87.6711273193 1.0 3018.30419922 0.972663938999
88.3165054321 1.0 3250.22265625 0.952419936657
79.3202590942 1.0 3399.43774414 0.679508447647
0.0 0.0 3246.97314453 0.516688644886
0.0 0.0 3283.04174805 0.422012895346
0.0 0.0 2993.57397461 0.0
0.0 0.0 798.531982422 0.0
0.0 0.0 634.077636719 0.0
0.0 0.0 1607.89550781 0.0
0.0 0.0 2010.44604492 0.0
0.0 0.0 827.015808105 0.0
0.0 0.0 463.10269165 0.0
0.0 0.0 260.430908203 0.0
0.0 0.0 106.238838196 0.0
0.0 0.0 96.666305542 0.0
0.0 0.0 126.39263916 0.0
0.0 0.0 139.506332397 0.0
0.0 0.0 126.678909302 0.0
0.0 0.0 104.759368896 0.0
0.0 0.0 92.8437194824 0.225729763508
0.0 0.0 86.4956436157 0.159200593829
0.0 0.0 85.9822006226 0.124618478119
0.0 0.0 86.1255340576 0.091609120369
0.0 0.0 81.5886688232 0.0729359313846
0.0 0.0 87.2058868408 0.136336550117
0.0 0.0 84.5507049561 0.0
0.0 0.0 94.9176635742 0.0
0.0 0.0 146.27494812 0.0
0.0 0.0 178.366531372 0.0
0.0 0.0 164.223770142 0.0
0.0 0.0 92.9185409546 0.0
0.0 0.0 143.628051758 0.159585624933
0.0 0.0 102.043487549 0.152009055018
0.0 0.0 89.7672348022 0.172961875796
0.0 0.0 84.6665420532 0.180694937706
0.0 0.0 85.2783966064 0.0555157028139
0.0 0.0 93.7866821289 0.18389557302
0.0 0.0 91.9812164307 0.166696384549
0.0 0.0 90.1552963257 0.0906285643578
0.0 0.0 93.6130599976 0.104096114635
0.0 0.0 81.8303070068 0.25730150938
0.0 0.0 86.1569747925 0.234076350927
0.0 0.0 103.248908997 0.224299684167
0.0 0.0 103.957679749 0.0
0.0 0.0 98.1090545654 0.317269206047
0.0 0.0 121.211868286 0.36160492897
0.0 0.0 102.19846344 0.0
0.0 0.0 142.705886841 0.0
0.0 0.0 228.831787109 0.0
0.0 0.0 244.825759888 0.53553968668
0.0 0.0 277.113464355 0.624421000481
82.2621841431 1.0 1194.29797363 0.749135315418
81.3074569702 1.0 3034.30688477 0.886123299599
80.6918258667 1.0 2969.32568359 0.968857944012
80.2785644531 1.0 3185.42602539 0.981844544411
80.2202911377 1.0 2867.31396484 0.991641044617
80.0782470703 1.0 2953.8215332 0.99471360445
79.9061126709 1.0 2892.20166016 0.995293080807
79.8882217407 1.0 2958.40185547 0.977105855942
74.7865142822 1.0 2935.83178711 0.736832559109
0.0 0.0 2709.32763672 0.531775653362
0.0 0.0 2314.18457031 0.529688298702
0.0 0.0 2548.48608398 0.0
0.0 0.0 909.885986328 0.0
0.0 0.0 419.038421631 0.0
0.0 0.0 293.653564453 0.0
0.0 0.0 104.284820557 0.0
0.0 0.0 111.132545471 0.0
0.0 0.0 161.418914795 0.0
0.0 0.0 141.766906738 0.0
0.0 0.0 182.43788147 0.0
0.0 0.0 208.087097168 0.48239928484
0.0 0.0 458.21774292 0.520721137524
0.0 0.0 1992.44128418 0.459742426872
84.6365432739 1.0 1733.45800781 0.524087905884
91.6906814575 1.0 2112.0612793 0.83362364769
94.4391555786 1.0 2559.62158203 0.978004992008
94.6862182617 1.0 2575.72021484 0.988568663597
93.8620986938 1.0 2678.75732422 0.949950933456
92.6707839966 1.0 2726.63793945 0.779770612717
89.4906921387 1.0 2417.32177734 0.649956524372
0.0 0.0 1685.24621582 0.0
0.0 0.0 687.334350586 0.0
0.0 0.0 592.039123535 0.0
0.0 0.0 428.0652771 0.0
0.0 0.0 358.275115967 0.0
0.0 0.0 337.18963623 0.0
0.0 0.0 166.971008301 0.0
0.0 0.0 373.418701172 0.0
0.0 0.0 414.41116333 0.548467874527
0.0 0.0 915.819030762 0.546291768551
103.132408142 1.0 2441.30712891 0.701463937759
103.499794006 1.0 3395.00927734 0.906671345234
105.476905823 1.0 3114.02514648 0.996058106422
104.797058105 1.0 3050.92211914 0.995158553123
104.383552551 1.0 2928.74780273 0.996494948864
103.915382385 1.0 2845.0402832 0.997081518173
103.837898254 1.0 2968.29199219 0.997193932533
102.765304565 1.0 3083.36987305 0.993204772472
101.6824646 1.0 3170.66821289 0.991587638855
101.010864258 1.0 3209.67919922 0.998281300068
100.663215637 1.0 3194.50878906 0.9972422719
100.322738647 1.0 3154.97216797 0.995704591274
99.8608169556 1.0 3184.12329102 0.996986627579
99.6791000366 1.0 3167.12817383 0.998062431812
99.554107666 1.0 3163.7175293 0.99876254797
99.4920272827 1.0 3172.01879883 0.998246490955
99.4164733887 1.0 3184.05126953 0.99787569046
98.6571273804 1.0 3192.38134766 0.99543774128
97.9211196899 1.0 3151.96191406 0.996405541897
97.4295272827 1.0 3124.97119141 0.998850226402
96.9902267456 1.0 3106.69360352 0.992984354496
95.1278152466 1.0 3096.37011719 0.919859170914
90.4806900024 1.0 3106.44189453 0.595739483833
0.0 0.0 2978.6940918 0.414692401886
0.0 0.0 2719.01123047 0.499109268188
0.0 0.0 2939.93188477 0.0
0.0 0.0 955.074523926 0.0
0.0 0.0 404.913665771 0.0
0.0 0.0 252.514419556 0.0
0.0 0.0 127.665718079 0.0
0.0 0.0 142.533218384 0.250582665205
0.0 0.0 110.919319153 0.299023211002
0.0 0.0 97.7301330566 0.0
0.0 0.0 168.748397827 0.0
0.0 0.0 178.353134155 0.0
0.0 0.0 210.644607544 0.0
0.0 0.0 448.957580566 0.0
0.0 0.0 318.040039063 0.0
0.0 0.0 829.097595215 0.0
0.0 0.0 898.578063965 0.343065679073
0.0 0.0 1547.89550781 0.503114163876
91.372505188 1.0 2614.89233398 0.713171720505
90.7533721924 1.0 3123.07519531 0.970319986343
90.5975112915 1.0 3191.64379883 0.996124565601
90.2856903076 1.0 3206.40136719 0.997207641602
89.6567840576 1.0 3152.5546875 0.992948949337
88.3322982788 1.0 3145.83959961 0.979734420776
86.2558135986 1.0 3131.8371582 0.950112342834
83.7402420044 1.0 3101.07592773 0.802882015705
81.7021560669 1.0 3048.99609375 0.706707954407
0.0 0.0 2922.61743164 0.177245095372
0.0 0.0 1462.11230469 0.0
0.0 0.0 675.16003418 0.0
0.0 0.0 1070.8729248 0.0
0.0 0.0 874.975219727 0.0
0.0 0.0 1119.47912598 0.655636370182
83.1168746948 1.0 1506.28601074 0.655165016651
86.0044708252 1.0 2246.87890625 0.828937768936
85.778213501 1.0 2493.15966797 0.911771714687
89.0444641113 1.0 2367.61987305 0.923700690269
88.7484207153 1.0 2445.16943359 0.924902319908
87.3073654175 1.0 2385.4074707 0.903565764427
85.1819076538 1.0 2606.72753906 0.959226131439
83.7714920044 1.0 2874.34008789 0.982443332672
82.5303192139 1.0 2877.06689453 0.994455635548
82.1114044189 1.0 2888.4543457 0.996026933193
81.5630950928 1.0 2819.6796875 0.996099174023
80.7863388062 1.0 2889.00219727 0.994114816189
80.3845596313 1.0 2982.25317383 0.995757520199
79.2139434814 1.0 3076.78051758 0.994496166706
78.8389434814 1.0 3061.8918457 0.993125021458
77.9881591797 1.0 2982.6550293 0.994532346725
77.2937164307 1.0 3030.92797852 0.991608142853
76.7880554199 1.0 3184.11328125 0.996639609337
75.5761489868 1.0 3218.10253906 0.988760709763
74.7707214355 1.0 3111.51245117 0.974046766758
73.6934432983 1.0 3110.30712891 0.972938716412
71.269493103 1.0 3205.25708008 0.802332878113
64.1728210449 1.0 3128.03442383 0.852964818478
62.5308570862 1.0 2374.203125 0.885918974876
69.0778274536 1.0 1674.00537109 0.669155418873
0.0 0.0 712.979248047 0.195640042424
0.0 0.0 296.176116943 0.0
0.0 0.0 181.35559082 0.0
0.0 0.0 127.106590271 0.0
0.0 0.0 89.0404663086 0.0
0.0 0.0 89.6922454834 0.0
0.0 0.0 93.1831512451 0.0
0.0 0.0 220.126693726 0.434929728508
0.0 0.0 230.420684814 0.689161360264
0.0 0.0 923.852661133 0.5949010849
77.5328598022 1.0 2605.45581055 0.746682584286
76.9617538452 1.0 3957.76269531 0.944724440575
78.2310409546 1.0 3822.96801758 0.989483177662
78.1844787598 1.0 3597.99536133 0.994772017002
78.4550628662 1.0 3462.18457031 0.997348845005
78.6141662598 1.0 3545.05566406 0.997978329659
78.7919082642 1.0 3611.17822266 0.998433470726
78.6897277832 1.0 3625.62963867 0.998165726662
77.8589096069 1.0 3569.43017578 0.960158348083
77.1084442139 1.0 3595.94067383 0.935679912567
74.509262085 1.0 3627.9765625 0.879779100418
79.6007843018 1.0 2968.79492188 0.580449342728
0.0 0.0 1936.88659668 0.0
0.0 0.0 1079.19543457 0.0
0.0 0.0 1537.8104248 0.210846453905
0.0 0.0 407.401977539 0.44011387229
0.0 0.0 186.262802124 0.202671796083
0.0 0.0 95.9523620605 0.0
0.0 0.0 84.3191146851 0.0
0.0 0.0 97.7465057373 0.307973891497
0.0 0.0 85.6916351318 0.0
0.0 0.0 98.9149856567 0.0
0.0 0.0 100.836242676 0.0
0.0 0.0 96.5036315918 0.210710182786
0.0 0.0 84.0077514648 0.15630158782
0.0 0.0 82.3365859985 0.127664893866
0.0 0.0 78.8553085327 0.0885407105088
0.0 0.0 79.2326965332 0.156106129289
0.0 0.0 76.9243087769 0.112780123949
0.0 0.0 84.7356491089 0.0631884336472
0.0 0.0 79.9236679077 0.106789566576
0.0 0.0 77.1421432495 0.138497367501
0.0 0.0 79.5203475952 0.134514689445
0.0 0.0 77.3632202148 0.137632653117
0.0 0.0 97.2646942139 0.170426815748
0.0 0.0 84.7998504639 0.0565172992647
0.0 0.0 77.9121551514 0.0940820723772
0.0 0.0 81.7446289063 0.0881148725748
0.0 0.0 85.4699172974 0.141037255526
0.0 0.0 84.1128921509 0.104078128934
0.0 0.0 78.6836929321 0.0941181406379
0.0 0.0 78.654800415 0.12144614011
0.0 0.0 76.2715835571 0.122098326683
0.0 0.0 78.5109634399 0.0894729569554
0.0 0.0 88.8384017944 0.0785907432437
0.0 0.0 90.0043258667 0.104708887637
0.0 0.0 85.0032653809 0.108559168875
0.0 0.0 84.1022186279 0.184379607439
0.0 0.0 76.3559188843 0.101225934923
0.0 0.0 89.4851226807 0.0837751179934
0.0 0.0 85.9812469482 0.103579945862
0.0 0.0 79.2779998779 0.11606080085
0.0 0.0 93.1779327393 0.172489136457
0.0 0.0 82.5462112427 0.0
0.0 0.0 85.6134490967 0.235263511539
0.0 0.0 98.1777420044 0.0
0.0 0.0 96.4782943726 0.0
0.0 0.0 104.311950684 0.0
0.0 0.0 111.997489929 0.382186412811
0.0 0.0 227.918930054 0.0
0.0 0.0 317.370147705 0.0
0.0 0.0 923.12512207 0.0
0.0 0.0 1626.1361084 0.0
0.0 0.0 801.549072266 0.466878116131
0.0 0.0 1892.33679199 0.536320328712
69.5148544312 1.0 2190.11914063 0.785909831524
73.5492248535 1.0 2581.10253906 0.959406554699
74.5920944214 1.0 2746.01928711 0.976289868355
74.7081832886 1.0 3122.42553711 0.990865170956
74.3292541504 1.0 3340.00927734 0.985522925854
72.1220779419 1.0 3511.77905273 0.975375950336
70.6529998779 1.0 3426.34106445 0.948314726353
69.705909729 1.0 3375.65820313 0.958655595779
72.2302703857 1.0 3366.76220703 0.760641992092
68.3274154663 1.0 2604.39916992 0.585085749626
66.805809021 1.0 2398.16748047 0.651832044125
67.8884429932 1.0 3252.51660156 0.726927161217
73.4506835938 1.0 3094.19750977 0.925250947475
76.3737869263 1.0 3092.94628906 0.958743393421
78.6644744873 1.0 3343.7590332 0.958954274654
81.5483093262 1.0 3376.4387207 0.971150934696
83.4781341553 1.0 3074.89624023 0.963584721088
85.9219589233 1.0 2858.73364258 0.984922409058
87.9367218018 1.0 2677.08081055 0.988717257977
89.7208557129 1.0 2581.79077148 0.981525540352
92.2390518188 1.0 2490.86181641 0.978862583637
95.3100967407 1.0 2376.2890625 0.969606220722
98.9637374878 1.0 2238.32739258 0.968563258648
102.008430481 1.0 2227.41186523 0.966615140438
105.048118591 1.0 2456.5300293 0.964931964874
108.036048889 1.0 2807.33251953 0.970690250397
111.354164124 1.0 3110.71240234 0.978279054165
114.451797485 1.0 3207.46557617 0.989104390144
116.485221863 1.0 3220.03466797 0.99387216568
118.313583374 1.0 3248.51171875 0.993183970451
119.469276428 1.0 3271.33251953 0.996417999268
120.08416748 1.0 3301.75024414 0.998357951641
120.075263977 1.0 3356.20996094 0.998038291931
119.638412476 1.0 3412.80249023 0.996312320232
117.138221741 1.0 3527.32324219 0.978807806969
114.91645813 1.0 3619.7824707 0.958871126175
111.299346924 1.0 3582.40942383 0.921428084373
107.502838135 1.0 3471.76977539 0.795530796051
105.764663696 1.0 3455.64428711 0.678271234035
0.0 0.0 3066.99609375 0.274330705404
0.0 0.0 2112.90185547 0.0
0.0 0.0 3373.08862305 0.0
0.0 0.0 1851.07617188 0.0
0.0 0.0 1656.19104004 0.569950222969
93.9984054565 1.0 3026.36547852 0.681082308292
94.2763824463 1.0 3374.18359375 0.96131926775
92.2319869995 1.0 3377.31469727 0.951105237007
90.1430664063 1.0 3307.49951172 0.898370563984
87.6722946167 1.0 3300.39208984 0.96198540926
86.4540405273 1.0 3263.59326172 0.98482632637
86.4897384644 1.0 3444.07763672 0.98813700676
85.8324279785 1.0 3407.19262695 0.992850601673
85.7210617065 1.0 3300.85473633 0.997121334076
85.7663879395 1.0 3382.22875977 0.997369408607
86.4928436279 1.0 3414.31103516 0.995759129524
87.0508575439 1.0 3397.62695313 0.991405725479
87.905632019 1.0 3361.71264648 0.995735108852
88.4605941772 1.0 3361.09570313 0.998310089111
88.6911468506 1.0 3395.51342773 0.999105751514
88.7947387695 1.0 3412.88305664 0.999118387699
88.6819610596 1.0 3426.10375977 0.998940944672
88.5912017822 1.0 3397.71337891 0.998883664608
88.4284744263 1.0 3392.70825195 0.999091565609
88.2148666382 1.0 3325.07421875 0.997983217239
87.7334289551 1.0 3298.47802734 0.996413707733
86.9136505127 1.0 3270.81420898 0.991795599461
86.83959198 1.0 3263.48217773 0.993253827095
86.9461975098 1.0 3294.15991211 0.990804493427
86.92603302 1.0 3396.96411133 0.982848465443
86.0143203735 1.0 3434.57275391 0.947837710381
78.6058044434 1.0 3404.95532227 0.728857457638
0.0 0.0 3164.52880859 0.527220845222
0.0 0.0 2789.04492188 0.333243638277
0.0 0.0 2898.3137207 0.0
0.0 0.0 999.408569336 0.0
0.0 0.0 1770.22631836 0.0
0.0 0.0 2301.47485352 0.0
0.0 0.0 1208.9486084 0.528292834759
0.0 0.0 2258.76904297 0.649278640747
83.6966018677 1.0 2330.58837891 0.744288623333
87.2409591675 1.0 2874.71411133 0.966542959213
88.3117828369 1.0 3110.65722656 0.993356466293
89.0662460327 1.0 3072.56152344 0.993562400341
89.9359207153 1.0 3181.97705078 0.994854092598
90.5505447388 1.0 3260.69726563 0.997817456722
90.8251724243 1.0 3286.83569336 0.998414695263
90.6426773071 1.0 3313.22509766 0.997773647308
90.3226623535 1.0 3341.43798828 0.997794151306
89.6987075806 1.0 3384.59692383 0.996317327023
88.6111907959 1.0 3375.82714844 0.981386482716
87.5114059448 1.0 3418.73828125 0.983586966991
84.1590042114 1.0 3365.95263672 0.95768725872
81.4248657227 1.0 3432.52587891 0.914727389812
78.2216949463 1.0 3375.79199219 0.884321689606
76.9421157837 1.0 2986.21240234 0.726597905159
87.6713790894 1.0 2681.40600586 0.576414942741
88.8895645142 1.0 2102.16796875 0.839328050613
85.8199691772 1.0 2817.99243164 0.78506141901
82.1874694824 1.0 3290.66772461 0.853610217571
77.404510498 1.0 3249.54248047 0.66735380888
0.0 0.0 3145.04248047 0.38125488162
0.0 0.0 3257.02661133 0.0
0.0 0.0 2398.16015625 0.0
0.0 0.0 2952.99389648 0.0
0.0 0.0 2967.54980469 0.0
0.0 0.0 2318.83447266 0.288784295321
0.0 0.0 2531.46166992 0.550608158112
84.1367340088 1.0 3877.31982422 0.889380812645
84.8152694702 1.0 3072.26025391 0.98091340065
84.4147796631 1.0 3183.42456055 0.991552352905
83.1295852661 1.0 3146.07592773 0.990800499916
81.5633468628 1.0 3213.58129883 0.923089981079
77.7328186035 1.0 3353.76855469 0.766846656799
75.5883026123 1.0 3382.34106445 0.793707430363
71.0765991211 1.0 3768.8359375 0.65303081274
0.0 0.0 2524.98486328 0.507461190224
0.0 0.0 2518.21704102 0.0
0.0 0.0 2356.046875 0.0
0.0 0.0 639.52911377 0.0
0.0 0.0 566.921447754 0.0
0.0 0.0 365.761138916 0.0
0.0 0.0 499.329498291 0.0
0.0 0.0 950.312438965 0.255243182182
0.0 0.0 1855.17407227 0.370832562447
81.1496353149 1.0 2397.43652344 0.627111017704
80.2241134644 1.0 4111.88964844 0.911737978458
82.5451889038 1.0 3782.98950195 0.975044310093
82.4681015015 1.0 3784.52026367 0.994423568249
82.2509841919 1.0 3741.61206055 0.99211114645
81.2941436768 1.0 3811.87207031 0.991414248943
80.6759872437 1.0 3877.56396484 0.995035648346
79.9438858032 1.0 3877.02246094 0.997492134571
79.5968322754 1.0 3886.86987305 0.995827257633
79.2603759766 1.0 3726.35986328 0.998131811619
79.1320724487 1.0 3721.24145508 0.998951792717
79.231918335 1.0 3811.48193359 0.999238789082
79.5285949707 1.0 3834.11547852 0.998457074165
79.8750305176 1.0 3732.62231445 0.995759606361
80.5489654541 1.0 3665.17944336 0.99117654562
79.2733459473 1.0 3731.796875 0.913911581039
76.6161117554 1.0 3835.17211914 0.790016949177
74.3389205933 1.0 3629.86230469 0.585532784462
0.0 0.0 3655.96801758 0.0
0.0 0.0 2682.93579102 0.0
0.0 0.0 1400.56066895 0.0
0.0 0.0 2094.86401367 0.0
0.0 0.0 786.100646973 0.0
0.0 0.0 231.911315918 0.0
0.0 0.0 183.449539185 0.0
0.0 0.0 87.6022720337 0.230234503746
0.0 0.0 83.7366638184 0.0754312947392
0.0 0.0 79.7774353027 0.0851606950164
0.0 0.0 81.4610977173 0.0666897073388
0.0 0.0 80.6501464844 0.0
0.0 0.0 91.224571228 0.0
0.0 0.0 98.5943908691 0.0
0.0 0.0 81.9827957153 0.260785400867
0.0 0.0 83.2697906494 0.0
0.0 0.0 138.244598389 0.0
0.0 0.0 159.678375244 0.0
0.0 0.0 218.397689819 0.0
0.0 0.0 173.892837524 0.278820425272
0.0 0.0 243.341415405 0.0
0.0 0.0 434.126312256 0.17762029171
0.0 0.0 974.497192383 0.619366884232
78.3936386108 1.0 2871.32836914 0.703597605228
77.6780395508 1.0 3275.04443359 0.887332737446
75.5850219727 1.0 3359.89038086 0.967541217804
74.8079681396 1.0 3176.99829102 0.987266778946
72.7237243652 1.0 3445.42626953 0.969250023365
70.0219039917 1.0 3433.38232422 0.934138715267
68.6951141357 1.0 3224.47143555 0.792207956314
0.0 0.0 3109.11499023 0.5500690341
0.0 0.0 3571.73779297 0.210513427854
0.0 0.0 2305.02050781 0.0
0.0 0.0 996.526123047 0.415839016438
0.0 0.0 438.529937744 0.700251758099
0.0 0.0 917.151550293 0.544354140759
56.90574646 1.0 2273.42749023 0.694627285004
57.7308921814 1.0 2863.01538086 0.89538782835
58.5448226929 1.0 3096.75537109 0.953249037266
57.6856536865 1.0 2408.80664063 0.93595457077
56.0906982422 1.0 2651.01538086 0.987701058388
56.1021347046 1.0 2189.00463867 0.985576868057
56.3613166809 1.0 2493.72363281 0.993553817272
56.3455848694 1.0 1973.77319336 0.991357088089
56.5464324951 1.0 2342.67016602 0.990028917789
57.0829811096 1.0 2130.20385742 0.970255374908
58.2527923584 1.0 2288.58032227 0.962732791901
57.8510742188 1.0 2448.10913086 0.889910101891
57.1322364807 1.0 2185.36035156 0.908104777336
54.7786827087 1.0 2756.52929688 0.800655424595
54.6217575073 1.0 1735.30102539 0.674634814262
0.0 0.0 2398.27075195 0.0
0.0 0.0 1188.59204102 0.0
0.0 0.0 457.964111328 0.0
0.0 0.0 808.595703125 0.359606862068
0.0 0.0 946.917175293 0.508530020714
0.0 0.0 396.180755615 0.852237939835
0.0 0.0 354.89932251 0.801467239857
0.0 0.0 269.866668701 0.775224506855
0.0 0.0 252.86730957 0.41131746769
0.0 0.0 174.94984436 0.0
0.0 0.0 170.001281738 0.0
0.0 0.0 187.903274536 0.0
0.0 0.0 193.72277832 0.0
0.0 0.0 132.15612793 0.0
0.0 0.0 84.6050033569 0.257388710976
0.0 0.0 91.2005844116 0.466796904802
0.0 0.0 120.987213135 0.0
0.0 0.0 175.224136353 0.0
0.0 0.0 184.118179321 0.0
0.0 0.0 114.110900879 0.0
0.0 0.0 89.2928695679 0.161745354533
0.0 0.0 95.0870437622 0.156045645475
0.0 0.0 85.789276123 0.108052693307
0.0 0.0 78.1437225342 0.145620137453
0.0 0.0 83.4619598389 0.107414521277
0.0 0.0 83.2531967163 0.090600296855
0.0 0.0 83.0635757446 0.0684662982821
0.0 0.0 81.329460144 0.118459232152
0.0 0.0 86.6778640747 0.0727909728885
0.0 0.0 89.3072128296 0.117766790092
0.0 0.0 79.0533599854 0.0662348344922
0.0 0.0 82.4279556274 0.108106195927
0.0 0.0 89.8827972412 0.0
0.0 0.0 79.3028030396 0.0
0.0 0.0 108.747528076 0.0
0.0 0.0 112.634544373 0.0
0.0 0.0 86.5369644165 0.0
0.0 0.0 91.701210022 0.0
0.0 0.0 77.9257583618 0.0
0.0 0.0 93.6182022095 0.0
0.0 0.0 90.2053527832 0.0
0.0 0.0 96.2341003418 0.222202435136
0.0 0.0 80.9156494141 0.0651380717754
0.0 0.0 77.5401153564 0.0905960798264
0.0 0.0 79.5303573608 0.0929093882442
0.0 0.0 81.5581893921 0.133126676083
0.0 0.0 86.9953918457 0.109064258635
0.0 0.0 85.1791992188 0.0633935928345
0.0 0.0 78.4542541504 0.0808533653617
0.0 0.0 84.1945419312 0.135367244482
0.0 0.0 82.3121261597 0.106959328055
0.0 0.0 83.409286499 0.0715825483203
0.0 0.0 84.3318939209 0.0955709293485
0.0 0.0 81.0428619385 0.0937851816416
0.0 0.0 92.2244415283 0.0587421655655
0.0 0.0 83.8617782593 0.0776391923428
0.0 0.0 87.5455627441 0.112980388105
0.0 0.0 83.8780975342 0.103663414717
0.0 0.0 73.0055541992 0.102864190936
0.0 0.0 74.6971359253 0.0680279508233
0.0 0.0 76.1204605103 0.131013274193
0.0 0.0 81.2131347656 0.0890797674656
0.0 0.0 83.0160675049 0.0578742660582
0.0 0.0 82.4338150024 0.144855126739
0.0 0.0 77.280166626 0.121815644205
0.0 0.0 75.9562606812 0.0767658874393
0.0 0.0 77.3885803223 0.0928058847785
0.0 0.0 77.5053634644 0.0653592050076
0.0 0.0 80.8020782471 0.106866456568
0.0 0.0 74.1476211548 0.0977416783571
0.0 0.0 71.0468292236 0.0969406664371
0.0 0.0 74.0456771851 0.104492329061
0.0 0.0 82.9650726318 0.143500775099
0.0 0.0 81.3921813965 0.174371212721
0.0 0.0 92.5365905762 0.147773265839
0.0 0.0 87.2497177124 0.15200714767
0.0 0.0 80.9094467163 0.1771594733
0.0 0.0 90.8201065063 0.073307082057
0.0 0.0 86.4371032715 0.100600071251
0.0 0.0 87.5879058838 0.16934196651
0.0 0.0 86.1454467773 0.138679489493
0.0 0.0 78.982170105 0.0
0.0 0.0 90.8926391602 0.156560108066
0.0 0.0 77.5472412109 0.0766251683235
0.0 0.0 82.9457778931 0.0624221153557
0.0 0.0 74.0130767822 0.115874029696
0.0 0.0 90.2210769653 0.16921569407
0.0 0.0 92.6464233398 0.128080591559
0.0 0.0 82.6406860352 0.104378499091
0.0 0.0 76.3466186523 0.142026305199
0.0 0.0 73.4384384155 0.146516174078
0.0 0.0 95.7072372437 0.14889857173
0.0 0.0 88.4832229614 0.0872938930988
0.0 0.0 76.4853210449 0.0468654707074
0.0 0.0 87.2542724609 0.0750985667109
0.0 0.0 77.202911377 0.0889295265079
0.0 0.0 81.8631286621 0.159961163998
0.0 0.0 78.9124908447 0.18583573401
0.0 0.0 81.6558837891 0.166244879365
0.0 0.0 82.4385986328 0.165051952004
0.0 0.0 78.4916610718 0.0521457418799
0.0 0.0 90.146522522 0.0800004974008
0.0 0.0 83.5159759521 0.113668806851
0.0 0.0 81.495300293 0.114591419697
0.0 0.0 83.2271957397 0.100862763822
0.0 0.0 78.0438690186 0.105643033981
0.0 0.0 87.6772766113 0.152321651578
0.0 0.0 86.3957290649 0.104521088302
0.0 0.0 76.0275115967 0.0813893377781
0.0 0.0 77.9300765991 0.103473089635
