0.0 0.0 0.0 0.0
0.0 0.0 80.5818634033 0.0
0.0 0.0 76.3069076538 0.0
0.0 0.0 95.700881958 0.0
0.0 0.0 63.5288047791 0.0
0.0 0.0 94.2153167725 0.0
0.0 0.0 149.176071167 0.0
0.0 0.0 76.2586364746 0.0
0.0 0.0 98.164100647 0.0
0.0 0.0 58.0414390564 0.0
0.0 0.0 19.6400470734 0.0
0.0 0.0 11.4151582718 0.640357077122
0.0 0.0 14.3998241425 0.67163336277
105.534637451 1.0 16.9678516388 0.682454049587
100.958374023 1.0 19.9833850861 0.647184371948
99.7722167969 1.0 21.8418312073 0.700137138367
101.244941711 1.0 22.7150306702 0.658083736897
100.525054932 1.0 23.0254554749 0.629920065403
101.591583252 1.0 22.8758640289 0.618374526501
101.611228943 1.0 21.770980835 0.633712291718
103.782875061 1.0 20.7121734619 0.61496591568
101.854293823 1.0 18.8016738892 0.564291238785
102.074142456 1.0 17.4256038666 0.625973403454
109.881942749 1.0 16.0231285095 0.666192829609
109.964752197 1.0 14.1926927567 0.590764522552
104.917205811 1.0 11.4437570572 0.510874688625
101.377906799 1.0 10.1827745438 0.585848510265
104.234321594 1.0 9.46460151672 0.581790924072
105.610092163 1.0 8.09920978546 0.662259399891
0.0 0.0 6.41842079163 0.0
0.0 0.0 4.04639005661 0.0
0.0 0.0 6.38265180588 0.0
0.0 0.0 20.4238128662 0.0
0.0 0.0 52.4812049866 0.0
0.0 0.0 57.5502967834 0.0
0.0 0.0 59.8999214172 0.0
0.0 0.0 146.170776367 0.0
0.0 0.0 108.813270569 0.0
0.0 0.0 118.535179138 0.0
0.0 0.0 76.0494995117 0.0
0.0 0.0 42.6502151489 0.251594513655
0.0 0.0 39.9122505188 0.0
0.0 0.0 79.0871124268 0.0
0.0 0.0 100.013153076 0.0
0.0 0.0 263.945678711 0.0
0.0 0.0 234.664749146 0.0
0.0 0.0 156.535293579 0.0
0.0 0.0 124.010704041 0.0
0.0 0.0 45.6356163025 0.183716699481
0.0 0.0 31.0984764099 0.0
0.0 0.0 41.3597221375 0.0
0.0 0.0 39.7442779541 0.232711806893
0.0 0.0 34.2819633484 0.278992682695
0.0 0.0 32.5128593445 0.0
0.0 0.0 35.8933181763 0.0
0.0 0.0 38.6971244812 0.13293261826
0.0 0.0 44.4555168152 0.0990472733974
0.0 0.0 36.2304573059 0.0
0.0 0.0 32.9894142151 0.0
0.0 0.0 34.9353294373 0.0
0.0 0.0 57.0427017212 0.0
0.0 0.0 39.1585884094 0.0
0.0 0.0 34.5824165344 0.294648259878
0.0 0.0 35.8680114746 0.557780086994
0.0 0.0 66.1318359375 0.0
0.0 0.0 106.055625916 0.0
0.0 0.0 105.984840393 0.0
0.0 0.0 207.149276733 0.0
0.0 0.0 168.971008301 0.0
0.0 0.0 147.670120239 0.0
0.0 0.0 115.25579834 0.0
0.0 0.0 45.6802825928 0.0
0.0 0.0 38.2019615173 0.0
0.0 0.0 43.1661453247 0.0
0.0 0.0 43.2634468079 0.0
0.0 0.0 37.0281257629 0.0
0.0 0.0 43.0753631592 0.0
0.0 0.0 69.6777877808 0.0
0.0 0.0 103.380691528 0.0
0.0 0.0 92.1331787109 0.0
0.0 0.0 105.707122803 0.0
0.0 0.0 164.35383606 0.0
0.0 0.0 79.5679321289 0.0
0.0 0.0 99.3385696411 0.0
0.0 0.0 66.6089630127 0.0
0.0 0.0 26.7249565125 0.0
0.0 0.0 12.7011890411 0.0
0.0 0.0 13.3909063339 0.716211736202
107.668441772 1.0 17.2196121216 0.652489900589
101.171882629 1.0 20.6459541321 0.679045796394
101.587280273 1.0 22.7610454559 0.699897408485
100.50428009 1.0 24.1586036682 0.652685165405
99.6912689209 1.0 25.1590480804 0.617578923702
100.233009338 1.0 24.865524292 0.673880636692
100.945175171 1.0 23.9395389557 0.671848118305
101.372322083 1.0 22.4174556732 0.657847762108
103.91960907 1.0 21.1643733978 0.653210401535
108.72000885 1.0 19.7237606049 0.604186832905
108.967048645 1.0 17.5562286377 0.525231361389
102.355293274 1.0 15.2724494934 0.550208985806
109.215759277 1.0 14.3916578293 0.619846045971
110.706169128 1.0 11.8639659882 0.560984015465
0.0 0.0 9.63074684143 0.496525734663
0.0 0.0 8.56173324585 0.529350757599
0.0 0.0 7.71754026413 0.645702064037
0.0 0.0 6.56477546692 0.0
0.0 0.0 4.04801559448 0.0
0.0 0.0 5.85282421112 0.0
0.0 0.0 10.2022323608 0.0
0.0 0.0 39.5176963806 0.0
0.0 0.0 59.5803108215 0.0
0.0 0.0 48.2111129761 0.0
0.0 0.0 106.654853821 0.0
0.0 0.0 140.218780518 0.0
0.0 0.0 100.273033142 0.0
0.0 0.0 119.339637756 0.0
0.0 0.0 41.0358963013 0.0
0.0 0.0 37.6964950562 0.0
0.0 0.0 47.1582450867 0.0
0.0 0.0 88.8132400513 0.0
0.0 0.0 105.446388245 0.0
0.0 0.0 235.933959961 0.0
0.0 0.0 232.337097168 0.0
0.0 0.0 155.41897583 0.0
0.0 0.0 118.731285095 0.0
0.0 0.0 38.2952613831 0.0
0.0 0.0 39.3468475342 0.127595454454
0.0 0.0 35.9354400635 0.111200146377
0.0 0.0 36.6751213074 0.12258516252
0.0 0.0 30.3926582336 0.0864756777883
0.0 0.0 35.877746582 0.113051563501
0.0 0.0 32.2878036499 0.0757691934705
0.0 0.0 30.5076713562 0.207885563374
0.0 0.0 31.5982570648 0.193593204021
0.0 0.0 46.6762008667 0.193737849593
0.0 0.0 35.882850647 0.167860612273
0.0 0.0 30.061208725 0.184998005629
0.0 0.0 34.6911430359 0.112492099404
0.0 0.0 41.7318115234 0.0
0.0 0.0 43.96667099 0.0
0.0 0.0 96.1479492188 0.0
0.0 0.0 105.395362854 0.0
0.0 0.0 163.679397583 0.0
0.0 0.0 188.178329468 0.0
0.0 0.0 155.986587524 0.0
0.0 0.0 118.278274536 0.0
0.0 0.0 50.7143936157 0.17327003181
0.0 0.0 38.8524665833 0.0
0.0 0.0 31.3917865753 0.0
0.0 0.0 39.738067627 0.0
0.0 0.0 44.9476699829 0.0
0.0 0.0 40.8184890747 0.306311070919
0.0 0.0 41.7632293701 0.0
0.0 0.0 81.947555542 0.0
0.0 0.0 71.2216796875 0.0
0.0 0.0 75.2942123413 0.525184750557
0.0 0.0 70.1008224487 0.0
0.0 0.0 74.4966812134 0.0
0.0 0.0 137.086425781 0.0
0.0 0.0 69.6177749634 0.0
0.0 0.0 86.1631011963 0.0
0.0 0.0 57.3218955994 0.0
0.0 0.0 23.6640262604 0.0
0.0 0.0 13.4778881073 0.409680604935
0.0 0.0 14.2740068436 0.696443319321
0.0 0.0 16.9551048279 0.641766011715
0.0 0.0 19.2458629608 0.69464212656
0.0 0.0 20.5126953125 0.711349189281
0.0 0.0 21.3065319061 0.664651811123
0.0 0.0 21.5048427582 0.710377156734
0.0 0.0 20.9881496429 0.644615292549
0.0 0.0 20.1138515472 0.457574933767
0.0 0.0 19.6204948425 0.589479982853
0.0 0.0 18.1537151337 0.482936948538
0.0 0.0 14.9144544601 0.427746713161
0.0 0.0 14.31229496 0.618655622005
0.0 0.0 13.4031143188 0.655531287193
0.0 0.0 11.5972700119 0.614658892155
0.0 0.0 9.67202377319 0.0
0.0 0.0 7.27846622467 0.0
0.0 0.0 3.32369494438 0.0
0.0 0.0 9.3205871582 0.0
0.0 0.0 26.512140274 0.0
0.0 0.0 16.4970149994 0.0
0.0 0.0 30.6364250183 0.0
0.0 0.0 35.1591453552 0.0
0.0 0.0 68.5996246338 0.0
0.0 0.0 121.802986145 0.0
0.0 0.0 94.6234970093 0.0
0.0 0.0 109.526054382 0.0
0.0 0.0 37.8078308105 0.132885828614
0.0 0.0 35.7640800476 0.25291877985
0.0 0.0 39.7434501648 0.406917214394
0.0 0.0 61.5608863831 0.0
0.0 0.0 93.1016998291 0.0
0.0 0.0 139.235015869 0.0
0.0 0.0 293.227264404 0.0
0.0 0.0 147.285690308 0.0
0.0 0.0 155.146133423 0.0
0.0 0.0 70.4038162231 0.0
0.0 0.0 38.8719902039 0.0
0.0 0.0 41.3474502563 0.154515594244
0.0 0.0 45.6847915649 0.0
0.0 0.0 37.6893920898 0.0
0.0 0.0 32.7777175903 0.0
0.0 0.0 38.8174858093 0.0
0.0 0.0 38.6811065674 0.139844551682
0.0 0.0 31.6857700348 0.102401077747
0.0 0.0 32.8020477295 0.13069948554
0.0 0.0 36.9716033936 0.0
0.0 0.0 36.681930542 0.113323301077
0.0 0.0 36.1303901672 0.205251947045
0.0 0.0 43.7539176941 0.258592218161
0.0 0.0 68.5465164185 0.0
0.0 0.0 53.5970687866 0.0
0.0 0.0 54.2262229919 0.0
0.0 0.0 49.9893951416 0.0
0.0 0.0 75.7211151123 0.0
0.0 0.0 113.489883423 0.0
0.0 0.0 61.2326660156 0.0
0.0 0.0 79.0126800537 0.0
0.0 0.0 186.490402222 0.0
0.0 0.0 114.91381073 0.0
0.0 0.0 109.725814819 0.250806212425
0.0 0.0 82.1861877441 0.0
0.0 0.0 62.6836471558 0.0
0.0 0.0 67.2482681274 0.0
0.0 0.0 92.9534225464 0.0
0.0 0.0 91.3566665649 0.0
0.0 0.0 125.420379639 0.0
0.0 0.0 194.600845337 0.0
0.0 0.0 448.042022705 0.0
0.0 0.0 461.843292236 0.0
0.0 0.0 344.574035645 0.0
0.0 0.0 333.529327393 0.0
0.0 0.0 164.171508789 0.0
0.0 0.0 139.88885498 0.0
0.0 0.0 50.4833374023 0.0
0.0 0.0 18.2297763824 0.26598611474
0.0 0.0 15.2665233612 0.380320042372
0.0 0.0 10.1983566284 0.447850346565
0.0 0.0 19.4994449615 0.63285535574
0.0 0.0 31.7885246277 0.589847445488
84.2845993042 1.0 106.583610535 0.721598148346
85.9145889282 1.0 98.6364517212 0.773221433163
83.6967391968 1.0 65.4429931641 0.834902882576
86.1147384644 1.0 34.5439453125 0.779150307178
90.616104126 1.0 31.4421482086 0.850995063782
90.9952850342 1.0 28.4743614197 0.811710894108
90.9952392578 1.0 24.5098628998 0.679906368256
91.9969558716 1.0 20.802482605 0.702509820461
77.7327575684 1.0 18.7776527405 0.626456797123
85.8935089111 1.0 15.0079803467 0.752017915249
77.8711929321 1.0 13.0588741302 0.778062045574
85.1729431152 1.0 16.0414962769 0.776307880878
83.5214614868 1.0 16.7181816101 0.814418256283
85.9444732666 1.0 17.2331485748 0.88342666626
85.0822219849 1.0 21.0475463867 0.908101737499
0.0 0.0 18.1187610626 0.512663960457
0.0 0.0 19.8173370361 0.476288467646
0.0 0.0 19.9715175629 0.291030108929
0.0 0.0 47.5709152222 0.0
0.0 0.0 50.6460342407 0.0
0.0 0.0 101.132949829 0.0
0.0 0.0 73.8918914795 0.0
0.0 0.0 108.826301575 0.0
0.0 0.0 88.4213485718 0.0
0.0 0.0 128.235488892 0.0
0.0 0.0 132.421920776 0.0
0.0 0.0 61.3600463867 0.379816830158
0.0 0.0 66.7050933838 0.0
0.0 0.0 107.001068115 0.0
0.0 0.0 261.791625977 0.0
0.0 0.0 179.228988647 0.0
0.0 0.0 261.137664795 0.0
0.0 0.0 189.069854736 0.388484090567
0.0 0.0 559.446716309 0.538679122925
114.956611633 1.0 877.625 0.648214161396
116.528808594 1.0 704.21472168 0.927768290043
115.999717712 1.0 650.757080078 0.920830786228
113.686088562 1.0 603.147155762 0.767179846764
0.0 0.0 491.394042969 0.569981753826
0.0 0.0 516.641296387 0.280037373304
0.0 0.0 285.26852417 0.0
0.0 0.0 203.073135376 0.0
0.0 0.0 95.2070922852 0.330737411976
0.0 0.0 67.3214492798 0.0
0.0 0.0 115.460662842 0.0
0.0 0.0 348.462677002 0.0
0.0 0.0 410.255401611 0.0
0.0 0.0 865.401977539 0.0
0.0 0.0 695.493652344 0.0
0.0 0.0 1172.20617676 0.0
0.0 0.0 642.99609375 0.0
0.0 0.0 441.907775879 0.0
0.0 0.0 513.504333496 0.0
0.0 0.0 240.481140137 0.0
0.0 0.0 356.846343994 0.0
0.0 0.0 204.007171631 0.0
0.0 0.0 167.938354492 0.0
0.0 0.0 115.381507874 0.0
0.0 0.0 184.4425354 0.638538777828
0.0 0.0 149.294616699 0.590013384819
114.723167419 1.0 542.191467285 0.626309096813
109.304290771 1.0 624.234375 0.718314528465
108.097198486 1.0 562.510925293 0.7709197402
102.304374695 1.0 638.158569336 0.93115067482
102.091773987 1.0 619.901550293 0.86857354641
98.7792358398 1.0 685.405334473 0.714219391346
0.0 0.0 597.84197998 0.0
0.0 0.0 664.674499512 0.0
0.0 0.0 676.962646484 0.0
0.0 0.0 860.207519531 0.0
0.0 0.0 517.481445313 0.0
0.0 0.0 552.440124512 0.0
0.0 0.0 293.98236084 0.0
0.0 0.0 208.149276733 0.0
0.0 0.0 139.321609497 0.0
0.0 0.0 95.270980835 0.0
0.0 0.0 174.989181519 0.0
0.0 0.0 192.957214355 0.0
0.0 0.0 109.588058472 0.295660912991
0.0 0.0 120.749984741 0.327096372843
0.0 0.0 194.792739868 0.657481729984
131.848571777 1.0 907.057434082 0.715460598469
132.76600647 1.0 1037.82055664 0.963531672955
134.565063477 1.0 832.323547363 0.974012494087
133.970336914 1.0 786.403869629 0.974032282829
132.625045776 1.0 796.731384277 0.947799384594
129.360595703 1.0 891.632507324 0.841226577759
126.746078491 1.0 956.699523926 0.82244592905
122.292900085 1.0 772.877380371 0.766374230385
0.0 0.0 263.256652832 0.146065637469
0.0 0.0 119.494308472 0.0
0.0 0.0 177.12878418 0.0
0.0 0.0 228.093658447 0.0
0.0 0.0 312.041717529 0.0
0.0 0.0 301.113647461 0.0
0.0 0.0 456.053741455 0.0
0.0 0.0 322.686126709 0.0
0.0 0.0 347.836517334 0.348786264658
0.0 0.0 184.675979614 0.0
0.0 0.0 66.4181518555 0.0
0.0 0.0 242.851364136 0.0
0.0 0.0 233.704956055 0.45685750246
0.0 0.0 281.109466553 0.548098802567
153.527862549 1.0 301.030029297 0.757685363293
149.762710571 1.0 281.707427979 0.861983954906
145.759353638 1.0 361.907196045 0.85040897131
141.476455688 1.0 422.648071289 0.799481451511
140.556274414 1.0 226.15625 0.6161429286
0.0 0.0 192.811004639 0.0
0.0 0.0 388.598632813 0.0
0.0 0.0 388.25491333 0.0
0.0 0.0 446.486724854 0.0
0.0 0.0 158.42048645 0.0
0.0 0.0 211.26940918 0.0
0.0 0.0 79.9105606079 0.0
0.0 0.0 50.4795799255 0.0
0.0 0.0 79.1097412109 0.0
0.0 0.0 82.7100067139 0.0
0.0 0.0 88.7297744751 0.670436561108
0.0 0.0 113.125656128 0.63269507885
99.1903991699 1.0 518.51739502 0.648876786232
98.2599945068 1.0 997.34362793 0.848649740219
94.3951873779 1.0 937.244140625 0.860052525997
96.7763824463 1.0 586.071655273 0.747783958912
0.0 0.0 266.82522583 0.384001165628
0.0 0.0 139.081069946 0.435286790133
0.0 0.0 82.6724853516 0.479239851236
0.0 0.0 117.90309906 0.501014530659
0.0 0.0 107.305664063 0.457285404205
0.0 0.0 74.8175430298 0.369212448597
0.0 0.0 43.4349937439 0.0
0.0 0.0 62.3200569153 0.0
0.0 0.0 30.1792640686 0.0
0.0 0.0 36.2214317322 0.288410305977
0.0 0.0 12.5442428589 0.554002225399
0.0 0.0 10.1120033264 0.735075712204
0.0 0.0 11.0239315033 0.712630927563
0.0 0.0 24.5825500488 0.712153553963
0.0 0.0 52.1347427368 0.433898895979
0.0 0.0 112.059295654 0.59266191721
0.0 0.0 164.637161255 0.567721128464
0.0 0.0 210.057220459 0.364762961864
0.0 0.0 173.033416748 0.266322761774
0.0 0.0 114.774429321 0.0
0.0 0.0 201.033218384 0.0
0.0 0.0 166.548034668 0.0
0.0 0.0 136.876098633 0.0
0.0 0.0 116.034637451 0.0
0.0 0.0 131.027359009 0.0
0.0 0.0 181.35925293 0.0
0.0 0.0 255.220565796 0.0
0.0 0.0 126.020103455 0.0
0.0 0.0 98.7427520752 0.0
0.0 0.0 104.536170959 0.0
0.0 0.0 111.543647766 0.0
0.0 0.0 66.0048065186 0.0
0.0 0.0 37.9129524231 0.0
0.0 0.0 38.4684410095 0.0
0.0 0.0 42.6300048828 0.0
0.0 0.0 63.0284233093 0.0
0.0 0.0 69.8651733398 0.462379693985
0.0 0.0 79.95677948 0.388074666262
0.0 0.0 102.449310303 0.539496004581
0.0 0.0 126.100021362 0.0
0.0 0.0 135.148086548 0.289078325033
102.602668762 1.0 276.223754883 0.578688144684
101.94758606 1.0 258.531158447 0.760880112648
100.230247498 1.0 371.692718506 0.938949465752
100.552505493 1.0 396.717834473 0.931095123291
101.466957092 1.0 576.078674316 0.802380800247
102.238166809 1.0 662.10546875 0.593478798866
0.0 0.0 704.949707031 0.0
0.0 0.0 943.332275391 0.0
0.0 0.0 1584.37731934 0.0
0.0 0.0 1750.8248291 0.0
0.0 0.0 1348.83129883 0.0
0.0 0.0 767.24987793 0.0
0.0 0.0 1116.49780273 0.0
0.0 0.0 577.831665039 0.0
0.0 0.0 365.358764648 0.0
0.0 0.0 354.178985596 0.0
0.0 0.0 189.915145874 0.0
0.0 0.0 158.656967163 0.0
0.0 0.0 52.1145172119 0.230981230736
0.0 0.0 39.6508140564 0.0
0.0 0.0 70.3956756592 0.0
0.0 0.0 162.879196167 0.0
0.0 0.0 184.366989136 0.0
0.0 0.0 164.345001221 0.560420393944
137.339355469 1.0 306.510314941 0.692048311234
135.785430908 1.0 865.54473877 0.710184156895
135.284851074 1.0 706.374206543 0.873235881329
129.059692383 1.0 441.458892822 0.933662354946
129.683334351 1.0 190.112716675 0.884148955345
125.819396973 1.0 82.9552230835 0.756336331367
114.152252197 1.0 46.5026245117 0.851922214031
116.882225037 1.0 36.5195655823 0.752880573273
108.325866699 1.0 18.3512306213 0.565746366978
106.326766968 1.0 10.1369905472 0.668637573719
0.0 0.0 11.8275117874 0.460039198399
0.0 0.0 11.5859289169 0.0
0.0 0.0 15.6204137802 0.0
0.0 0.0 45.57554245 0.0
0.0 0.0 106.484710693 0.0
0.0 0.0 96.0385131836 0.289398938417
0.0 0.0 310.830932617 0.412062466145
81.7230072021 1.0 407.328979492 0.722910225391
81.2912445068 1.0 552.475158691 0.884259879589
82.8172836304 1.0 539.441833496 0.942206025124
84.4919586182 1.0 647.943481445 0.942224860191
81.4727935791 1.0 719.742004395 0.865888834
79.9333724976 1.0 817.290649414 0.820192098618
78.247253418 1.0 943.466491699 0.882531523705
78.1123733521 1.0 918.139221191 0.871404767036
80.2804336548 1.0 578.480895996 0.835453867912
0.0 0.0 368.708526611 0.495061308146
0.0 0.0 154.747543335 0.348265767097
0.0 0.0 84.8720321655 0.0
0.0 0.0 266.742706299 0.0
0.0 0.0 233.864593506 0.0
0.0 0.0 321.55255127 0.329826563597
0.0 0.0 238.581893921 0.0
0.0 0.0 131.484664917 0.0
0.0 0.0 409.959411621 0.0
0.0 0.0 280.943389893 0.0
0.0 0.0 209.538085938 0.451517909765
0.0 0.0 413.891967773 0.61344730854
0.0 0.0 511.205749512 0.596150994301
0.0 0.0 542.319213867 0.272729128599
0.0 0.0 640.796325684 0.272023409605
0.0 0.0 812.131835938 0.309025615454
0.0 0.0 1035.359375 0.236976474524
0.0 0.0 1263.69934082 0.241746887565
0.0 0.0 1203.37792969 0.460934579372
0.0 0.0 902.931213379 0.631449639797
0.0 0.0 882.966125488 0.733630597591
0.0 0.0 762.390258789 0.563454508781
0.0 0.0 983.476318359 0.64019626379
0.0 0.0 921.632263184 0.353256374598
0.0 0.0 707.717590332 0.428977012634
0.0 0.0 426.272705078 0.0
0.0 0.0 356.783721924 0.0
0.0 0.0 346.856231689 0.639123797417
0.0 0.0 134.185714722 0.0
0.0 0.0 176.176239014 0.0
0.0 0.0 269.857879639 0.0
0.0 0.0 208.249404907 0.0
0.0 0.0 296.843963623 0.0
0.0 0.0 152.725387573 0.0
0.0 0.0 135.242523193 0.515681505203
0.0 0.0 141.737304688 0.716936767101
122.293281555 1.0 482.572509766 0.772845506668
120.75479126 1.0 1061.33557129 0.891612410545
117.657554626 1.0 1157.37280273 0.927069664001
116.285583496 1.0 854.383422852 0.940065443516
113.442604065 1.0 671.829833984 0.882956385612
117.503189087 1.0 594.732849121 0.806157946587
106.432899475 1.0 565.9609375 0.579242825508
112.544029236 1.0 518.567138672 0.477785676718
96.9989242554 1.0 662.34161377 0.559073865414
100.737174988 1.0 553.447265625 0.68422049284
96.3704452515 1.0 496.461517334 0.870594918728
97.9273147583 1.0 486.721435547 0.780178070068
94.6640014648 1.0 454.527740479 0.664282500744
90.7774276733 1.0 352.242645264 0.590423226357
89.7801818848 1.0 205.86088562 0.876807630062
88.0515518188 1.0 331.137481689 0.85484534502
87.3263244629 1.0 527.092712402 0.830154120922
86.9447937012 1.0 634.194458008 0.551688969135
0.0 0.0 566.219116211 0.42375549674
0.0 0.0 498.961853027 0.0
0.0 0.0 307.906402588 0.0
0.0 0.0 276.603942871 0.0
0.0 0.0 191.323928833 0.0
0.0 0.0 110.735336304 0.0
0.0 0.0 71.1278686523 0.0
0.0 0.0 74.1505966187 0.0
0.0 0.0 58.7691345215 0.250588357449
0.0 0.0 105.450759888 0.575621724129
0.0 0.0 177.512908936 0.560805916786
84.5919036865 1.0 525.167541504 0.680862247944
84.1220779419 1.0 808.110290527 0.936743319035
82.7618331909 1.0 652.592224121 0.92079937458
81.4882125854 1.0 617.3515625 0.935248970985
79.8482818604 1.0 610.570068359 0.948687255383
78.9098587036 1.0 554.308532715 0.9644292593
78.4210891724 1.0 554.890258789 0.959932267666
78.5248794556 1.0 547.250366211 0.953704178333
78.642616272 1.0 499.016113281 0.93575078249
78.5266799927 1.0 592.935852051 0.94001352787
79.5596542358 1.0 510.01348877 0.929168581963
79.7155151367 1.0 564.52722168 0.94364875555
80.5574874878 1.0 441.783203125 0.957555413246
79.8216552734 1.0 466.641845703 0.960318744183
79.1480712891 1.0 409.20199585 0.764123678207
0.0 0.0 421.62020874 0.500742852688
0.0 0.0 440.094573975 0.0
0.0 0.0 322.590118408 0.0
0.0 0.0 146.982452393 0.0
0.0 0.0 105.659698486 0.0
0.0 0.0 106.735092163 0.0
0.0 0.0 93.9621582031 0.0
0.0 0.0 78.9181976318 0.0
0.0 0.0 144.149276733 0.0
0.0 0.0 274.135498047 0.0
0.0 0.0 123.733421326 0.269331902266
0.0 0.0 106.643302917 0.0
0.0 0.0 259.527374268 0.0
0.0 0.0 174.594100952 0.505089581013
0.0 0.0 167.153747559 0.0
0.0 0.0 205.561889648 0.0
0.0 0.0 359.838928223 0.0
0.0 0.0 352.881561279 0.0
0.0 0.0 196.416732788 0.0
0.0 0.0 129.058517456 0.0
0.0 0.0 90.85572052 0.0
0.0 0.0 138.257446289 0.0
0.0 0.0 139.358169556 0.0
0.0 0.0 105.75806427 0.0
54.3718223572 1.0 139.415618896 0.866577088833
56.5975036621 1.0 111.825965881 0.876568436623
59.789730072 1.0 115.350708008 0.906896948814
60.3998527527 1.0 107.682762146 0.908135831356
59.5286903381 1.0 105.064422607 0.884280025959
58.4525413513 1.0 104.380187988 0.884211659431
58.4388580322 1.0 111.509284973 0.874702990055
61.2806549072 1.0 112.392570496 0.863262474537
65.7084121704 1.0 103.647911072 0.783338904381
70.1717834473 1.0 99.3745269775 0.767442345619
74.9461212158 1.0 91.1448745728 0.860659718513
76.9099273682 1.0 87.5915298462 0.846451103687
80.6049118042 1.0 81.498550415 0.778532445431
83.6968994141 1.0 69.3294677734 0.80467158556
85.5821456909 1.0 67.075012207 0.820489048958
85.0311965942 1.0 68.0800704956 0.77566832304
85.0519104004 1.0 61.6626663208 0.714087545872
86.8251037598 1.0 45.2728118896 0.606194555759
0.0 0.0 39.0697135925 0.44361910224
0.0 0.0 30.059053421 0.195638403296
0.0 0.0 21.3016262054 0.0909660384059
0.0 0.0 19.5796527863 0.102586783469
0.0 0.0 17.4538784027 0.0696169286966
0.0 0.0 16.4919166565 0.0117747792974
0.0 0.0 14.4000644684 0.0
0.0 0.0 14.0318632126 0.0
0.0 0.0 15.3417711258 0.0
0.0 0.0 19.1052055359 0.0
0.0 0.0 16.3998394012 0.0
0.0 0.0 10.7906961441 0.0
0.0 0.0 12.619679451 0.0
0.0 0.0 38.8739356995 0.0
0.0 0.0 43.7940979004 0.0
0.0 0.0 26.8160705566 0.0
0.0 0.0 43.0443611145 0.0
0.0 0.0 94.0503768921 0.0
0.0 0.0 222.093780518 0.0
0.0 0.0 152.683166504 0.0
0.0 0.0 157.976928711 0.0
0.0 0.0 77.7001876831 0.0
0.0 0.0 42.2006187439 0.0
0.0 0.0 33.538192749 0.0
0.0 0.0 31.2549495697 0.0833145081997
0.0 0.0 34.4703292847 0.184656262398
0.0 0.0 29.7452087402 0.15645866096
0.0 0.0 32.8923797607 0.141750901937
0.0 0.0 33.1275978088 0.260637462139
0.0 0.0 32.0651054382 0.213170364499
0.0 0.0 36.5131950378 0.0
0.0 0.0 34.2843360901 0.0
0.0 0.0 31.9738998413 0.221337333322
0.0 0.0 34.5611724854 0.161049082875
0.0 0.0 44.8276672363 0.16797272861
0.0 0.0 41.153377533 0.216655611992
0.0 0.0 31.0540428162 0.194328442216
0.0 0.0 33.5300865173 0.0
0.0 0.0 47.5919952393 0.0
0.0 0.0 43.8315925598 0.0
0.0 0.0 62.2558174133 0.0
0.0 0.0 93.5915985107 0.0
0.0 0.0 91.7869949341 0.0
0.0 0.0 211.3412323 0.0
0.0 0.0 141.764038086 0.0
0.0 0.0 148.486755371 0.0
0.0 0.0 76.3996505737 0.0
0.0 0.0 34.6798591614 0.0
0.0 0.0 39.1184768677 0.0
0.0 0.0 41.1862564087 0.0
0.0 0.0 45.3987770081 0.0
0.0 0.0 45.886341095 0.0
0.0 0.0 35.8902702332 0.123625583947
0.0 0.0 32.7560424805 0.0
0.0 0.0 36.0850067139 0.0
0.0 0.0 74.5831222534 0.0
0.0 0.0 130.853134155 0.0
0.0 0.0 139.390975952 0.0
0.0 0.0 105.395576477 0.0
0.0 0.0 100.997749329 0.0
0.0 0.0 53.6557655334 0.0
0.0 0.0 68.7812423706 0.0
0.0 0.0 49.664440155 0.0
0.0 0.0 55.6745033264 0.0
0.0 0.0 53.1071929932 0.0
0.0 0.0 26.76354599 0.0
0.0 0.0 16.9929542542 0.386428534985
0.0 0.0 16.0428791046 0.728071510792
0.0 0.0 16.1238193512 0.701112449169
0.0 0.0 15.8144073486 0.665314793587
0.0 0.0 15.6864118576 0.538970053196
0.0 0.0 16.46600914 0.524475097656
0.0 0.0 16.5372714996 0.594611823559
0.0 0.0 15.3992061615 0.363244652748
0.0 0.0 15.1632528305 0.607335746288
0.0 0.0 14.9947004318 0.0
0.0 0.0 11.6182985306 0.0
0.0 0.0 6.9203619957 0.0
0.0 0.0 15.4341697693 0.0
0.0 0.0 29.9627323151 0.0
0.0 0.0 20.9228401184 0.265561789274
0.0 0.0 14.4147930145 0.0
0.0 0.0 17.0172214508 0.0
0.0 0.0 46.4081115723 0.0
0.0 0.0 47.6703720093 0.0
0.0 0.0 77.8920059204 0.0
0.0 0.0 67.2659759521 0.0
0.0 0.0 42.6802406311 0.0
0.0 0.0 53.9703598022 0.343662917614
0.0 0.0 39.0493659973 0.530124008656
0.0 0.0 49.2813186646 0.568059980869
0.0 0.0 52.7044143677 0.62050807476
0.0 0.0 60.9550056458 0.523693978786
0.0 0.0 58.9317131042 0.579694092274
0.0 0.0 63.0675430298 0.0
0.0 0.0 66.6259002686 0.231011360884
0.0 0.0 137.895187378 0.0
0.0 0.0 85.5035934448 0.0
0.0 0.0 155.522903442 0.0
0.0 0.0 170.80128479 0.0
0.0 0.0 107.472892761 0.0
