0.0 0.0 0.0 0.0608400031924
0.0 0.0 129.358917236 0.072481200099
0.0 0.0 125.255073547 0.0953988805413
0.0 0.0 120.434295654 0.0433251857758
0.0 0.0 110.172935486 0.0594586730003
0.0 0.0 128.609512329 0.0611697174609
0.0 0.0 116.402664185 0.0624370723963
0.0 0.0 115.251434326 0.05133837834
0.0 0.0 122.093101501 0.0662398412824
0.0 0.0 117.428894043 0.0731439068913
0.0 0.0 132.468719482 0.0741267502308
0.0 0.0 119.519340515 0.114528037608
0.0 0.0 124.29196167 0.0722102075815
0.0 0.0 127.493522644 0.0722555443645
0.0 0.0 120.367141724 0.0791861414909
0.0 0.0 133.963745117 0.0606370195746
0.0 0.0 120.852233887 0.0377251803875
0.0 0.0 118.997207642 0.0551905855536
0.0 0.0 130.362747192 0.0770415589213
0.0 0.0 128.222595215 0.104415282607
0.0 0.0 136.307800293 0.0473999977112
0.0 0.0 123.57119751 0.0637943893671
0.0 0.0 119.085754395 0.0608617328107
0.0 0.0 120.966468811 0.22398930788
0.0 0.0 132.851913452 0.0
0.0 0.0 184.52154541 0.0
0.0 0.0 205.838378906 0.0
0.0 0.0 161.492965698 0.0
0.0 0.0 132.168884277 0.0
0.0 0.0 129.193405151 0.164506226778
0.0 0.0 137.248672485 0.143220454454
0.0 0.0 129.228912354 0.0866892710328
0.0 0.0 117.013557434 0.0633281096816
0.0 0.0 126.938659668 0.0857566520572
0.0 0.0 128.238525391 0.159580767155
0.0 0.0 129.145477295 0.183997705579
0.0 0.0 145.060012817 0.200260087848
0.0 0.0 132.846801758 0.0
0.0 0.0 126.370330811 0.0501465052366
0.0 0.0 123.587890625 0.0808712020516
0.0 0.0 131.503631592 0.0666404590011
0.0 0.0 119.680541992 0.0543607026339
0.0 0.0 124.101158142 0.183980479836
0.0 0.0 127.281570435 0.0584589652717
0.0 0.0 115.827476501 0.0663732290268
0.0 0.0 130.228820801 0.0775361359119
0.0 0.0 123.136856079 0.0917977318168
0.0 0.0 116.980117798 0.0899212360382
0.0 0.0 120.234146118 0.0656815469265
0.0 0.0 116.161720276 0.0652869343758
0.0 0.0 128.094909668 0.0712746977806
0.0 0.0 123.173568726 0.0903203263879
0.0 0.0 120.619606018 0.0716290101409
0.0 0.0 117.96497345 0.0599242709577
0.0 0.0 113.351493835 0.0943878814578
0.0 0.0 124.186294556 0.0961639359593
0.0 0.0 122.763092041 0.0864085033536
0.0 0.0 130.83795166 0.0767427682877
0.0 0.0 135.516082764 0.071127936244
0.0 0.0 136.585418701 0.0
0.0 0.0 137.35206604 0.106407880783
0.0 0.0 130.839294434 0.0790421962738
0.0 0.0 125.517349243 0.0584492646158
0.0 0.0 120.205879211 0.0801493301988
0.0 0.0 122.670440674 0.050848454237
0.0 0.0 132.899887085 0.0595058575273
0.0 0.0 123.266586304 0.10058696568
0.0 0.0 134.827896118 0.0571688264608
0.0 0.0 135.371765137 0.0557128563523
0.0 0.0 121.58757019 0.0589193850756
0.0 0.0 120.671447754 0.0596373677254
0.0 0.0 125.289810181 0.0674423128366
0.0 0.0 131.248016357 0.0697153136134
0.0 0.0 123.528511047 0.117350101471
0.0 0.0 121.293556213 0.0537372939289
0.0 0.0 123.059883118 0.0654089674354
0.0 0.0 121.419059753 0.0952823385596
0.0 0.0 126.371246338 0.0471802428365
0.0 0.0 124.725395203 0.0324458070099
0.0 0.0 121.928977966 0.0734090656042
0.0 0.0 119.754348755 0.0813030675054
0.0 0.0 115.028762817 0.0682208016515
0.0 0.0 121.274665833 0.086476996541
0.0 0.0 119.518737793 0.0618432834744
0.0 0.0 115.425483704 0.0702928677201
0.0 0.0 140.062210083 0.0793872624636
0.0 0.0 124.951942444 0.0385803133249
0.0 0.0 124.226600647 0.100421465933
0.0 0.0 122.641944885 0.0689584165812
0.0 0.0 116.649414063 0.0657725036144
0.0 0.0 133.501480103 0.0452446341515
0.0 0.0 121.913894653 0.140815004706
0.0 0.0 124.07913208 0.084134824574
0.0 0.0 124.83694458 0.0843501314521
0.0 0.0 122.781028748 0.0577385090292
0.0 0.0 126.300041199 0.0783941224217
0.0 0.0 120.279670715 0.0694091320038
0.0 0.0 124.274139404 0.0508947744966
0.0 0.0 125.307380676 0.0843159854412
0.0 0.0 114.068092346 0.0894587561488
0.0 0.0 127.747108459 0.0694336146116
0.0 0.0 120.623893738 0.0417414680123
0.0 0.0 128.020111084 0.0789970830083
0.0 0.0 122.320549011 0.109096050262
0.0 0.0 133.754653931 0.152936577797
0.0 0.0 141.926879883 0.130863770843
0.0 0.0 162.397613525 0.0
0.0 0.0 229.726074219 0.0
0.0 0.0 172.487442017 0.0
0.0 0.0 132.345352173 0.108076654375
0.0 0.0 127.752609253 0.0778218433261
0.0 0.0 126.991729736 0.0616547912359
0.0 0.0 127.821556091 0.0710539072752
0.0 0.0 130.170272827 0.061211630702
0.0 0.0 122.361946106 0.0884888842702
0.0 0.0 125.79800415 0.0714252591133
0.0 0.0 124.611106873 0.0967647060752
0.0 0.0 126.693275452 0.0809621363878
0.0 0.0 130.594512939 0.084523037076
0.0 0.0 117.396629333 0.0711592957377
0.0 0.0 133.614440918 0.0662447586656
0.0 0.0 120.348983765 0.107964813709
0.0 0.0 119.838172913 0.0586695633829
0.0 0.0 122.437973022 0.0818393751979
0.0 0.0 121.876930237 0.0890355184674
0.0 0.0 129.897583008 0.104821510613
0.0 0.0 116.449050903 0.0543269962072
0.0 0.0 116.458770752 0.0804955884814
0.0 0.0 118.720527649 0.0463355258107
0.0 0.0 118.112625122 0.0582901239395
0.0 0.0 120.283378601 0.0880246013403
0.0 0.0 121.289703369 0.118917934597
0.0 0.0 118.932853699 0.141861900687
0.0 0.0 119.811660767 0.0937486290932
0.0 0.0 129.127914429 0.0750483348966
0.0 0.0 123.356414795 0.0838135778904
0.0 0.0 114.748687744 0.0894527733326
0.0 0.0 114.06703949 0.0580278709531
0.0 0.0 122.36277771 0.0831986293197
0.0 0.0 121.950088501 0.0720043331385
0.0 0.0 128.414093018 0.0645177140832
0.0 0.0 123.54573822 0.0981424897909
0.0 0.0 130.859390259 0.261238634586
0.0 0.0 135.271347046 0.214472398162
0.0 0.0 122.355628967 0.0781730189919
0.0 0.0 125.874130249 0.0674266666174
0.0 0.0 125.759963989 0.0953836068511
0.0 0.0 129.013748169 0.0687593966722
0.0 0.0 125.640739441 0.0463404841721
0.0 0.0 116.756095886 0.0655334591866
0.0 0.0 128.830932617 0.0773958787322
0.0 0.0 119.907562256 0.0778081566095
0.0 0.0 115.885414124 0.131029307842
0.0 0.0 123.610443115 0.0786606222391
0.0 0.0 114.575271606 0.0761206522584
0.0 0.0 124.794052124 0.0520498864353
0.0 0.0 124.815391541 0.0698868110776
0.0 0.0 122.536827087 0.0963451340795
0.0 0.0 118.69606781 0.114852212369
0.0 0.0 118.222877502 0.105846852064
0.0 0.0 124.895866394 0.0673129856586
0.0 0.0 115.158668518 0.0372641608119
0.0 0.0 119.754440308 0.0754369869828
0.0 0.0 116.130523682 0.111507557333
0.0 0.0 114.929481506 0.065499484539
0.0 0.0 123.904434204 0.0827589482069
0.0 0.0 121.050346375 0.0735811367631
0.0 0.0 115.983505249 0.0704556182027
0.0 0.0 120.402015686 0.0811719670892
0.0 0.0 119.039428711 0.0542307309806
0.0 0.0 122.910240173 0.0786346793175
0.0 0.0 116.781356812 0.081792883575
0.0 0.0 115.953636169 0.111483514309
0.0 0.0 122.538284302 0.0418050326407
0.0 0.0 114.815422058 0.0274630412459
0.0 0.0 130.466110229 0.0725887417793
0.0 0.0 116.300033569 0.0455901063979
0.0 0.0 119.599838257 0.0957851707935
0.0 0.0 131.025375366 0.0610005669296
0.0 0.0 123.112968445 0.0837631225586
0.0 0.0 132.745132446 0.140413984656
0.0 0.0 134.145523071 0.0
0.0 0.0 136.470825195 0.094235226512
0.0 0.0 139.189971924 0.15739454329
0.0 0.0 126.167022705 0.115511193871
0.0 0.0 128.734069824 0.109191380441
0.0 0.0 119.878257751 0.0663151443005
0.0 0.0 121.161453247 0.0657316967845
0.0 0.0 126.387062073 0.0384879000485
0.0 0.0 119.275634766 0.0755694583058
0.0 0.0 125.42401886 0.0909785404801
0.0 0.0 111.260177612 0.0928252115846
0.0 0.0 113.094009399 0.0827855616808
0.0 0.0 117.932289124 0.0783459246159
0.0 0.0 112.474777222 0.100617341697
0.0 0.0 117.852081299 0.15180888772
0.0 0.0 115.809928894 0.0706265866756
0.0 0.0 119.244293213 0.032212484628
0.0 0.0 117.407913208 0.0735164284706
0.0 0.0 118.399528503 0.0651242509484
0.0 0.0 119.389945984 0.0774128064513
0.0 0.0 108.532440186 0.0619072951376
0.0 0.0 110.205917358 0.089106425643
0.0 0.0 114.644020081 0.0597251243889
0.0 0.0 117.574752808 0.0955320000648
0.0 0.0 119.53931427 0.0875500440598
0.0 0.0 127.052497864 0.150269597769
0.0 0.0 128.07321167 0.132080093026
0.0 0.0 128.602279663 0.127195730805
0.0 0.0 120.930290222 0.0809640586376
0.0 0.0 114.166275024 0.0477482452989
0.0 0.0 115.882553101 0.0891453996301
0.0 0.0 119.816314697 0.0696726813912
0.0 0.0 123.808517456 0.067193441093
0.0 0.0 117.896278381 0.0343171879649
0.0 0.0 117.808334351 0.070970185101
0.0 0.0 123.811157227 0.121976234019
0.0 0.0 116.508491516 0.0825328752398
0.0 0.0 114.198005676 0.0684538558125
0.0 0.0 118.581443787 0.0744371786714
0.0 0.0 121.291748047 0.0983660891652
0.0 0.0 115.346855164 0.0614526346326
0.0 0.0 112.895500183 0.173589378595
0.0 0.0 121.219909668 0.0629660189152
0.0 0.0 121.567512512 0.0712943598628
0.0 0.0 128.054443359 0.101593874395
0.0 0.0 122.594444275 0.0818820819259
0.0 0.0 126.180206299 0.0607004351914
0.0 0.0 130.587310791 0.0717656761408
0.0 0.0 123.96081543 0.0833296850324
0.0 0.0 128.398284912 0.116309411824
0.0 0.0 116.467407227 0.024280263111
0.0 0.0 123.311988831 0.0901576578617
0.0 0.0 120.919441223 0.0587312765419
0.0 0.0 114.9375 0.0831905826926
0.0 0.0 121.589912415 0.0709503740072
0.0 0.0 118.658126831 0.0419530496001
0.0 0.0 115.889518738 0.0958733409643
0.0 0.0 112.521957397 0.0796165242791
0.0 0.0 115.06489563 0.0498490929604
0.0 0.0 126.351364136 0.0742226541042
0.0 0.0 122.646827698 0.0763835608959
0.0 0.0 119.2473526 0.0919841453433
0.0 0.0 115.298927307 0.117503613234
0.0 0.0 111.384544373 0.0735240578651
0.0 0.0 125.165405273 0.118442736566
0.0 0.0 121.722595215 0.0939193964005
0.0 0.0 108.811485291 0.0980293899775
0.0 0.0 111.747764587 0.0382513441145
0.0 0.0 114.539260864 0.0630058348179
0.0 0.0 113.68396759 0.0778996497393
0.0 0.0 123.000663757 0.0714098960161
0.0 0.0 116.578918457 0.0675945356488
0.0 0.0 112.243209839 0.119728028774
0.0 0.0 118.244728088 0.111042223871
0.0 0.0 137.633880615 0.073287345469
0.0 0.0 143.728256226 0.0899846106768
0.0 0.0 123.547584534 0.0
0.0 0.0 122.840873718 0.0999520272017
0.0 0.0 118.305183411 0.132788673043
0.0 0.0 150.914093018 0.0
0.0 0.0 128.023391724 0.0
0.0 0.0 179.988815308 0.0
0.0 0.0 245.937484741 0.0
0.0 0.0 379.717834473 0.0
0.0 0.0 348.691131592 0.183011248708
0.0 0.0 191.367050171 0.0
0.0 0.0 126.839813232 0.0
0.0 0.0 125.323509216 0.0
0.0 0.0 168.659973145 0.0
0.0 0.0 176.741897583 0.0
0.0 0.0 121.11769104 0.0
0.0 0.0 135.61505127 0.0
0.0 0.0 194.191345215 0.0
0.0 0.0 417.621246338 0.0
0.0 0.0 496.081726074 0.0
0.0 0.0 327.241088867 0.0
0.0 0.0 238.047729492 0.0
0.0 0.0 208.250076294 0.0
0.0 0.0 144.735595703 0.0949508845806
0.0 0.0 132.559753418 0.0857942029834
0.0 0.0 113.488182068 0.120617501438
0.0 0.0 119.13394165 0.11665135622
0.0 0.0 120.813766479 0.0929735824466
0.0 0.0 120.112426758 0.35786268115
0.0 0.0 144.4634552 0.0
0.0 0.0 208.085571289 0.0
0.0 0.0 327.210327148 0.0
0.0 0.0 428.60269165 0.0
0.0 0.0 328.043914795 0.0
0.0 0.0 193.465988159 0.0
0.0 0.0 291.475219727 0.0
0.0 0.0 871.802185059 0.0
0.0 0.0 1419.37365723 0.0
0.0 0.0 913.369750977 0.0
0.0 0.0 435.83694458 0.27525639534
0.0 0.0 289.971588135 0.223251655698
0.0 0.0 196.303131104 0.0
0.0 0.0 146.47164917 0.0
0.0 0.0 152.656097412 0.0922650545835
0.0 0.0 126.490631104 0.0767393857241
0.0 0.0 130.761749268 0.0878918841481
0.0 0.0 124.13054657 0.0894896313548
0.0 0.0 135.04977417 0.130076482892
0.0 0.0 131.810058594 0.1919041574
0.0 0.0 144.604736328 0.323243021965
0.0 0.0 160.783126831 0.55676651001
200.418151855 1.0 201.353088379 0.566401481628
206.460891724 1.0 269.719177246 0.662519454956
211.324569702 1.0 304.101715088 0.759046971798
211.174606323 1.0 331.022247314 0.854736566544
210.072311401 1.0 347.82434082 0.873178303242
210.491592407 1.0 344.315460205 0.866567492485
215.977462769 1.0 335.837554932 0.858584105968
219.240982056 1.0 329.967956543 0.831520736217
226.317321777 1.0 332.275360107 0.82318341732
233.069946289 1.0 331.967956543 0.840555012226
242.260894775 1.0 361.511169434 0.841960966587
246.68699646 1.0 373.898345947 0.83846193552
255.566589355 1.0 354.986694336 0.831659436226
267.409698486 1.0 356.533752441 0.840983390808
276.210632324 1.0 355.111724854 0.863663375378
280.998321533 1.0 361.411743164 0.870230197906
287.043365479 1.0 351.932678223 0.868998169899
293.588256836 1.0 329.535217285 0.851426005363
295.331207275 1.0 297.478210449 0.818302989006
295.841033936 1.0 261.068084717 0.748987853527
298.622802734 1.0 223.540893555 0.64178031683
0.0 0.0 183.360931396 0.511162281036
0.0 0.0 157.143005371 0.300893723965
0.0 0.0 139.665481567 0.0941747128963
0.0 0.0 129.240966797 0.129794746637
0.0 0.0 128.434234619 0.123795874417
0.0 0.0 128.396759033 0.0946973115206
0.0 0.0 117.256347656 0.0666528046131
0.0 0.0 134.251464844 0.0899517610669
0.0 0.0 119.931861877 0.0936798378825
0.0 0.0 120.47177887 0.076559394598
0.0 0.0 130.591766357 0.0727148577571
0.0 0.0 122.955825806 0.239872530103
0.0 0.0 130.145965576 0.0
0.0 0.0 158.869979858 0.0
0.0 0.0 178.607711792 0.0
0.0 0.0 152.896621704 0.408259391785
0.0 0.0 137.753738403 0.677597045898
272.315704346 1.0 269.96887207 0.780479133129
271.659118652 1.0 325.256134033 0.87425994873
270.841217041 1.0 334.419128418 0.866328895092
268.93258667 1.0 324.895324707 0.840235710144
264.415222168 1.0 306.824951172 0.846203565598
263.486480713 1.0 318.11618042 0.844186544418
263.433685303 1.0 340.054199219 0.816257119179
266.166900635 1.0 354.474456787 0.816313505173
271.798614502 1.0 333.829498291 0.831055343151
274.878875732 1.0 316.819274902 0.84317278862
278.860870361 1.0 314.824523926 0.839988350868
281.909545898 1.0 318.753143311 0.823509931564
291.79385376 1.0 327.305175781 0.721718072891
292.542266846 1.0 351.525939941 0.662008941174
294.251800537 1.0 437.568756104 0.59295552969
0.0 0.0 324.723297119 0.0
0.0 0.0 195.507385254 0.0
0.0 0.0 146.423492432 0.0
0.0 0.0 122.851173401 0.118877135217
0.0 0.0 113.686538696 0.114648111165
0.0 0.0 123.727767944 0.0786882042885
0.0 0.0 119.182899475 0.0688168331981
0.0 0.0 119.61844635 0.072248660028
0.0 0.0 120.136657715 0.0884219706059
0.0 0.0 115.140197754 0.0
0.0 0.0 125.164588928 0.0799831002951
0.0 0.0 126.17742157 0.051947761327
0.0 0.0 114.962112427 0.0957399755716
0.0 0.0 131.941818237 0.276216745377
205.060577393 1.0 152.178390503 0.547078192234
205.203125 1.0 172.47958374 0.718230366707
205.070617676 1.0 214.303527832 0.782991886139
203.823135376 1.0 241.473709106 0.795249223709
198.01776123 1.0 235.156890869 0.804979383945
193.543045044 1.0 206.217041016 0.80859297514
191.175613403 1.0 186.623153687 0.825120389462
188.687362671 1.0 215.527069092 0.858100235462
187.580352783 1.0 254.676437378 0.874555110931
187.135955811 1.0 292.596923828 0.867621719837
185.772018433 1.0 298.563262939 0.87590277195
182.759048462 1.0 312.167205811 0.868196249008
182.16583252 1.0 310.544708252 0.855691373348
176.304016113 1.0 321.165252686 0.833210408688
168.359237671 1.0 319.495391846 0.811252295971
165.805343628 1.0 299.251098633 0.814168810844
166.378143311 1.0 281.719726563 0.802976369858
167.391433716 1.0 258.99105835 0.826163709164
169.595901489 1.0 272.121612549 0.861371159554
173.598709106 1.0 298.352630615 0.870025455952
174.712051392 1.0 342.765289307 0.884886920452
177.48739624 1.0 352.363677979 0.892016768456
178.032699585 1.0 376.106506348 0.901977539063
178.059371948 1.0 384.683197021 0.909144878387
177.933502197 1.0 371.876556396 0.907545864582
177.979553223 1.0 383.297821045 0.902870357037
177.720733643 1.0 399.188598633 0.907461166382
177.606948853 1.0 379.394317627 0.909496545792
175.081741333 1.0 388.745819092 0.915735304356
175.501663208 1.0 385.929504395 0.902582526207
175.172409058 1.0 385.326782227 0.897457540035
175.316802979 1.0 371.890441895 0.889389574528
173.657852173 1.0 384.339202881 0.886617481709
174.148498535 1.0 376.17276001 0.883824288845
174.118209839 1.0 370.817993164 0.884767115116
173.891220093 1.0 368.293395996 0.897858083248
173.664611816 1.0 375.077758789 0.903896808624
176.337966919 1.0 377.529174805 0.899468183517
176.352844238 1.0 377.983581543 0.901996254921
176.342453003 1.0 378.563323975 0.894276022911
176.506317139 1.0 366.912994385 0.901851654053
179.651580811 1.0 368.665679932 0.87651693821
180.299087524 1.0 342.060424805 0.866437494755
183.744506836 1.0 326.679992676 0.846357166767
183.590362549 1.0 313.788970947 0.79110211134
186.349578857 1.0 269.568786621 0.669883668423
0.0 0.0 218.074920654 0.428589373827
0.0 0.0 141.92388916 0.129449501634
0.0 0.0 154.499038696 0.0
0.0 0.0 141.141479492 0.0
0.0 0.0 110.82081604 0.0313619971275
0.0 0.0 128.365600586 0.0851003080606
0.0 0.0 123.037452698 0.0854713842273
0.0 0.0 127.924705505 0.126930490136
0.0 0.0 127.748245239 0.107988759875
0.0 0.0 123.543930054 0.152547895908
0.0 0.0 122.875801086 0.04438027367
0.0 0.0 118.707443237 0.0500526204705
0.0 0.0 127.309654236 0.0
0.0 0.0 142.92628479 0.0
0.0 0.0 181.688262939 0.0
0.0 0.0 164.205993652 0.0
0.0 0.0 125.233154297 0.0
0.0 0.0 119.098144531 0.0
0.0 0.0 163.603820801 0.451155841351
198.300949097 1.0 206.705276489 0.662507355213
195.890594482 1.0 294.37310791 0.786346435547
195.800994873 1.0 331.543945313 0.862066328526
191.756515503 1.0 337.925994873 0.876881599426
191.313262939 1.0 337.730163574 0.881221652031
186.409957886 1.0 335.219451904 0.840256750584
180.303741455 1.0 326.573760986 0.812839686871
176.448135376 1.0 308.268676758 0.700901091099
171.742706299 1.0 254.518264771 0.532624840736
0.0 0.0 167.805877686 0.133828371763
0.0 0.0 142.24987793 0.121918894351
0.0 0.0 137.002166748 0.113548837602
0.0 0.0 126.755172729 0.0867603495717
0.0 0.0 111.75743866 0.0
0.0 0.0 119.539726257 0.188248589635
0.0 0.0 131.021270752 0.519534349442
197.593338013 1.0 226.971466064 0.700038969517
196.145736694 1.0 346.37387085 0.79977118969
195.798690796 1.0 360.202667236 0.894620656967
195.976074219 1.0 367.980773926 0.889049112797
199.147323608 1.0 372.685577393 0.884957313538
203.062698364 1.0 367.285766602 0.891041219234
204.185241699 1.0 369.729278564 0.898485779762
206.284469604 1.0 358.564422607 0.89655148983
206.758972168 1.0 351.446929932 0.884482860565
211.208068848 1.0 351.482940674 0.882427453995
211.915512085 1.0 331.418243408 0.871876001358
213.067626953 1.0 324.57611084 0.863878548145
217.256500244 1.0 315.060791016 0.871257722378
219.934539795 1.0 309.288879395 0.851876437664
224.61680603 1.0 314.466308594 0.842896580696
228.820327759 1.0 315.670806885 0.847478091717
232.795700073 1.0 321.457733154 0.852681696415
237.380691528 1.0 323.500396729 0.870959222317
238.413528442 1.0 322.155395508 0.849246323109
239.525192261 1.0 312.002716064 0.777918815613
239.246871948 1.0 251.953491211 0.642034769058
0.0 0.0 145.959213257 0.196535915136
0.0 0.0 117.877540588 0.062437094748
0.0 0.0 118.553985596 0.0889160484076
0.0 0.0 112.903503418 0.0750806778669
0.0 0.0 130.980285645 0.0526082590222
0.0 0.0 114.5909729 0.0766728818417
0.0 0.0 111.12512207 0.0645800754428
0.0 0.0 108.302940369 0.0776399597526
0.0 0.0 105.575813293 0.0638827160001
0.0 0.0 114.186286926 0.088280595839
0.0 0.0 111.095932007 0.0661313161254
0.0 0.0 111.876091003 0.067989192903
0.0 0.0 117.243309021 0.0870255157351
0.0 0.0 117.279396057 0.0777327120304
0.0 0.0 126.011909485 0.132433459163
0.0 0.0 120.902282715 0.428965359926
0.0 0.0 128.635971069 0.683701455593
233.717788696 1.0 245.758529663 0.788901090622
232.822097778 1.0 297.271392822 0.844019651413
230.778869629 1.0 325.825897217 0.829546570778
228.035049438 1.0 311.406555176 0.792116165161
223.908447266 1.0 286.581268311 0.706473052502
219.700531006 1.0 214.707473755 0.502207219601
0.0 0.0 124.095802307 0.151934698224
0.0 0.0 113.787010193 0.0878345072269
0.0 0.0 113.793830872 0.0963683947921
0.0 0.0 112.429428101 0.09877281636
0.0 0.0 124.16469574 0.42476823926
239.322128296 1.0 137.799987793 0.617878854275
239.261688232 1.0 228.794250488 0.734901845455
235.220977783 1.0 249.781051636 0.789002180099
228.250579834 1.0 253.291717529 0.813886582851
225.883895874 1.0 270.755340576 0.7939478755
219.372451782 1.0 257.071807861 0.787410974503
214.837127686 1.0 263.870483398 0.801101505756
205.344421387 1.0 258.768585205 0.784199714661
202.105697632 1.0 261.170288086 0.80770689249
191.236053467 1.0 263.53427124 0.809997916222
187.280136108 1.0 268.33972168 0.814897477627
180.503051758 1.0 283.975219727 0.837091624737
180.296615601 1.0 273.79586792 0.823510885239
179.312896729 1.0 285.870880127 0.822991073132
176.450332642 1.0 272.15737915 0.827132284641
176.147583008 1.0 275.033843994 0.834893941879
172.352416992 1.0 293.317260742 0.840011835098
171.125473022 1.0 314.830474854 0.859002709389
169.108062744 1.0 317.960266113 0.87825345993
168.701156616 1.0 310.724731445 0.873164176941
168.472183228 1.0 316.227752686 0.870485305786
168.127624512 1.0 337.079071045 0.855684936047
166.956848145 1.0 323.486419678 0.861604511738
163.496383667 1.0 313.38079834 0.860753595829
161.153381348 1.0 315.800628662 0.823928773403
158.678649902 1.0 308.392486572 0.758427619934
155.597885132 1.0 259.33303833 0.59038746357
0.0 0.0 168.382797241 0.287994176149
0.0 0.0 111.077888489 0.0803197026253
0.0 0.0 125.29284668 0.111198343337
0.0 0.0 117.997108459 0.378885954618
0.0 0.0 129.630401611 0.587844729424
166.689682007 1.0 221.991470337 0.726513981819
167.032226563 1.0 278.803863525 0.837798297405
166.899475098 1.0 290.881469727 0.846630513668
166.685272217 1.0 302.366851807 0.859056651592
165.786453247 1.0 306.240631104 0.86939907074
165.965179443 1.0 322.848022461 0.860752701759
164.665557861 1.0 318.801971436 0.854359984398
162.244400024 1.0 301.308929443 0.864441871643
161.966049194 1.0 314.876373291 0.873972117901
161.26020813 1.0 313.354431152 0.862131297588
161.341003418 1.0 298.178466797 0.857548713684
160.94972229 1.0 294.54196167 0.851106643677
162.218643188 1.0 283.136749268 0.824566781521
162.185974121 1.0 257.22845459 0.798664152622
163.667709351 1.0 247.564254761 0.776106059551
164.095428467 1.0 232.758789063 0.775559604168
165.801116943 1.0 232.249328613 0.762262761593
167.990234375 1.0 215.885299683 0.670912027359
0.0 0.0 209.991775513 0.540933072567
0.0 0.0 181.074813843 0.340229153633
0.0 0.0 124.264076233 0.101270578802
0.0 0.0 105.516799927 0.0712104216218
0.0 0.0 109.580543518 0.0602619424462
0.0 0.0 106.184608459 0.0600975714624
0.0 0.0 114.948646545 0.139730736613
0.0 0.0 121.680122375 0.0
0.0 0.0 128.168838501 0.0
0.0 0.0 145.738800049 0.0
0.0 0.0 139.173461914 0.16014008224
0.0 0.0 126.392997742 0.182441592216
0.0 0.0 114.494606018 0.142946392298
0.0 0.0 114.98374176 0.183890283108
0.0 0.0 115.018470764 0.0982164293528
0.0 0.0 118.264419556 0.0
0.0 0.0 130.879669189 0.0
0.0 0.0 121.209693909 0.145509809256
0.0 0.0 111.711486816 0.0576122403145
0.0 0.0 113.755096436 0.0566702857614
0.0 0.0 111.082038879 0.075493581593
0.0 0.0 115.687728882 0.140305638313
0.0 0.0 111.571022034 0.0
0.0 0.0 119.235412598 0.0
0.0 0.0 125.029548645 0.0
0.0 0.0 121.362960815 0.0
0.0 0.0 140.514785767 0.0
0.0 0.0 127.757698059 0.0
0.0 0.0 128.219970703 0.0823331549764
0.0 0.0 121.738716125 0.071731492877
0.0 0.0 110.090133667 0.0
0.0 0.0 119.750289917 0.0
0.0 0.0 214.899536133 0.0
0.0 0.0 203.680557251 0.0
0.0 0.0 185.581115723 0.0
0.0 0.0 135.72479248 0.284656643867
0.0 0.0 119.445022583 0.295552998781
0.0 0.0 116.297782898 0.281253308058
0.0 0.0 128.071884155 0.0
0.0 0.0 145.506729126 0.0
0.0 0.0 133.05519104 0.0
0.0 0.0 115.314422607 0.0732894614339
0.0 0.0 118.120796204 0.0742190927267
0.0 0.0 109.676574707 0.100175894797
0.0 0.0 113.387512207 0.0761639922857
0.0 0.0 110.716438293 0.116395153105
0.0 0.0 120.25050354 0.100613154471
0.0 0.0 123.146011353 0.0707242637873
0.0 0.0 112.796340942 0.102619543672
0.0 0.0 118.859207153 0.0836008936167
0.0 0.0 113.863647461 0.0710793733597
0.0 0.0 118.431510925 0.0640998110175
0.0 0.0 117.813346863 0.108073696494
0.0 0.0 110.783363342 0.0665788277984
0.0 0.0 117.404815674 0.064378619194
0.0 0.0 118.238525391 0.0831772908568
0.0 0.0 123.912780762 0.0850518122315
0.0 0.0 120.999382019 0.0
0.0 0.0 140.301712036 0.107419975102
0.0 0.0 129.211730957 0.0
0.0 0.0 116.837547302 0.0
0.0 0.0 119.97480011 0.0827169716358
0.0 0.0 118.187553406 0.0820580422878
0.0 0.0 123.874923706 0.0801338553429
0.0 0.0 118.713760376 0.164011836052
0.0 0.0 113.444290161 0.0678264275193
0.0 0.0 133.080001831 0.056482411921
0.0 0.0 118.910247803 0.0620599016547
0.0 0.0 116.359085083 0.0956596061587
0.0 0.0 114.485923767 0.0462312959135
0.0 0.0 121.494636536 0.0
0.0 0.0 149.598571777 0.0
0.0 0.0 204.080932617 0.0
0.0 0.0 258.234344482 0.0
0.0 0.0 219.915176392 0.0
0.0 0.0 157.250442505 0.0
0.0 0.0 121.000549316 0.0706330165267
0.0 0.0 118.922317505 0.0678102970123
0.0 0.0 113.168701172 0.116234816611
0.0 0.0 123.890411377 0.0
0.0 0.0 154.749465942 0.0
0.0 0.0 203.16015625 0.0
0.0 0.0 140.211624146 0.09968624264
0.0 0.0 129.067764282 0.0961865633726
0.0 0.0 122.485404968 0.12777787447
0.0 0.0 125.00617218 0.170519724488
0.0 0.0 146.20640564 0.0
0.0 0.0 144.419067383 0.0
0.0 0.0 165.725418091 0.0
0.0 0.0 172.789993286 0.320160120726
0.0 0.0 127.579116821 0.126994878054
0.0 0.0 124.331970215 0.0
0.0 0.0 146.678344727 0.0
0.0 0.0 158.437896729 0.0
0.0 0.0 150.509536743 0.194586887956
0.0 0.0 128.956436157 0.0984095558524
0.0 0.0 123.679389954 0.103561706841
0.0 0.0 121.228401184 0.088646300137
0.0 0.0 108.005157471 0.0745360329747
0.0 0.0 116.190330505 0.0733235701919
0.0 0.0 116.951843262 0.0639897435904
0.0 0.0 123.191566467 0.0637518465519
0.0 0.0 120.129295349 0.0735602006316
0.0 0.0 113.419692993 0.0503461770713
0.0 0.0 121.559020996 0.158084660769
0.0 0.0 110.971611023 0.0890318006277
0.0 0.0 123.40586853 0.098156966269
0.0 0.0 124.121406555 0.14278177917
0.0 0.0 120.487174988 0.0924730449915
0.0 0.0 115.677978516 0.0730515047908
0.0 0.0 112.072975159 0.132567808032
0.0 0.0 120.970924377 0.110983818769
0.0 0.0 115.805839539 0.118186429143
0.0 0.0 102.825996399 0.10508107394
0.0 0.0 112.697769165 0.0669266954064
0.0 0.0 112.875663757 0.0534280017018
0.0 0.0 120.094146729 0.0775007978082
0.0 0.0 122.787139893 0.103287838399
0.0 0.0 112.941146851 0.150209233165
0.0 0.0 120.779144287 0.0800059214234
0.0 0.0 105.564071655 0.0828869789839
0.0 0.0 116.90662384 0.0917096212506
0.0 0.0 122.416763306 0.0845113694668
0.0 0.0 110.200195313 0.0553243383765
0.0 0.0 109.824913025 0.0516855083406
0.0 0.0 117.874015808 0.062921538949
0.0 0.0 128.039428711 0.103987373412
0.0 0.0 116.744842529 0.052638694644
0.0 0.0 117.855018616 0.100724674761
0.0 0.0 119.879768372 0.0
0.0 0.0 118.242790222 0.0
0.0 0.0 142.715286255 0.0
0.0 0.0 126.940055847 0.0
0.0 0.0 118.823738098 0.0632216930389
0.0 0.0 117.293037415 0.0592545084655
0.0 0.0 115.829147339 0.0497036986053
0.0 0.0 121.285102844 0.0648125559092
0.0 0.0 124.016983032 0.0788204073906
0.0 0.0 112.509407043 0.0273733846843
0.0 0.0 111.941802979 0.0672035813332
0.0 0.0 110.212852478 0.0687467753887
0.0 0.0 123.854942322 0.0492850318551
0.0 0.0 120.961418152 0.206411764026
0.0 0.0 123.728218079 0.0
0.0 0.0 162.262390137 0.0
0.0 0.0 166.996185303 0.0
0.0 0.0 153.264923096 0.0
0.0 0.0 133.615814209 0.115772210062
0.0 0.0 112.857299805 0.0840141624212
0.0 0.0 127.545539856 0.108360342681
0.0 0.0 117.477149963 0.126190394163
0.0 0.0 127.447151184 0.0
0.0 0.0 147.206375122 0.0
0.0 0.0 178.129623413 0.0
0.0 0.0 146.124038696 0.0
0.0 0.0 182.560668945 0.0
0.0 0.0 166.126159668 0.0
0.0 0.0 140.737945557 0.250539541245
0.0 0.0 126.676292419 0.124635823071
0.0 0.0 128.281982422 0.0
0.0 0.0 140.798339844 0.0
0.0 0.0 190.74446106 0.0
0.0 0.0 216.638565063 0.0
0.0 0.0 144.816421509 0.0
0.0 0.0 118.487945557 0.0230382885784
0.0 0.0 112.034255981 0.069538384676
0.0 0.0 122.656074524 0.121669009328
0.0 0.0 119.244934082 0.0506376065314
0.0 0.0 111.911529541 0.0724515393376
0.0 0.0 125.313446045 0.0772533789277
0.0 0.0 115.060379028 0.0947474166751
0.0 0.0 121.078765869 0.0575014129281
0.0 0.0 121.005958557 0.0943102762103
0.0 0.0 119.739845276 0.0535532981157
0.0 0.0 127.135139465 0.0651723220944
0.0 0.0 108.648925781 0.0919340252876
0.0 0.0 121.042037964 0.0830091536045
0.0 0.0 126.045059204 0.0906885489821
0.0 0.0 122.424049377 0.04854587093
0.0 0.0 121.897392273 0.116321720183
0.0 0.0 111.329246521 0.0757271945477
0.0 0.0 119.908111572 0.0783204585314
0.0 0.0 116.931785583 0.0707444995642
0.0 0.0 114.737831116 0.074606820941
0.0 0.0 118.980949402 0.0831798836589
0.0 0.0 105.503120422 0.0578625015914
0.0 0.0 116.246566772 0.0747006610036
