0.0 0.0 0.0 0.0541719533503
0.0 0.0 47.6295547485 0.0711188465357
0.0 0.0 48.7411575317 0.111728280783
0.0 0.0 45.3623847961 0.0837314724922
0.0 0.0 47.5230865479 0.0827344730496
0.0 0.0 46.3341293335 0.0794060900807
0.0 0.0 48.1558761597 0.109564162791
0.0 0.0 47.565372467 0.147279575467
0.0 0.0 44.3789100647 0.0822590067983
0.0 0.0 45.7620620728 0.0931278839707
0.0 0.0 45.7751350403 0.0741091743112
0.0 0.0 47.8624420166 0.0998146310449
0.0 0.0 46.5809326172 0.0864036381245
0.0 0.0 45.6891593933 0.0884754285216
0.0 0.0 45.5534934998 0.0878844857216
0.0 0.0 46.4005317688 0.109080888331
0.0 0.0 50.9102859497 0.0888002365828
0.0 0.0 49.3269577026 0.0823219269514
0.0 0.0 44.7046051025 0.0455863773823
0.0 0.0 45.3464202881 0.100302487612
0.0 0.0 49.4096221924 0.100668825209
0.0 0.0 50.5525436401 0.141139045358
0.0 0.0 47.0311355591 0.110758379102
0.0 0.0 45.8006057739 0.0703931152821
0.0 0.0 46.7065353394 0.092120975256
0.0 0.0 46.7588386536 0.0706150531769
0.0 0.0 50.292640686 0.0879970341921
0.0 0.0 48.8539543152 0.0842755585909
0.0 0.0 43.8548469543 0.0788256898522
0.0 0.0 45.7967529297 0.0651734173298
0.0 0.0 42.7970275879 0.0930498540401
0.0 0.0 45.338180542 0.0946653857827
0.0 0.0 45.3335533142 0.100149810314
0.0 0.0 46.9575309753 0.0984295681119
0.0 0.0 48.627155304 0.0935241654515
0.0 0.0 45.9212341309 0.106781825423
0.0 0.0 48.6511192322 0.133323892951
0.0 0.0 50.8266105652 0.0
0.0 0.0 49.5552825928 0.0469036623836
0.0 0.0 49.0025672913 0.0
0.0 0.0 44.9809074402 0.0765960514545
0.0 0.0 50.2092132568 0.147806182504
0.0 0.0 51.1961860657 0.0833017006516
0.0 0.0 45.2332649231 0.0513009093702
0.0 0.0 44.407585144 0.071694329381
0.0 0.0 45.1272392273 0.0846339315176
0.0 0.0 48.3892021179 0.0874582603574
0.0 0.0 45.6883583069 0.062675319612
0.0 0.0 44.8586845398 0.112428329885
0.0 0.0 47.1126899719 0.0594010017812
0.0 0.0 44.384437561 0.0779887512326
0.0 0.0 50.4645462036 0.0757685527205
0.0 0.0 45.8617172241 0.0658590570092
0.0 0.0 42.9786148071 0.0793073102832
0.0 0.0 46.7997512817 0.066311262548
0.0 0.0 46.6732025146 0.0887637585402
0.0 0.0 48.6202926636 0.0650268271565
0.0 0.0 45.733669281 0.0340795405209
0.0 0.0 45.5566291809 0.0847410261631
0.0 0.0 50.6239433289 0.0814819410443
0.0 0.0 43.6840286255 0.109524801373
0.0 0.0 46.0637054443 0.0713326260448
0.0 0.0 46.0354957581 0.0752928778529
0.0 0.0 47.9789810181 0.13964445889
0.0 0.0 49.7197303772 0.0685357823968
0.0 0.0 47.8180580139 0.0715000107884
0.0 0.0 47.6427154541 0.0638489276171
0.0 0.0 47.4749526978 0.119172520936
0.0 0.0 43.7059440613 0.139239922166
0.0 0.0 47.019859314 0.0929256305099
0.0 0.0 44.2192687988 0.0840806737542
0.0 0.0 47.8715667725 0.0997367054224
0.0 0.0 46.6114730835 0.0888029187918
0.0 0.0 44.0716590881 0.0977118983865
0.0 0.0 47.0625457764 0.0443670041859
0.0 0.0 43.8685646057 0.071828559041
0.0 0.0 47.3348846436 0.097347997129
0.0 0.0 51.2371940613 0.0520738847554
0.0 0.0 44.6089935303 0.0900618508458
0.0 0.0 42.9659881592 0.101241052151
0.0 0.0 45.0208778381 0.114033490419
0.0 0.0 45.7621383667 0.0815472900867
0.0 0.0 48.7473335266 0.077049843967
0.0 0.0 44.2031593323 0.0589827746153
0.0 0.0 46.1030769348 0.0952481105924
0.0 0.0 44.9509353638 0.0881405994296
0.0 0.0 49.580493927 0.0822565257549
0.0 0.0 45.5237960815 0.0739535987377
0.0 0.0 45.2031669617 0.0855242088437
0.0 0.0 47.1158447266 0.0852715298533
0.0 0.0 46.0588645935 0.0629237443209
0.0 0.0 49.8366966248 0.113256394863
0.0 0.0 46.5105171204 0.0889493599534
0.0 0.0 44.4639587402 0.0589247122407
0.0 0.0 45.2392730713 0.0593441314995
0.0 0.0 45.5662193298 0.0561734102666
0.0 0.0 48.3995323181 0.0679820626974
0.0 0.0 47.5212898254 0.0
0.0 0.0 47.6362915039 0.159286931157
0.0 0.0 55.2578315735 0.166679605842
0.0 0.0 48.9310112 0.146911978722
0.0 0.0 44.0321731567 0.123116113245
0.0 0.0 45.6664581299 0.103706285357
0.0 0.0 46.7723426819 0.111051872373
0.0 0.0 48.7853660583 0.100027903914
0.0 0.0 45.9159088135 0.0808349177241
0.0 0.0 47.9073181152 0.0620140694082
0.0 0.0 49.0649871826 0.100181296468
0.0 0.0 48.3120498657 0.0854407846928
0.0 0.0 46.8523674011 0.0716200843453
0.0 0.0 44.7723388672 0.0717628896236
0.0 0.0 43.7938270569 0.0841479748487
0.0 0.0 47.5943183899 0.0470806881785
0.0 0.0 48.1907997131 0.095151476562
0.0 0.0 44.5237922668 0.0765949115157
0.0 0.0 44.5661468506 0.0643340498209
0.0 0.0 50.0351524353 0.0562710873783
0.0 0.0 44.185382843 0.0773210451007
0.0 0.0 42.1586341858 0.0880544558167
0.0 0.0 44.9087486267 0.088833771646
0.0 0.0 43.6375312805 0.060857668519
0.0 0.0 44.4173240662 0.0362351834774
0.0 0.0 44.3053016663 0.0258832518011
0.0 0.0 44.4350128174 0.0898854359984
0.0 0.0 48.2133865356 0.0504737235606
0.0 0.0 45.9265708923 0.0419709160924
0.0 0.0 49.3430480957 0.0510005094111
0.0 0.0 51.2103538513 0.068579852581
0.0 0.0 46.228515625 0.12705796957
0.0 0.0 44.3508987427 0.0778027102351
0.0 0.0 46.6481781006 0.0822886750102
0.0 0.0 49.1885223389 0.0805551558733
0.0 0.0 48.8449440002 0.122920095921
0.0 0.0 43.2079429626 0.0893754661083
0.0 0.0 48.914855957 0.0853828191757
0.0 0.0 44.1018295288 0.105593040586
0.0 0.0 46.3853874207 0.0775183588266
0.0 0.0 49.0317001343 0.0790562257171
0.0 0.0 46.9897613525 0.0
0.0 0.0 49.3800239563 0.082755625248
0.0 0.0 47.9181098938 0.0932451635599
0.0 0.0 47.7640342712 0.0987494811416
0.0 0.0 48.9212112427 0.106361530721
0.0 0.0 44.8633270264 0.0659197792411
0.0 0.0 44.4497680664 0.0719443410635
0.0 0.0 45.9564285278 0.0843950733542
0.0 0.0 47.7913665771 0.0478111356497
0.0 0.0 48.6445045471 0.063047863543
0.0 0.0 46.8438301086 0.0923994407058
0.0 0.0 48.9901351929 0.109259277582
0.0 0.0 45.320110321 0.0546417534351
0.0 0.0 41.851184845 0.0976916402578
0.0 0.0 45.3562278748 0.0
0.0 0.0 48.0675926208 0.0397433117032
0.0 0.0 44.5839653015 0.0545413978398
0.0 0.0 40.5968322754 0.129482150078
0.0 0.0 47.3281784058 0.0866943076253
0.0 0.0 44.8357963562 0.11140807718
0.0 0.0 44.21925354 0.0
0.0 0.0 47.6597747803 0.138683870435
0.0 0.0 50.3393783569 0.0
0.0 0.0 52.6374359131 0.0
0.0 0.0 50.880947113 0.123621463776
0.0 0.0 48.4011421204 0.153712555766
0.0 0.0 51.9110412598 0.10665127635
0.0 0.0 47.3087882996 0.100072324276
0.0 0.0 50.5478439331 0.141535520554
0.0 0.0 47.4579620361 0.0841669440269
0.0 0.0 43.3080291748 0.0825989916921
0.0 0.0 48.0525093079 0.0759963840246
0.0 0.0 47.2554550171 0.0865172892809
0.0 0.0 48.7098999023 0.0760562941432
0.0 0.0 48.1406135559 0.0556143447757
0.0 0.0 47.7175521851 0.0881107226014
0.0 0.0 49.2855453491 0.0549026243389
0.0 0.0 44.3762969971 0.0673595890403
0.0 0.0 44.6183586121 0.0782617479563
0.0 0.0 45.8761177063 0.107026815414
0.0 0.0 44.1884727478 0.123135402799
0.0 0.0 49.2230033875 0.0732869282365
0.0 0.0 48.9961013794 0.119355820119
0.0 0.0 51.3856658936 0.0976360663772
0.0 0.0 47.6960716248 0.11790265888
0.0 0.0 43.3705482483 0.119253739715
0.0 0.0 45.5661735535 0.11814134568
0.0 0.0 44.3660469055 0.0690728276968
0.0 0.0 46.3310699463 0.0616267062724
0.0 0.0 46.4697647095 0.0720521509647
0.0 0.0 43.1086425781 0.0505265146494
0.0 0.0 43.6410064697 0.0817517563701
0.0 0.0 45.5064849854 0.0411657094955
0.0 0.0 48.3690605164 0.065536223352
0.0 0.0 48.1067085266 0.0806749537587
0.0 0.0 44.7870788574 0.0597751662135
0.0 0.0 46.1164283752 0.0824837461114
0.0 0.0 47.0014801025 0.0734681934118
0.0 0.0 46.3303451538 0.0657786875963
0.0 0.0 43.2059745789 0.0691791027784
0.0 0.0 44.2647476196 0.0841955915093
0.0 0.0 47.0629730225 0.0624601691961
0.0 0.0 44.7670326233 0.114832811058
0.0 0.0 49.990776062 0.0806120410562
0.0 0.0 50.4565963745 0.0554418377578
0.0 0.0 44.7051849365 0.0846776142716
0.0 0.0 47.3324928284 0.0801016539335
0.0 0.0 47.2761268616 0.066543623805
0.0 0.0 49.0921669006 0.119171276689
0.0 0.0 47.6067619324 0.071273073554
0.0 0.0 46.1532669067 0.0587075278163
0.0 0.0 49.4958496094 0.0449215210974
0.0 0.0 47.1120033264 0.0846202597022
0.0 0.0 48.7732429504 0.0867006480694
0.0 0.0 51.377040863 0.109946168959
0.0 0.0 47.6002807617 0.0836172252893
0.0 0.0 49.8392448425 0.0842683985829
0.0 0.0 43.7542152405 0.0600910410285
0.0 0.0 45.2444343567 0.0549367368221
0.0 0.0 48.2905578613 0.0759809836745
0.0 0.0 46.2467842102 0.088242419064
0.0 0.0 46.6396255493 0.0797251462936
0.0 0.0 45.9214706421 0.0771910995245
0.0 0.0 49.268573761 0.0664963945746
0.0 0.0 48.1998786926 0.0749277025461
0.0 0.0 45.5704345703 0.0599098987877
0.0 0.0 45.4290847778 0.0703341364861
0.0 0.0 43.5948905945 0.0
0.0 0.0 49.4815559387 0.0
0.0 0.0 57.1683044434 0.0863080099225
0.0 0.0 57.0156440735 0.117084756494
0.0 0.0 49.6850891113 0.0983192995191
0.0 0.0 46.4641532898 0.210274845362
0.0 0.0 52.5303077698 0.0
0.0 0.0 48.6840209961 0.0
0.0 0.0 48.2312889099 0.0
0.0 0.0 56.1822509766 0.0
0.0 0.0 59.2647628784 0.0
0.0 0.0 62.9310760498 0.234012678266
0.0 0.0 53.8466491699 0.165833055973
0.0 0.0 47.263507843 0.0
0.0 0.0 55.9951858521 0.0
0.0 0.0 58.1621246338 0.0
0.0 0.0 52.7987594604 0.0981905311346
0.0 0.0 48.0704269409 0.0665618181229
0.0 0.0 45.6789245605 0.0
0.0 0.0 54.5718193054 0.0
0.0 0.0 64.592666626 0.0
0.0 0.0 55.9812927246 0.0
0.0 0.0 57.8391151428 0.0
0.0 0.0 50.6621665955 0.0
0.0 0.0 58.012840271 0.0
0.0 0.0 47.8920059204 0.0
0.0 0.0 64.8104553223 0.0
0.0 0.0 53.3803482056 0.0
0.0 0.0 60.2655296326 0.0
0.0 0.0 54.0698318481 0.0
0.0 0.0 56.7903289795 0.0
0.0 0.0 55.1004219055 0.200190469623
0.0 0.0 67.1094360352 0.0
0.0 0.0 87.5780334473 0.251432746649
0.0 0.0 79.0354232788 0.170114114881
0.0 0.0 54.0855484009 0.0
0.0 0.0 53.9843330383 0.092224702239
0.0 0.0 57.4543304443 0.0381967611611
0.0 0.0 48.8539772034 0.0
0.0 0.0 61.9250907898 0.0
0.0 0.0 50.1274909973 0.0
0.0 0.0 62.0439758301 0.0932687073946
0.0 0.0 55.3335838318 0.175597295165
0.0 0.0 54.8295135498 0.0
0.0 0.0 81.5560760498 0.0
0.0 0.0 108.401115417 0.514169871807
0.0 0.0 182.710372925 0.478766381741
217.738800049 1.0 576.74810791 0.704588115215
221.344238281 1.0 1378.53393555 0.79036450386
224.224182129 1.0 1425.47241211 0.980692744255
223.863510132 1.0 1445.34545898 0.980382800102
218.678894043 1.0 1506.43103027 0.859622359276
201.51322937 1.0 1600.81640625 0.767964661121
191.366210938 1.0 1718.84838867 0.842083930969
183.433105469 1.0 1550.9296875 0.909599423409
183.008224487 1.0 760.696105957 0.819323480129
187.788101196 1.0 272.528198242 0.466661453247
233.421066284 1.0 353.609802246 0.683633446693
234.104537964 1.0 770.33996582 0.835019648075
233.359680176 1.0 1492.17932129 0.915245175362
231.978363037 1.0 1598.49707031 0.9865847826
230.153778076 1.0 1565.77355957 0.991910040379
228.046722412 1.0 1479.29309082 0.996838748455
227.414413452 1.0 1385.20056152 0.997192442417
226.911911011 1.0 1334.39892578 0.996312022209
226.001449585 1.0 1323.48352051 0.995926320553
224.929168701 1.0 1381.21069336 0.995607852936
223.234863281 1.0 1438.10144043 0.993330895901
220.949829102 1.0 1453.25939941 0.991336405277
217.574920654 1.0 1509.24304199 0.992244184017
216.105880737 1.0 1585.18847656 0.995390057564
215.081192017 1.0 1619.94006348 0.997492730618
215.110137939 1.0 1619.51367188 0.994361519814
215.808166504 1.0 1591.38586426 0.989030361176
217.108734131 1.0 1507.77416992 0.988734543324
218.480072021 1.0 1459.65148926 0.989603579044
219.217376709 1.0 1458.70812988 0.991768300533
219.573638916 1.0 1373.22216797 0.990728497505
219.871398926 1.0 1333.29248047 0.99488812685
219.72354126 1.0 1280.97216797 0.995842158794
219.876754761 1.0 1232.8717041 0.996678054333
220.573318481 1.0 1220.73779297 0.995869934559
221.748596191 1.0 1200.09301758 0.993557572365
223.118301392 1.0 1178.96984863 0.991111338139
224.559967041 1.0 1195.46350098 0.994246542454
223.407089233 1.0 1218.14123535 0.949149429798
222.162078857 1.0 1172.93615723 0.912946879864
215.81451416 1.0 983.256652832 0.892406821251
210.938873291 1.0 433.415100098 0.842329323292
219.67930603 1.0 115.49823761 0.582597732544
0.0 0.0 62.1029891968 0.0
0.0 0.0 51.9980888367 0.0
0.0 0.0 51.3342323303 0.0
0.0 0.0 55.5793457031 0.0
0.0 0.0 64.2537536621 0.0
0.0 0.0 67.4281311035 0.0
0.0 0.0 83.867401123 0.0
0.0 0.0 70.4571762085 0.0
0.0 0.0 64.9501419067 0.398267447948
0.0 0.0 73.7295913696 0.613289833069
0.0 0.0 147.232925415 0.447038829327
0.0 0.0 244.028060913 0.472734242678
0.0 0.0 195.783370972 0.31644064188
0.0 0.0 67.0239105225 0.0
0.0 0.0 52.1563186646 0.103616900742
0.0 0.0 59.3953933716 0.0
0.0 0.0 52.7734794617 0.0
0.0 0.0 47.3727416992 0.114210292697
0.0 0.0 47.2894134521 0.141704931855
0.0 0.0 51.7798881531 0.0696107819676
0.0 0.0 51.3079223633 0.0
0.0 0.0 52.797706604 0.0
0.0 0.0 64.1645202637 0.0
0.0 0.0 70.5570144653 0.0
0.0 0.0 65.1822738647 0.0
0.0 0.0 83.8364715576 0.0
0.0 0.0 79.3763580322 0.0
0.0 0.0 52.4850387573 0.120865061879
0.0 0.0 44.7724723816 0.0
0.0 0.0 50.5022087097 0.0945778489113
0.0 0.0 48.6047668457 0.0
0.0 0.0 53.3133506775 0.0
0.0 0.0 71.5004882813 0.108956001699
0.0 0.0 49.3412017822 0.12641915679
0.0 0.0 50.2753448486 0.0
0.0 0.0 60.9947738647 0.0
0.0 0.0 74.3753890991 0.551025271416
0.0 0.0 57.6196403503 0.503950715065
202.95513916 1.0 165.822494507 0.759481072426
210.065658569 1.0 955.909118652 0.801544070244
210.967880249 1.0 1327.0369873 0.909975647926
212.682769775 1.0 1189.60388184 0.985196530819
210.202758789 1.0 1170.97717285 0.98089236021
207.497238159 1.0 1165.19335938 0.984147727489
205.032180786 1.0 1166.73852539 0.987676560879
203.164627075 1.0 1155.66796875 0.990639925003
201.495437622 1.0 1158.75378418 0.992721259594
200.570022583 1.0 1162.48571777 0.996701836586
200.741119385 1.0 1168.7142334 0.994552910328
203.061843872 1.0 1181.72106934 0.983337938786
205.56803894 1.0 1203.60180664 0.980639278889
208.245010376 1.0 1165.77685547 0.991510689259
211.416534424 1.0 1147.06506348 0.993050098419
212.10395813 1.0 1102.6619873 0.992089033127
209.830795288 1.0 1076.9041748 0.965962290764
205.062652588 1.0 1054.36328125 0.892064511776
199.621643066 1.0 1035.12585449 0.861644029617
192.81350708 1.0 677.281982422 0.754464268684
0.0 0.0 204.150741577 0.0
0.0 0.0 101.017745972 0.0
0.0 0.0 51.6872901917 0.158260449767
0.0 0.0 50.251789093 0.129797518253
0.0 0.0 55.0955886841 0.0
0.0 0.0 54.3739013672 0.0768441930413
0.0 0.0 56.1335449219 0.111965738237
0.0 0.0 49.7004013062 0.0
0.0 0.0 68.8927993774 0.118920139968
0.0 0.0 59.7458381653 0.0940166413784
0.0 0.0 54.2440452576 0.0738893896341
0.0 0.0 56.2986831665 0.0636258646846
0.0 0.0 56.8518333435 0.133456856012
0.0 0.0 53.6774559021 0.0
0.0 0.0 61.1913299561 0.0
0.0 0.0 60.7439804077 0.667935788631
0.0 0.0 85.9041213989 0.624528110027
209.845855713 1.0 462.977416992 0.793172955513
208.732421875 1.0 1141.70214844 0.854556143284
207.08531189 1.0 1124.02697754 0.983718395233
204.802032471 1.0 1088.10510254 0.988423287868
202.705749512 1.0 1105.93615723 0.991649091244
201.260040283 1.0 1127.8236084 0.995295703411
200.139251709 1.0 1142.33862305 0.996605813503
199.320098877 1.0 1150.6640625 0.99716258049
199.06803894 1.0 1147.19580078 0.997314929962
198.956359863 1.0 1162.14660645 0.997521162033
198.705078125 1.0 1172.31762695 0.996725916862
198.281341553 1.0 1192.41992188 0.996282935143
198.048248291 1.0 1197.3729248 0.996510565281
198.295150757 1.0 1210.03100586 0.99666249752
198.727294922 1.0 1215.36047363 0.9967700243
199.225326538 1.0 1211.39709473 0.997638881207
199.856536865 1.0 1218.80822754 0.996876239777
200.507720947 1.0 1217.89575195 0.996856987476
201.21156311 1.0 1212.41516113 0.996733307838
202.127609253 1.0 1202.69543457 0.99647551775
203.426452637 1.0 1203.54162598 0.994424164295
205.282531738 1.0 1196.49719238 0.990940392017
207.811279297 1.0 1186.7590332 0.990252137184
210.054916382 1.0 1174.75964355 0.991423130035
211.903717041 1.0 1151.1529541 0.994345903397
212.535903931 1.0 1130.9041748 0.996552109718
211.232940674 1.0 1118.7935791 0.987533688545
208.036407471 1.0 1097.5916748 0.951616227627
205.120330811 1.0 1079.81311035 0.901829004288
200.757843018 1.0 911.122131348 0.84685331583
202.639312744 1.0 350.3074646 0.489008873701
0.0 0.0 120.860702515 0.23849670589
0.0 0.0 56.0659179688 0.10762874037
0.0 0.0 44.9856872559 0.0610394999385
0.0 0.0 46.9916534424 0.113208130002
0.0 0.0 44.9657325745 0.149879962206
0.0 0.0 53.3531799316 0.118307374418
0.0 0.0 53.2294540405 0.138184428215
0.0 0.0 46.2652015686 0.164308294654
0.0 0.0 52.4632644653 0.0913616791368
0.0 0.0 49.5626564026 0.0579448714852
0.0 0.0 44.5986175537 0.109872467816
0.0 0.0 47.773891449 0.0
0.0 0.0 51.9728813171 0.0
0.0 0.0 107.002738953 0.0
0.0 0.0 225.034057617 0.0
0.0 0.0 485.895355225 0.0
0.0 0.0 517.073669434 0.0
0.0 0.0 335.980621338 0.0
0.0 0.0 198.139221191 0.0
0.0 0.0 105.849754333 0.642555356026
0.0 0.0 98.6231384277 0.334146261215
201.55241394 1.0 137.542724609 0.811813414097
191.930664063 1.0 354.501403809 0.841717541218
189.389160156 1.0 769.741821289 0.813161969185
185.687011719 1.0 997.963317871 0.835842788219
172.477310181 1.0 679.505126953 0.851841449738
170.970840454 1.0 299.326049805 0.813965320587
170.983963013 1.0 140.170806885 0.738301694393
0.0 0.0 64.7530899048 0.212312489748
0.0 0.0 58.8287849426 0.273933291435
0.0 0.0 65.5693435669 0.267584651709
0.0 0.0 73.5803756714 0.214328035712
0.0 0.0 60.82837677 0.685191333294
213.604415894 1.0 204.444625854 0.79170435667
212.579238892 1.0 905.323669434 0.880393922329
211.293365479 1.0 1437.77416992 0.963899552822
209.842651367 1.0 1434.36413574 0.98638433218
204.691543579 1.0 1430.36901855 0.946141541004
199.348220825 1.0 1453.9921875 0.831336975098
191.415756226 1.0 1472.74511719 0.801587820053
167.538833618 1.0 916.655090332 0.760849833488
0.0 0.0 245.927627563 0.441616594791
0.0 0.0 140.425704956 0.0
0.0 0.0 74.0400314331 0.0
0.0 0.0 60.5774650574 0.186034485698
0.0 0.0 57.7703437805 0.0
0.0 0.0 53.8546600342 0.0
0.0 0.0 50.6787033081 0.0
0.0 0.0 71.5609741211 0.0
0.0 0.0 128.268173218 0.398659557104
221.347259521 1.0 376.975006104 0.671444892883
221.496002197 1.0 1251.87792969 0.790483593941
221.637557983 1.0 1291.35131836 0.979724168777
221.15397644 1.0 1261.92626953 0.996245920658
220.71005249 1.0 1275.80151367 0.997371852398
220.007965088 1.0 1331.95654297 0.99702757597
218.899627686 1.0 1389.27331543 0.995594859123
216.754653931 1.0 1427.40270996 0.99471616745
214.755462646 1.0 1457.07397461 0.991140007973
211.515014648 1.0 1470.56164551 0.975494682789
207.705810547 1.0 1441.87805176 0.96372127533
204.381271362 1.0 1377.00610352 0.967533349991
201.438598633 1.0 1117.40393066 0.966148138046
203.559082031 1.0 639.245849609 0.948696136475
205.587036133 1.0 424.682373047 0.960963070393
202.200927734 1.0 274.327148438 0.934114933014
206.127731323 1.0 153.136199951 0.836949050426
210.182144165 1.0 105.558349609 0.695872604847
228.719543457 1.0 76.2406463623 0.719484865665
240.045349121 1.0 78.2229690552 0.827636063099
254.643844604 1.0 125.691612244 0.836356759071
248.782943726 1.0 249.121795654 0.90087556839
250.155227661 1.0 791.704650879 0.933813333511
251.236587524 1.0 1064.41369629 0.974083483219
254.42956543 1.0 1023.99475098 0.982575178146
256.722747803 1.0 1041.36328125 0.984520733356
260.753326416 1.0 1042.00317383 0.973907470703
266.566375732 1.0 972.20703125 0.960310518742
274.892791748 1.0 946.208862305 0.951319754124
284.986968994 1.0 828.035827637 0.939429819584
296.188568115 1.0 663.121520996 0.949060022831
305.553222656 1.0 611.854064941 0.941217601299
313.577911377 1.0 474.010253906 0.932256698608
318.632537842 1.0 445.278991699 0.956809639931
323.056427002 1.0 417.430358887 0.954265713692
325.336120605 1.0 401.225860596 0.952702462673
328.035430908 1.0 387.602508545 0.965665757656
328.291687012 1.0 354.34854126 0.933266222477
327.254547119 1.0 330.263031006 0.871357738972
321.317810059 1.0 324.67767334 0.791755914688
305.197845459 1.0 311.023468018 0.7347625494
287.881225586 1.0 249.705718994 0.683102965355
269.373657227 1.0 220.575073242 0.785460412502
245.111282349 1.0 128.360015869 0.695489346981
0.0 0.0 50.6456985474 0.0637405887246
0.0 0.0 48.8497200012 0.0765586793423
0.0 0.0 54.4145736694 0.0
0.0 0.0 53.8249816895 0.0
0.0 0.0 58.0096359253 0.249455079436
0.0 0.0 54.8921699524 0.122864045203
0.0 0.0 48.5072669983 0.133497044444
0.0 0.0 47.2184486389 0.0811870992184
0.0 0.0 49.7597732544 0.0426828674972
0.0 0.0 50.674987793 0.129856720567
0.0 0.0 52.65026474 0.147327825427
0.0 0.0 45.9233016968 0.0
0.0 0.0 56.8390350342 0.0
0.0 0.0 51.8633918762 0.0
0.0 0.0 59.0026092529 0.090212829411
0.0 0.0 57.3575019836 0.0
0.0 0.0 46.3070831299 0.0956486538053
0.0 0.0 50.4059333801 0.140101671219
0.0 0.0 45.3628005981 0.161252915859
0.0 0.0 52.4052467346 0.110280774534
0.0 0.0 43.8288841248 0.0755394920707
0.0 0.0 51.3408966064 0.133725777268
0.0 0.0 47.973651886 0.135525718331
0.0 0.0 46.4713859558 0.0823995172977
0.0 0.0 47.0781822205 0.105328910053
0.0 0.0 47.6580963135 0.0726944804192
0.0 0.0 45.6114006042 0.0
0.0 0.0 51.5339050293 0.0442789196968
0.0 0.0 45.4560852051 0.137995913625
0.0 0.0 47.2330245972 0.13718432188
0.0 0.0 44.8697929382 0.0
0.0 0.0 47.9792785645 0.0
0.0 0.0 51.9424209595 0.0
0.0 0.0 50.4834594727 0.0
0.0 0.0 50.3335762024 0.0980245545506
0.0 0.0 47.0144309998 0.0855299755931
0.0 0.0 47.4500236511 0.0868416577578
0.0 0.0 47.599395752 0.0580922812223
0.0 0.0 49.8168640137 0.0534283034503
0.0 0.0 48.7662696838 0.0530687607825
0.0 0.0 47.2343444824 0.0414531379938
0.0 0.0 49.6644935608 0.0
0.0 0.0 48.0869407654 0.0
0.0 0.0 48.9602928162 0.0
0.0 0.0 48.6440124512 0.119072832167
0.0 0.0 46.3687057495 0.132341980934
0.0 0.0 50.1522064209 0.0
0.0 0.0 49.8267440796 0.0
0.0 0.0 52.6244010925 0.0
0.0 0.0 47.2862358093 0.087945997715
0.0 0.0 46.4245910645 0.0
0.0 0.0 48.0141029358 0.0
0.0 0.0 48.0016403198 0.0
0.0 0.0 48.9551773071 0.106836855412
0.0 0.0 46.0164222717 0.0
0.0 0.0 53.5416526794 0.0
0.0 0.0 60.5845031738 0.0
0.0 0.0 48.5599975586 0.0
0.0 0.0 55.4226837158 0.0
0.0 0.0 83.3975296021 0.0
0.0 0.0 77.8340454102 0.0
0.0 0.0 54.9712982178 0.0
0.0 0.0 60.2531547546 0.0
0.0 0.0 52.5782318115 0.090054191649
0.0 0.0 56.601348877 0.0878569111228
0.0 0.0 50.2394523621 0.0
0.0 0.0 52.7567901611 0.0633640289307
0.0 0.0 49.9700508118 0.106278412044
0.0 0.0 46.473865509 0.100848920643
0.0 0.0 45.6373329163 0.0798669010401
0.0 0.0 41.4782752991 0.111204139888
0.0 0.0 45.8094787598 0.0922222435474
0.0 0.0 51.098449707 0.102695420384
0.0 0.0 45.6600837708 0.0748185142875
0.0 0.0 50.5142593384 0.0
0.0 0.0 60.5715293884 0.0
0.0 0.0 49.2444801331 0.0
0.0 0.0 56.4850349426 0.0871446803212
0.0 0.0 51.2923812866 0.078747689724
0.0 0.0 50.7488861084 0.102496691048
0.0 0.0 48.5505065918 0.0
0.0 0.0 58.9671783447 0.0
0.0 0.0 50.7238960266 0.121826708317
0.0 0.0 56.0329170227 0.130627676845
0.0 0.0 50.8810424805 0.090113632381
0.0 0.0 46.9799041748 0.108499258757
0.0 0.0 49.4862670898 0.0354109704494
0.0 0.0 53.1049194336 0.0649315193295
0.0 0.0 47.3296470642 0.102388955653
0.0 0.0 47.445640564 0.125408306718
0.0 0.0 48.5773086548 0.106413371861
0.0 0.0 44.5584030151 0.0898336917162
0.0 0.0 48.4915504456 0.0915381237864
0.0 0.0 43.5303649902 0.0657575055957
0.0 0.0 42.9577102661 0.0428215973079
0.0 0.0 41.1797599792 0.0767298415303
0.0 0.0 45.3303451538 0.0
0.0 0.0 46.1019897461 0.0620129257441
0.0 0.0 44.5286827087 0.0705753266811
0.0 0.0 46.6784934998 0.102287597954
0.0 0.0 45.8293228149 0.11150214076
0.0 0.0 46.7788085938 0.117933422327
0.0 0.0 47.5298805237 0.0
0.0 0.0 47.4121055603 0.0
0.0 0.0 65.6554412842 0.0
0.0 0.0 59.2555847168 0.0
0.0 0.0 59.9435310364 0.0
0.0 0.0 47.2680969238 0.0
0.0 0.0 43.3543243408 0.0930651649833
0.0 0.0 45.5537071228 0.0647644624114
0.0 0.0 44.3534507751 0.0695967301726
0.0 0.0 47.4577445984 0.0607390776277
0.0 0.0 46.5582427979 0.0810869187117
0.0 0.0 43.4675712585 0.0818607509136
0.0 0.0 46.8684043884 0.0674316436052
0.0 0.0 41.2697868347 0.0928987488151
0.0 0.0 45.004535675 0.103304520249
0.0 0.0 47.5942306519 0.130095228553
0.0 0.0 52.2290802002 0.101347588003
0.0 0.0 47.9839820862 0.13228534162
0.0 0.0 44.6218338013 0.0
0.0 0.0 48.3205604553 0.0
0.0 0.0 55.1506233215 0.0
0.0 0.0 51.77526474 0.0
0.0 0.0 51.4473190308 0.0
0.0 0.0 44.0100669861 0.0377167165279
0.0 0.0 46.3117904663 0.0868946090341
0.0 0.0 46.7789306641 0.0
0.0 0.0 50.2434196472 0.0
0.0 0.0 53.3820800781 0.0
0.0 0.0 47.5620956421 0.114530131221
0.0 0.0 44.2403564453 0.117678157985
0.0 0.0 44.0640029907 0.134385049343
0.0 0.0 44.5265655518 0.0936345607042
0.0 0.0 45.3611297607 0.0963945910335
0.0 0.0 44.0755500793 0.0722098723054
0.0 0.0 46.4497795105 0.104461245239
0.0 0.0 47.4395484924 0.0631422251463
0.0 0.0 44.9672966003 0.0664309039712
0.0 0.0 45.0662765503 0.0888785272837
0.0 0.0 42.6874885559 0.0595925822854
