0.0 0.0 0.0 0.0
0.0 0.0 8.53815746307 0.0
0.0 0.0 14.7012739182 0.0
0.0 0.0 11.4771671295 0.0
0.0 0.0 19.1557559967 0.0
0.0 0.0 17.9265041351 0.0
0.0 0.0 16.0936527252 0.0
0.0 0.0 12.3186969757 0.140969350934
0.0 0.0 13.3466157913 0.433844715357
0.0 0.0 14.9988870621 0.0
0.0 0.0 21.602891922 0.0
0.0 0.0 24.999080658 0.0
0.0 0.0 22.6219711304 0.0
0.0 0.0 14.9917488098 0.204943969846
0.0 0.0 12.1988239288 0.0872286334634
0.0 0.0 13.0001106262 0.167507946491
0.0 0.0 13.7049026489 0.244262069464
0.0 0.0 18.4537220001 0.0
0.0 0.0 19.1034526825 0.0
0.0 0.0 39.7638931274 0.0
0.0 0.0 33.1913566589 0.0
0.0 0.0 47.8842048645 0.0
0.0 0.0 28.4617996216 0.0
0.0 0.0 35.0469512939 0.0
0.0 0.0 25.45728302 0.0
0.0 0.0 44.6446380615 0.0
0.0 0.0 79.4895477295 0.0
0.0 0.0 65.6328582764 0.0
0.0 0.0 57.038356781 0.0
0.0 0.0 47.5100784302 0.0
0.0 0.0 30.9610366821 0.0
0.0 0.0 29.3654937744 0.0
0.0 0.0 23.1568126678 0.0
0.0 0.0 24.100479126 0.0
0.0 0.0 15.6886644363 0.0
0.0 0.0 10.18354702 0.0
0.0 0.0 10.5634298325 0.0
0.0 0.0 13.6615877151 0.0
0.0 0.0 13.2267446518 0.0
0.0 0.0 11.2395420074 0.0
0.0 0.0 7.78993988037 0.0
0.0 0.0 6.873919487 0.0
0.0 0.0 8.89000892639 0.0
0.0 0.0 10.8859128952 0.0
0.0 0.0 9.87556266785 0.0
0.0 0.0 7.42844629288 0.269883662462
0.0 0.0 5.31276893616 0.0
0.0 0.0 5.79715108871 0.0
0.0 0.0 8.76435852051 0.0
0.0 0.0 8.0900850296 0.0
0.0 0.0 15.1265296936 0.0
0.0 0.0 11.3571882248 0.0
0.0 0.0 7.34882879257 0.119864180684
0.0 0.0 8.85329532623 0.0
0.0 0.0 11.1476955414 0.0
0.0 0.0 18.1467266083 0.0
0.0 0.0 31.780424118 0.0
0.0 0.0 30.5008525848 0.0
0.0 0.0 42.3965187073 0.0
0.0 0.0 44.5778388977 0.0
0.0 0.0 45.2803611755 0.0
0.0 0.0 34.4300956726 0.0
0.0 0.0 29.0402526855 0.0
0.0 0.0 19.4360466003 0.232108026743
0.0 0.0 16.7413520813 0.166753560305
0.0 0.0 16.8370075226 0.187636703253
0.0 0.0 18.741355896 0.144306987524
0.0 0.0 19.8125362396 0.293824404478
0.0 0.0 18.9264888763 0.359645217657
0.0 0.0 19.8879127502 0.11138753593
0.0 0.0 20.245557785 0.207425549626
0.0 0.0 16.5360355377 0.13487111032
0.0 0.0 16.3635177612 0.0988088473678
0.0 0.0 15.7352924347 0.0733766183257
0.0 0.0 17.268321991 0.17543259263
0.0 0.0 17.1494750977 0.202937215567
0.0 0.0 17.5885753632 0.166814640164
0.0 0.0 15.3469257355 0.109522081912
0.0 0.0 15.3342370987 0.0822529420257
0.0 0.0 16.0477981567 0.117406621575
0.0 0.0 16.2250499725 0.253334641457
0.0 0.0 18.4146385193 0.0
0.0 0.0 29.1957702637 0.0
0.0 0.0 39.9502334595 0.0
0.0 0.0 51.1516189575 0.0
0.0 0.0 50.9654922485 0.0
0.0 0.0 43.261554718 0.0
0.0 0.0 30.6315670013 0.0
0.0 0.0 18.3662662506 0.0
0.0 0.0 19.1530246735 0.398310393095
0.0 0.0 19.9100856781 0.0
0.0 0.0 24.1569309235 0.0
0.0 0.0 25.3670349121 0.0
0.0 0.0 25.124704361 0.0
0.0 0.0 18.3862533569 0.103494554758
0.0 0.0 18.9433555603 0.0961574241519
0.0 0.0 16.497461319 0.0
0.0 0.0 16.4591636658 0.209907978773
0.0 0.0 19.8700790405 0.0
0.0 0.0 23.1242370605 0.0
0.0 0.0 27.8334140778 0.0
0.0 0.0 29.6942939758 0.0
0.0 0.0 20.6495227814 0.0
0.0 0.0 21.5529136658 0.301277548075
0.0 0.0 17.3605575562 0.0
0.0 0.0 19.924741745 0.0
0.0 0.0 21.9626255035 0.0
0.0 0.0 18.2670593262 0.163853615522
0.0 0.0 18.1305732727 0.136687517166
0.0 0.0 17.6509208679 0.195824459195
0.0 0.0 15.6885099411 0.138937398791
0.0 0.0 18.1138038635 0.103470392525
0.0 0.0 18.3470573425 0.186666563153
0.0 0.0 15.8203840256 0.0
0.0 0.0 18.3017520905 0.0
0.0 0.0 17.2385463715 0.231260880828
0.0 0.0 17.4903888702 0.0
0.0 0.0 27.2379989624 0.0
0.0 0.0 41.8708267212 0.0
0.0 0.0 35.8578529358 0.0
0.0 0.0 21.2578125 0.0
0.0 0.0 21.3353996277 0.0
0.0 0.0 27.3431663513 0.0
0.0 0.0 41.9321289063 0.0
0.0 0.0 32.3135795593 0.0
0.0 0.0 39.5570487976 0.0
0.0 0.0 44.6344718933 0.0
0.0 0.0 94.7470855713 0.0
0.0 0.0 178.048599243 0.0
0.0 0.0 103.253547668 0.0
0.0 0.0 65.1534576416 0.0
0.0 0.0 29.3291149139 0.406703323126
0.0 0.0 30.6377162933 0.0
0.0 0.0 27.7582397461 0.0
0.0 0.0 16.8379211426 0.0749569758773
0.0 0.0 21.7177867889 0.418566375971
0.0 0.0 22.0985794067 0.457420349121
0.0 0.0 23.8081645966 0.0
0.0 0.0 26.4773406982 0.221896916628
0.0 0.0 20.8369007111 0.157970651984
0.0 0.0 16.8009681702 0.179023653269
0.0 0.0 17.6837940216 0.148973166943
0.0 0.0 16.31208992 0.14770257473
0.0 0.0 15.5538835526 0.0850762277842
0.0 0.0 18.1811714172 0.0
0.0 0.0 21.8132896423 0.0
0.0 0.0 39.4932060242 0.0
0.0 0.0 47.4093818665 0.0
0.0 0.0 51.23046875 0.0
0.0 0.0 33.8652076721 0.0
0.0 0.0 47.3246459961 0.0
0.0 0.0 33.0821266174 0.0
0.0 0.0 41.1418266296 0.0
0.0 0.0 22.7689037323 0.0
0.0 0.0 26.8042144775 0.0
0.0 0.0 20.4733982086 0.0
0.0 0.0 32.4583587646 0.0
0.0 0.0 27.8089084625 0.0
0.0 0.0 36.7525978088 0.0
0.0 0.0 24.9452800751 0.0
0.0 0.0 31.0560321808 0.429586976767
0.0 0.0 24.7832508087 0.0
0.0 0.0 41.3390274048 0.0
0.0 0.0 45.0829353333 0.418543577194
0.0 0.0 33.8418235779 0.0
0.0 0.0 25.7154693604 0.0
0.0 0.0 23.3999881744 0.0
0.0 0.0 24.9902172089 0.0
0.0 0.0 19.4837856293 0.0
0.0 0.0 30.863986969 0.0
0.0 0.0 25.0822868347 0.0
0.0 0.0 29.3246936798 0.0
0.0 0.0 21.6637687683 0.0
0.0 0.0 19.9932689667 0.324351012707
0.0 0.0 19.2685852051 0.216658324003
0.0 0.0 17.6190223694 0.202180191875
0.0 0.0 17.7955322266 0.163858473301
0.0 0.0 16.4672203064 0.115138821304
0.0 0.0 16.9273548126 0.190598756075
0.0 0.0 17.1928672791 0.169776707888
0.0 0.0 17.4179077148 0.133739545941
0.0 0.0 16.3587741852 0.157454118133
0.0 0.0 16.8714027405 0.0
0.0 0.0 18.6215686798 0.0
0.0 0.0 36.852722168 0.0
0.0 0.0 31.0822086334 0.0
0.0 0.0 55.2028846741 0.0
0.0 0.0 39.7145576477 0.0
0.0 0.0 46.2319641113 0.0
0.0 0.0 39.2608451843 0.0
0.0 0.0 20.5912151337 0.0
0.0 0.0 18.7958698273 0.0823519602418
0.0 0.0 19.1601715088 0.336576849222
0.0 0.0 20.1551551819 0.0
0.0 0.0 21.5853691101 0.259491592646
0.0 0.0 19.2539520264 0.286361664534
0.0 0.0 17.077293396 0.101918585598
0.0 0.0 16.8419685364 0.211766779423
0.0 0.0 16.7057933807 0.0732828453183
0.0 0.0 18.3825263977 0.159380853176
0.0 0.0 16.4352416992 0.112533837557
0.0 0.0 16.9240245819 0.0973901078105
0.0 0.0 16.2649307251 0.0853706076741
0.0 0.0 15.5504608154 0.0821270495653
0.0 0.0 15.6221456528 0.0668846070766
0.0 0.0 15.9829311371 0.0
0.0 0.0 16.3506469727 0.217521876097
0.0 0.0 16.1422233582 0.116834335029
0.0 0.0 18.2324371338 0.0
0.0 0.0 22.6848297119 0.0
0.0 0.0 39.1325531006 0.0
0.0 0.0 51.2699546814 0.0
0.0 0.0 47.5701942444 0.0
0.0 0.0 43.489528656 0.0
0.0 0.0 41.0462188721 0.0
0.0 0.0 29.5088100433 0.0
0.0 0.0 32.0236282349 0.0
0.0 0.0 18.5999908447 0.0
0.0 0.0 21.3672847748 0.0
0.0 0.0 19.3458385468 0.0
0.0 0.0 17.4399318695 0.0
0.0 0.0 17.6056156158 0.135627537966
0.0 0.0 18.7645053864 0.255990803242
0.0 0.0 16.4856109619 0.148629784584
0.0 0.0 17.4317493439 0.121309019625
0.0 0.0 15.5257377625 0.0688431486487
0.0 0.0 16.6077518463 0.456831127405
0.0 0.0 19.7726364136 0.0
0.0 0.0 31.5549983978 0.0
0.0 0.0 24.5783233643 0.0
0.0 0.0 28.4156188965 0.0
0.0 0.0 30.540058136 0.0
0.0 0.0 19.6501579285 0.0
0.0 0.0 33.9507408142 0.0
0.0 0.0 43.5947113037 0.0
0.0 0.0 24.8232955933 0.0
0.0 0.0 19.3444423676 0.0
0.0 0.0 28.6858482361 0.0
0.0 0.0 38.6690940857 0.0
0.0 0.0 76.3081741333 0.0
0.0 0.0 168.144332886 0.0
0.0 0.0 253.677597046 0.0
0.0 0.0 111.47227478 0.0
0.0 0.0 184.25100708 0.0
0.0 0.0 327.548095703 0.0
0.0 0.0 360.111968994 0.0
0.0 0.0 174.216629028 0.0
0.0 0.0 133.689559937 0.0
0.0 0.0 75.3632583618 0.0
0.0 0.0 36.6456565857 0.0
0.0 0.0 35.2977485657 0.0
0.0 0.0 44.2594604492 0.0
0.0 0.0 26.5729160309 0.0
0.0 0.0 34.3738174438 0.0
0.0 0.0 33.576625824 0.0
0.0 0.0 26.9832553864 0.295315772295
0.0 0.0 20.8210735321 0.0
144.708908081 1.0 21.6560344696 0.823962450027
143.073242188 1.0 16.7206172943 0.693159162998
140.643173218 1.0 23.7621707916 0.928693473339
138.646514893 1.0 113.85723877 0.954291343689
136.705383301 1.0 280.945037842 0.974836051464
135.047622681 1.0 423.265716553 0.986147522926
134.243392944 1.0 601.011962891 0.990095376968
135.49382019 1.0 752.834594727 0.978206396103
137.965713501 1.0 854.560852051 0.957379162312
141.124328613 1.0 948.023132324 0.965889632702
141.877853394 1.0 1049.88818359 0.982873499393
141.699569702 1.0 1047.87927246 0.987760663033
140.689300537 1.0 1170.93322754 0.99199026823
139.276504517 1.0 1240.35791016 0.988366961479
137.430633545 1.0 1264.06286621 0.970534980297
133.779495239 1.0 1245.08862305 0.945832788944
131.399246216 1.0 1159.74499512 0.895555794239
129.444030762 1.0 1085.24633789 0.85576415062
126.76285553 1.0 796.137939453 0.792443990707
132.997070313 1.0 308.599365234 0.537681996822
0.0 0.0 137.71913147 0.0
0.0 0.0 86.7660446167 0.0
0.0 0.0 31.7611179352 0.0
0.0 0.0 64.5711975098 0.0
0.0 0.0 188.901123047 0.0
0.0 0.0 154.284698486 0.0
0.0 0.0 396.687194824 0.0
0.0 0.0 850.447875977 0.0
0.0 0.0 1069.8458252 0.0
0.0 0.0 1507.54418945 0.0
0.0 0.0 591.14831543 0.0
0.0 0.0 554.93548584 0.0
0.0 0.0 166.162857056 0.0
0.0 0.0 45.0106201172 0.0
0.0 0.0 38.4981231689 0.0
0.0 0.0 22.3932189941 0.0
0.0 0.0 10.1953964233 0.0
0.0 0.0 3.74702906609 0.58858525753
0.0 0.0 8.41507148743 0.0
0.0 0.0 15.6105699539 0.0
0.0 0.0 39.9028816223 0.0
0.0 0.0 88.4209823608 0.601851344109
167.464614868 1.0 85.4251022339 0.825936317444
173.533065796 1.0 214.702331543 0.893982708454
178.761505127 1.0 742.143493652 0.907942116261
182.421951294 1.0 1147.28820801 0.946612298489
186.407791138 1.0 1163.61682129 0.990439116955
187.995254517 1.0 1150.07312012 0.992452323437
189.223388672 1.0 1150.29553223 0.992351830006
189.910202026 1.0 1133.31420898 0.993173182011
190.240600586 1.0 1125.63830566 0.991208732128
189.689804077 1.0 1104.03417969 0.965809941292
185.580368042 1.0 1092.07055664 0.924673676491
179.504562378 1.0 1087.60253906 0.898177444935
172.28086853 1.0 1125.91174316 0.904876828194
169.661376953 1.0 974.002929688 0.8610201478
161.368774414 1.0 578.600280762 0.568831205368
0.0 0.0 323.46182251 0.164013192058
0.0 0.0 387.178771973 0.325436502695
0.0 0.0 338.013244629 0.0
0.0 0.0 210.005157471 0.0
0.0 0.0 176.251312256 0.445553958416
0.0 0.0 223.706787109 0.565560340881
163.11114502 1.0 257.80355835 0.780985236168
159.689575195 1.0 360.354827881 0.905711889267
153.971878052 1.0 545.604858398 0.94815069437
151.29119873 1.0 717.650512695 0.956573307514
147.838470459 1.0 854.271057129 0.976128876209
146.801116943 1.0 958.230102539 0.989754676819
146.245666504 1.0 1033.37585449 0.995954453945
146.580749512 1.0 1074.61560059 0.991360604763
148.005355835 1.0 1123.609375 0.989539027214
148.856445313 1.0 1180.87670898 0.989637553692
148.951675415 1.0 1242.43701172 0.99296939373
148.695495605 1.0 1275.07263184 0.99572789669
147.783401489 1.0 1310.76708984 0.99723893404
146.599838257 1.0 1331.00109863 0.994617700577
145.201217651 1.0 1335.25073242 0.993802845478
143.482772827 1.0 1328.80212402 0.993810653687
141.952529907 1.0 1330.69213867 0.995965659618
140.228530884 1.0 1337.99108887 0.990308582783
138.17074585 1.0 1339.29077148 0.990059375763
136.544372559 1.0 1344.92895508 0.991984367371
135.090179443 1.0 1341.34533691 0.993253707886
133.863098145 1.0 1331.49255371 0.990841150284
133.443908691 1.0 1325.07958984 0.97690987587
132.935043335 1.0 1327.1340332 0.974862158298
132.485015869 1.0 1333.1595459 0.970585823059
132.069778442 1.0 1268.72753906 0.984980821609
131.492767334 1.0 1212.34985352 0.985250234604
130.361999512 1.0 1231.62438965 0.988994598389
129.395019531 1.0 1229.2376709 0.986655116081
128.643463135 1.0 1265.39086914 0.988349854946
127.86895752 1.0 1271.39306641 0.994642496109
128.063522339 1.0 1231.42675781 0.996361255646
128.109710693 1.0 1204.65441895 0.998264491558
128.301422119 1.0 1192.68518066 0.997650504112
128.347854614 1.0 1194.7833252 0.995805621147
128.166595459 1.0 1170.3996582 0.978441298008
127.962135315 1.0 1087.43200684 0.90016913414
126.876243591 1.0 903.352722168 0.782938420773
0.0 0.0 517.670593262 0.395942002535
0.0 0.0 185.166122437 0.0
0.0 0.0 179.190002441 0.0
0.0 0.0 129.908615112 0.0
0.0 0.0 140.683609009 0.0
0.0 0.0 127.265953064 0.0
0.0 0.0 26.5449047089 0.458704829216
0.0 0.0 22.41248703 0.263748407364
0.0 0.0 29.4274139404 0.0
0.0 0.0 49.2263412476 0.0
0.0 0.0 45.4241752625 0.0
0.0 0.0 47.7653999329 0.0
0.0 0.0 39.2946472168 0.0
0.0 0.0 26.9233226776 0.0
0.0 0.0 29.9401702881 0.0
0.0 0.0 44.347568512 0.0
0.0 0.0 56.753742218 0.0
0.0 0.0 37.1729621887 0.0
0.0 0.0 28.6565437317 0.0
0.0 0.0 36.8256950378 0.0
0.0 0.0 29.5545349121 0.0
0.0 0.0 19.9342956543 0.0
0.0 0.0 59.4712867737 0.0
0.0 0.0 105.523849487 0.0
0.0 0.0 207.063278198 0.0
0.0 0.0 105.839317322 0.0
0.0 0.0 82.148727417 0.0
0.0 0.0 72.501411438 0.0
0.0 0.0 78.4642181396 0.0
0.0 0.0 69.2013168335 0.0
0.0 0.0 71.7134399414 0.0
0.0 0.0 150.392227173 0.0
0.0 0.0 188.021499634 0.0
0.0 0.0 82.5906600952 0.0
0.0 0.0 105.230560303 0.0
0.0 0.0 56.7567405701 0.0
0.0 0.0 52.0907058716 0.0
0.0 0.0 54.1286087036 0.0
0.0 0.0 45.985042572 0.0
0.0 0.0 40.527545929 0.0
0.0 0.0 41.8807983398 0.0
0.0 0.0 16.2922668457 0.0
0.0 0.0 15.7903928757 0.0
0.0 0.0 5.77538967133 0.0
0.0 0.0 3.19194221497 0.0
0.0 0.0 3.57138228416 0.0
0.0 0.0 2.75378966331 0.0
0.0 0.0 5.20534133911 0.0
0.0 0.0 2.65703821182 0.0
0.0 0.0 4.90945577621 0.0
0.0 0.0 3.04205679893 0.0
0.0 0.0 2.43595910072 0.0
0.0 0.0 5.7017993927 0.0
0.0 0.0 8.73178863525 0.0
0.0 0.0 7.84340238571 0.0
0.0 0.0 11.1335325241 0.0
0.0 0.0 13.6434621811 0.0
0.0 0.0 27.5175685883 0.0
0.0 0.0 14.8477115631 0.0
0.0 0.0 14.0936527252 0.0
0.0 0.0 5.20397090912 0.0
0.0 0.0 3.08080458641 0.0
0.0 0.0 13.1846647263 0.0
0.0 0.0 13.7018489838 0.0
0.0 0.0 4.3004989624 0.0
0.0 0.0 11.1660032272 0.0
0.0 0.0 18.144077301 0.0
0.0 0.0 58.639755249 0.355480879545
0.0 0.0 47.5663948059 0.458607792854
0.0 0.0 38.3833694458 0.191372692585
0.0 0.0 413.474243164 0.273960739374
0.0 0.0 1099.20825195 0.274062544107
0.0 0.0 530.980407715 0.594521701336
0.0 0.0 185.539550781 0.0
148.017578125 1.0 187.804397583 0.895506322384
146.442214966 1.0 166.190948486 0.934282183647
146.469406128 1.0 579.62097168 0.961047112942
146.863296509 1.0 1111.10241699 0.981029629707
148.060577393 1.0 1282.18908691 0.988656044006
149.389053345 1.0 1336.68835449 0.982728719711
151.613098145 1.0 1394.58129883 0.986094474792
153.119628906 1.0 1410.4465332 0.987374126911
154.949615479 1.0 1414.52856445 0.983943879604
155.837081909 1.0 1412.35424805 0.973335623741
154.818939209 1.0 1392.80615234 0.924334645271
153.327423096 1.0 1416.32458496 0.870192468166
150.330078125 1.0 1270.02185059 0.827601969242
149.766693115 1.0 668.348815918 0.741318941116
0.0 0.0 190.179763794 0.0
0.0 0.0 190.490722656 0.0
0.0 0.0 139.386001587 0.533297419548
171.123016357 1.0 337.79510498 0.765636205673
169.270248413 1.0 1022.621521 0.845537960529
169.084091187 1.0 1334.7277832 0.982613384724
168.2371521 1.0 1322.61364746 0.995637655258
168.193222046 1.0 1295.50854492 0.99740755558
168.02456665 1.0 1287.59143066 0.997442901134
167.698501587 1.0 1290.20129395 0.996318161488
166.801971436 1.0 1293.16333008 0.986351907253
163.888412476 1.0 1304.18212891 0.968121409416
162.13583374 1.0 1284.95373535 0.923818290234
160.66583252 1.0 1161.59570313 0.724346935749
0.0 0.0 799.919799805 0.314855962992
0.0 0.0 716.95892334 0.236463308334
0.0 0.0 684.195861816 0.301799595356
0.0 0.0 370.123321533 0.215943098068
0.0 0.0 154.515777588 0.57125723362
0.0 0.0 274.806427002 0.686774790287
152.410293579 1.0 402.810424805 0.578390777111
154.856063843 1.0 497.46383667 0.849777519703
152.806594849 1.0 636.152587891 0.950314342976
151.29838562 1.0 806.110961914 0.986760377884
150.652740479 1.0 985.230957031 0.990481257439
152.108642578 1.0 1114.70227051 0.972451806068
154.01348877 1.0 1180.83276367 0.966166615486
155.928619385 1.0 1226.31982422 0.982881128788
155.548248291 1.0 1254.55517578 0.888821542263
152.874984741 1.0 1158.43591309 0.825136423111
147.420211792 1.0 737.419494629 0.561744868755
0.0 0.0 178.35105896 0.0
0.0 0.0 200.64654541 0.0
0.0 0.0 164.053375244 0.0
0.0 0.0 225.408004761 0.396942347288
0.0 0.0 102.030883789 0.503671765327
0.0 0.0 67.6959075928 0.0
0.0 0.0 97.114151001 0.0
0.0 0.0 75.6713027954 0.0
0.0 0.0 19.3499984741 0.0
0.0 0.0 16.7297172546 0.0
0.0 0.0 10.4620170593 0.0
0.0 0.0 3.69755291939 0.0
0.0 0.0 5.61118555069 0.0
0.0 0.0 14.2421970367 0.316757708788
0.0 0.0 18.6998653412 0.359863191843
161.621078491 1.0 11.9690799713 0.87000143528
159.010192871 1.0 111.55708313 0.947639286518
155.591567993 1.0 222.027679443 0.979848563671
151.105255127 1.0 405.001220703 0.945824325085
147.013900757 1.0 700.671264648 0.885403931141
145.234619141 1.0 1123.08239746 0.725374698639
142.605422974 1.0 1312.17724609 0.690475821495
0.0 0.0 962.479248047 0.235501796007
0.0 0.0 248.450866699 0.328862339258
0.0 0.0 104.662384033 0.0
0.0 0.0 81.5305099487 0.0
0.0 0.0 125.201416016 0.0
0.0 0.0 120.624572754 0.0
0.0 0.0 50.4558639526 0.0
0.0 0.0 90.630241394 0.321013301611
0.0 0.0 74.2543640137 0.0
0.0 0.0 30.4682655334 0.0
0.0 0.0 62.2673454285 0.0
0.0 0.0 52.0388069153 0.272237837315
0.0 0.0 29.1241359711 0.0
0.0 0.0 58.0056762695 0.0
0.0 0.0 131.165344238 0.364843159914
0.0 0.0 175.04776001 0.583205580711
144.669906616 1.0 866.841369629 0.740511119366
141.966110229 1.0 1571.12805176 0.85691344738
138.946762085 1.0 1532.98718262 0.961279690266
136.808166504 1.0 1496.06677246 0.981733322144
134.81552124 1.0 1449.18225098 0.982203423977
132.949188232 1.0 1410.93444824 0.991453230381
131.875930786 1.0 1382.70129395 0.994807422161
130.448303223 1.0 1346.0513916 0.993201494217
129.766052246 1.0 1295.85852051 0.991361558437
128.901672363 1.0 1266.33044434 0.992015719414
128.155227661 1.0 1232.37011719 0.99113702774
127.318359375 1.0 1163.72485352 0.988066077232
126.727401733 1.0 1077.18457031 0.988671660423
126.391044617 1.0 1002.86547852 0.976912617683
126.149902344 1.0 918.873901367 0.966737568378
127.856620789 1.0 897.188476563 0.921770632267
129.563659668 1.0 976.41796875 0.903649151325
133.670578003 1.0 943.367675781 0.795967519283
135.865081787 1.0 992.454956055 0.741844296455
153.501296997 1.0 558.887512207 0.698644280434
0.0 0.0 272.922180176 0.567180216312
0.0 0.0 183.364730835 0.52696377039
0.0 0.0 128.948928833 0.0
0.0 0.0 151.807647705 0.0
0.0 0.0 95.5992584229 0.202840045094
0.0 0.0 97.7499160767 0.491488784552
0.0 0.0 134.013504028 0.667361915112
139.737625122 1.0 158.792419434 0.598846673965
137.467727661 1.0 242.510375977 0.788582742214
136.951034546 1.0 673.597473145 0.856786549091
134.542205811 1.0 905.710144043 0.908535242081
133.491043091 1.0 1050.22119141 0.88909727335
131.603363037 1.0 969.236206055 0.875076532364
128.897262573 1.0 778.54107666 0.881562173367
134.265823364 1.0 284.511352539 0.783608257771
0.0 0.0 76.3178405762 0.0
0.0 0.0 69.8261108398 0.0
0.0 0.0 22.6689815521 0.0
0.0 0.0 9.04216194153 0.427728354931
0.0 0.0 8.11694431305 0.849063754082
124.589790344 1.0 5.86026144028 0.847487151623
128.379165649 1.0 8.47093486786 0.804849743843
131.752807617 1.0 10.0639648438 0.891384780407
130.840438843 1.0 11.9734010696 0.952629089355
125.490730286 1.0 21.2811317444 0.899018585682
122.226478577 1.0 41.9312095642 0.902671575546
121.679443359 1.0 97.7298965454 0.876825928688
120.991325378 1.0 171.85093689 0.872481405735
120.99131012 1.0 149.397293091 0.918996453285
116.646347046 1.0 79.0808792114 0.81453794241
117.50328064 1.0 24.8338909149 0.594460606575
0.0 0.0 12.205373764 0.0
0.0 0.0 12.6423664093 0.0
0.0 0.0 7.77199411392 0.0
0.0 0.0 4.14841079712 0.486169159412
0.0 0.0 4.09424734116 0.800445079803
0.0 0.0 5.93720912933 0.0
0.0 0.0 14.4456777573 0.0
0.0 0.0 43.0747299194 0.0
0.0 0.0 58.8506088257 0.0
127.152336121 1.0 192.579650879 0.686795592308
126.528511047 1.0 717.316894531 0.797077357769
125.845527649 1.0 1011.27825928 0.96246355772
124.704139709 1.0 1041.19970703 0.973632276058
123.337966919 1.0 909.699951172 0.969208657742
123.270118713 1.0 602.494689941 0.944438874722
124.74609375 1.0 394.310455322 0.902347743511
126.130683899 1.0 412.647399902 0.934829294682
129.305984497 1.0 575.786010742 0.940112769604
131.763839722 1.0 890.145751953 0.933784127235
134.883163452 1.0 931.796691895 0.828437209129
137.854782104 1.0 932.408813477 0.723535478115
142.579940796 1.0 1012.08587646 0.537853240967
149.765655518 1.0 967.015808105 0.547955095768
0.0 0.0 512.171264648 0.0
0.0 0.0 511.084594727 0.0
0.0 0.0 249.152984619 0.0
0.0 0.0 130.082229614 0.0
0.0 0.0 53.1131515503 0.0
0.0 0.0 48.4391021729 0.0
0.0 0.0 167.954559326 0.0
0.0 0.0 210.889328003 0.287086486816
0.0 0.0 151.733734131 0.487317234278
0.0 0.0 84.2891769409 0.0
0.0 0.0 131.87638855 0.0
0.0 0.0 247.442718506 0.0
0.0 0.0 311.12298584 0.0
0.0 0.0 139.439453125 0.0
0.0 0.0 104.926239014 0.0
0.0 0.0 57.3372688293 0.0
0.0 0.0 88.38671875 0.0
0.0 0.0 81.113571167 0.386801898479
0.0 0.0 46.5050430298 0.333634316921
159.204727173 1.0 157.216491699 0.694970011711
158.001022339 1.0 990.426574707 0.811807215214
157.26890564 1.0 1278.0847168 0.956824183464
154.925857544 1.0 1284.95471191 0.984273731709
153.193145752 1.0 1250.00280762 0.987234890461
151.734313965 1.0 1124.50817871 0.985918045044
150.24407959 1.0 876.902709961 0.983427166939
149.086532593 1.0 708.860656738 0.982623338699
148.453536987 1.0 645.953613281 0.981416106224
149.919921875 1.0 471.082733154 0.980871677399
152.105499268 1.0 305.933105469 0.992626547813
153.135910034 1.0 230.341308594 0.995725691319
154.020446777 1.0 166.823059082 0.995138704777
154.145568848 1.0 113.73223877 0.980960547924
153.541824341 1.0 71.3459091187 0.946124017239
150.53427124 1.0 38.8001251221 0.889953374863
165.231964111 1.0 8.27791690826 0.643696844578
0.0 0.0 8.55172920227 0.0
0.0 0.0 8.36015892029 0.514489173889
0.0 0.0 6.13254213333 0.286066442728
0.0 0.0 4.97974777222 0.784990668297
0.0 0.0 6.60355329514 0.0
0.0 0.0 12.0212135315 0.0
0.0 0.0 32.0068511963 0.0
0.0 0.0 68.5721282959 0.0
0.0 0.0 66.471534729 0.0
0.0 0.0 94.0016555786 0.0
0.0 0.0 114.19834137 0.0
0.0 0.0 91.5987014771 0.0
0.0 0.0 115.790672302 0.188568860292
0.0 0.0 136.459289551 0.633543133736
153.467956543 1.0 924.993286133 0.76936674118
148.78225708 1.0 1390.8236084 0.8846129179
143.783447266 1.0 1401.81604004 0.949655294418
139.106704712 1.0 1384.07458496 0.952927827835
135.239837646 1.0 1350.56506348 0.970142543316
132.705856323 1.0 1293.38989258 0.978186905384
130.481002808 1.0 1255.84741211 0.978772640228
128.599853516 1.0 1226.45373535 0.97332906723
127.776046753 1.0 1213.88061523 0.916751503944
126.968902588 1.0 1245.75964355 0.901158034801
125.899253845 1.0 1284.26525879 0.898855268955
124.964157104 1.0 1361.8704834 0.928867697716
123.633964539 1.0 1243.7824707 0.970244169235
122.082527161 1.0 1230.47412109 0.967423379421
118.668823242 1.0 1219.98791504 0.952252984047
116.001480103 1.0 1193.99401855 0.752591371536
112.372505188 1.0 1153.08178711 0.654555141926
0.0 0.0 765.034118652 0.0
0.0 0.0 312.262390137 0.0
0.0 0.0 216.789596558 0.0
0.0 0.0 147.472198486 0.0
0.0 0.0 132.467834473 0.0
0.0 0.0 73.1228790283 0.0
0.0 0.0 109.588294983 0.0
0.0 0.0 71.2631072998 0.0
0.0 0.0 89.7803268433 0.0
0.0 0.0 55.3558807373 0.0
0.0 0.0 82.0960769653 0.0
0.0 0.0 53.8501472473 0.0
0.0 0.0 14.1974916458 0.0
0.0 0.0 19.3456401825 0.0
0.0 0.0 25.3195571899 0.0
0.0 0.0 73.8579025269 0.0
0.0 0.0 88.908744812 0.0
0.0 0.0 78.7071990967 0.0
0.0 0.0 78.3470230103 0.0
0.0 0.0 40.4745559692 0.0
0.0 0.0 71.4013671875 0.0
0.0 0.0 83.4264450073 0.0
0.0 0.0 37.9752044678 0.0
0.0 0.0 86.8539276123 0.0
0.0 0.0 59.8631210327 0.0
0.0 0.0 58.3461685181 0.0
0.0 0.0 50.5429534912 0.424441188574
0.0 0.0 109.08556366 0.62556707859
132.933639526 1.0 205.598968506 0.68481105566
132.043869019 1.0 937.693359375 0.671345591545
128.424804688 1.0 1057.36193848 0.892984747887
127.522888184 1.0 610.890930176 0.836710393429
130.257659912 1.0 178.205581665 0.633771896362
129.070541382 1.0 95.4337921143 0.765942633152
154.589782715 1.0 43.3025932312 0.655700445175
127.289871216 1.0 16.2488365173 0.637546539307
127.214607239 1.0 17.6386756897 0.903020143509
126.57674408 1.0 14.2332992554 0.822560191154
126.482246399 1.0 9.69023609161 0.671150147915
0.0 0.0 5.71048641205 0.789926111698
0.0 0.0 2.57793402672 0.0
0.0 0.0 3.10278630257 0.0
0.0 0.0 10.0669155121 0.0
0.0 0.0 19.072435379 0.299418836832
0.0 0.0 19.3179588318 0.61968100071
0.0 0.0 13.6917095184 0.0
0.0 0.0 17.939874649 0.0
0.0 0.0 57.002948761 0.0
0.0 0.0 112.760528564 0.0
0.0 0.0 278.904815674 0.0
0.0 0.0 269.7293396 0.0
0.0 0.0 359.092956543 0.549149394035
129.927581787 1.0 938.035888672 0.713968157768
127.696235657 1.0 1399.39025879 0.920107662678
124.133621216 1.0 1341.26062012 0.957230389118
119.24294281 1.0 1292.76977539 0.969428479671
114.587486267 1.0 1247.25976563 0.965834081173
112.611755371 1.0 1222.94763184 0.990464150906
111.356750488 1.0 1189.91711426 0.995499134064
110.160560608 1.0 1158.50878906 0.984886586666
108.961875916 1.0 1116.43347168 0.989992618561
107.862136841 1.0 1061.89367676 0.988837897778
108.058746338 1.0 1003.12994385 0.974903702736
105.531402588 1.0 925.058349609 0.813236713409
107.248413086 1.0 908.179260254 0.58399695158
0.0 0.0 904.574523926 0.497530609369
0.0 0.0 761.819152832 0.225188970566
0.0 0.0 781.934448242 0.0
0.0 0.0 422.65713501 0.0
0.0 0.0 517.444824219 0.539891183376
0.0 0.0 502.685424805 0.576553881168
0.0 0.0 510.240600586 0.347538918257
0.0 0.0 692.080383301 0.0
0.0 0.0 1008.21539307 0.0
0.0 0.0 684.546447754 0.0
0.0 0.0 346.524108887 0.26707392931
0.0 0.0 421.24987793 0.0
0.0 0.0 191.254241943 0.0
0.0 0.0 368.603363037 0.0
0.0 0.0 298.450317383 0.0
0.0 0.0 130.638015747 0.0
0.0 0.0 102.745155334 0.0
0.0 0.0 29.9923820496 0.0
0.0 0.0 5.27019071579 0.0
0.0 0.0 1.52670562267 0.371029883623
0.0 0.0 1.48204708099 0.673189401627
0.0 0.0 1.78849446774 0.565561890602
0.0 0.0 2.8665163517 0.622827708721
0.0 0.0 3.71133232117 0.652569115162
0.0 0.0 4.26749658585 0.0
0.0 0.0 7.53086280823 0.0
0.0 0.0 17.2310771942 0.0
0.0 0.0 16.2960128784 0.0
0.0 0.0 23.3302307129 0.0
0.0 0.0 30.2024726868 0.0
0.0 0.0 17.8319320679 0.0
0.0 0.0 29.2771224976 0.63404071331
0.0 0.0 30.7142791748 0.0
0.0 0.0 126.713409424 0.0
0.0 0.0 245.767211914 0.0
0.0 0.0 351.609588623 0.0
0.0 0.0 443.794952393 0.0
0.0 0.0 249.714706421 0.0
0.0 0.0 148.365036011 0.0
0.0 0.0 87.2733612061 0.0
0.0 0.0 15.2293138504 0.0
0.0 0.0 10.1149997711 0.515658557415
0.0 0.0 8.70013618469 0.679086387157
0.0 0.0 6.5122218132 0.619299173355
0.0 0.0 4.7820391655 0.56035810709
0.0 0.0 3.71995329857 0.523629844189
0.0 0.0 3.33413147926 0.41320091486
0.0 0.0 1.79756903648 0.263278961182
0.0 0.0 1.17529714108 0.615336298943
0.0 0.0 1.06025075912 0.695730209351
0.0 0.0 0.94750392437 0.714006364346
0.0 0.0 0.968934237957 0.707368016243
0.0 0.0 0.96557533741 0.680185139179
0.0 0.0 1.15342414379 0.636041581631
0.0 0.0 1.12680792809 0.657003045082
0.0 0.0 1.11513376236 0.606509447098
0.0 0.0 0.916330635548 0.582553505898
0.0 0.0 1.24738144875 0.507299244404
0.0 0.0 1.16788852215 0.531982243061
0.0 0.0 1.17560493946 0.452617585659
0.0 0.0 1.05755341053 0.0
0.0 0.0 1.28646409512 0.2052321136
0.0 0.0 1.74855959415 0.211077049375
0.0 0.0 1.43080675602 0.354794323444
0.0 0.0 1.85886180401 0.20238211751
0.0 0.0 2.561409235 0.0
0.0 0.0 3.05308508873 0.0
0.0 0.0 2.69058012962 0.0
0.0 0.0 2.12598705292 0.0
0.0 0.0 2.39802861214 0.261300891638
0.0 0.0 2.25176930428 0.0
0.0 0.0 3.19071578979 0.299182653427
0.0 0.0 3.01224255562 0.0
0.0 0.0 1.9762840271 0.0
0.0 0.0 2.55715751648 0.0
0.0 0.0 4.26504325867 0.0
0.0 0.0 4.79061841965 0.0
0.0 0.0 9.79284477234 0.0
0.0 0.0 9.35504245758 0.0
0.0 0.0 8.35228824615 0.0
0.0 0.0 12.8326597214 0.340345144272
0.0 0.0 12.4488706589 0.0
0.0 0.0 20.9282531738 0.0
0.0 0.0 28.6718044281 0.0
0.0 0.0 36.7604827881 0.0
0.0 0.0 32.2475662231 0.0
0.0 0.0 20.3856430054 0.0
0.0 0.0 16.5979347229 0.141003996134
0.0 0.0 16.1909713745 0.0
0.0 0.0 18.2370414734 0.0
0.0 0.0 19.4191112518 0.0
0.0 0.0 19.4443302155 0.283050864935
0.0 0.0 18.9721260071 0.247186228633
0.0 0.0 18.6291427612 0.0
0.0 0.0 21.3836517334 0.0
0.0 0.0 24.7619285583 0.0
0.0 0.0 21.3020858765 0.0
0.0 0.0 21.3029823303 0.501010119915
0.0 0.0 17.9829883575 0.0
0.0 0.0 23.4343585968 0.0
0.0 0.0 18.6793003082 0.0
0.0 0.0 19.7162132263 0.237704142928
0.0 0.0 16.3590888977 0.0
0.0 0.0 16.8298625946 0.0742172673345
0.0 0.0 15.2785825729 0.111026823521
0.0 0.0 16.9891452789 0.0
0.0 0.0 17.5140037537 0.205110803246
0.0 0.0 16.4835414886 0.270706236362
0.0 0.0 18.6294841766 0.280280083418
0.0 0.0 19.2715568542 0.413258552551
0.0 0.0 20.7865123749 0.0
0.0 0.0 20.9029388428 0.0
0.0 0.0 16.7706871033 0.0
0.0 0.0 27.0974845886 0.246512591839
0.0 0.0 25.5384159088 0.0
0.0 0.0 23.0749874115 0.0
0.0 0.0 32.1379165649 0.0
0.0 0.0 20.4644489288 0.0
0.0 0.0 20.9887981415 0.0
0.0 0.0 17.2884674072 0.0461411736906
0.0 0.0 17.6034927368 0.424122035503
0.0 0.0 18.288356781 0.0
0.0 0.0 27.6686344147 0.0
0.0 0.0 22.6961288452 0.0
0.0 0.0 32.5474319458 0.0
0.0 0.0 26.0434608459 0.0
0.0 0.0 33.842300415 0.0
0.0 0.0 33.2350273132 0.0
0.0 0.0 35.7395095825 0.0
0.0 0.0 32.7340583801 0.0
0.0 0.0 22.4360103607 0.0
0.0 0.0 18.9844894409 0.0
0.0 0.0 18.9851207733 0.0
0.0 0.0 31.7878723145 0.0
0.0 0.0 28.8613071442 0.0
0.0 0.0 47.8644714355 0.0
0.0 0.0 34.3190345764 0.0
0.0 0.0 39.1913757324 0.0
0.0 0.0 28.7256622314 0.0
0.0 0.0 32.9688224792 0.0
0.0 0.0 24.9842586517 0.0
0.0 0.0 33.8665771484 0.0
0.0 0.0 24.9934368134 0.0
0.0 0.0 31.2931423187 0.0
0.0 0.0 25.2821865082 0.0
0.0 0.0 34.0211830139 0.0
0.0 0.0 55.3503723145 0.0
0.0 0.0 46.6229324341 0.0
0.0 0.0 30.0695495605 0.0
0.0 0.0 23.6675109863 0.489563703537
0.0 0.0 18.5092468262 0.225634008646
0.0 0.0 19.062292099 0.383406430483
0.0 0.0 17.8862800598 0.222687855363
0.0 0.0 20.5702438354 0.0
0.0 0.0 18.6597862244 0.0
0.0 0.0 25.8869934082 0.0
0.0 0.0 27.8975543976 0.0
0.0 0.0 37.7946166992 0.0
0.0 0.0 27.3603954315 0.0
0.0 0.0 22.7254314423 0.284522026777
0.0 0.0 24.0787315369 0.445173203945
0.0 0.0 18.0051670074 0.225557506084
0.0 0.0 16.3704795837 0.0780718252063
0.0 0.0 16.1629695892 0.0945262685418
