0.0 0.0 0.0 0.0
0.0 0.0 390.894836426 0.0
0.0 0.0 204.570846558 0.0
0.0 0.0 220.104446411 0.0
0.0 0.0 313.89743042 0.496545255184
0.0 0.0 170.526901245 0.54796642065
0.0 0.0 119.193511963 0.0
0.0 0.0 107.224395752 0.0
0.0 0.0 239.922729492 0.0
0.0 0.0 212.813140869 0.0
0.0 0.0 319.093963623 0.0
0.0 0.0 333.865997314 0.0
0.0 0.0 257.691833496 0.0
0.0 0.0 301.545043945 0.0
0.0 0.0 260.103240967 0.0
0.0 0.0 183.383804321 0.0
0.0 0.0 150.020141602 0.0
0.0 0.0 134.322967529 0.0
0.0 0.0 106.333648682 0.0
0.0 0.0 95.614074707 0.0
0.0 0.0 69.0012283325 0.253151476383
0.0 0.0 87.223526001 0.0
0.0 0.0 102.239646912 0.0
0.0 0.0 115.820350647 0.0
0.0 0.0 123.587936401 0.0
0.0 0.0 84.0476379395 0.0
0.0 0.0 80.6094055176 0.0
0.0 0.0 68.9828414917 0.146592885256
0.0 0.0 91.8079299927 0.288964211941
0.0 0.0 76.1536178589 0.0
0.0 0.0 73.7575912476 0.0
0.0 0.0 121.407920837 0.0
0.0 0.0 96.3831481934 0.0
0.0 0.0 115.107269287 0.0
0.0 0.0 80.4102096558 0.295786798
0.0 0.0 73.8861083984 0.178806051612
0.0 0.0 70.3617782593 0.208454474807
0.0 0.0 70.5388946533 0.0
0.0 0.0 75.8955154419 0.0
0.0 0.0 79.1556472778 0.0
0.0 0.0 112.578735352 0.0
0.0 0.0 104.482086182 0.0
0.0 0.0 104.456947327 0.0
0.0 0.0 67.1532516479 0.0
0.0 0.0 60.7290420532 0.119307629764
0.0 0.0 64.0022125244 0.111863084137
0.0 0.0 68.185508728 0.15727750957
0.0 0.0 67.6402893066 0.154980123043
0.0 0.0 78.8072891235 0.326869249344
0.0 0.0 69.5076980591 0.0
0.0 0.0 87.1667175293 0.0
0.0 0.0 90.2234115601 0.0
0.0 0.0 86.4808883667 0.0
0.0 0.0 102.241470337 0.423842787743
0.0 0.0 100.932281494 0.0
0.0 0.0 107.038124084 0.0
0.0 0.0 214.867614746 0.0
0.0 0.0 260.977783203 0.0
0.0 0.0 333.66104126 0.0
0.0 0.0 206.364456177 0.0
0.0 0.0 291.319671631 0.0
0.0 0.0 272.155273438 0.0
0.0 0.0 349.18548584 0.0
0.0 0.0 133.19078064 0.0
0.0 0.0 202.676223755 0.0
0.0 0.0 218.674743652 0.0
0.0 0.0 145.811676025 0.0
0.0 0.0 368.364868164 0.0
0.0 0.0 354.296508789 0.0
0.0 0.0 471.203613281 0.0
0.0 0.0 450.897796631 0.0
0.0 0.0 832.143493652 0.0
0.0 0.0 566.48840332 0.0
0.0 0.0 978.028259277 0.0
0.0 0.0 582.223632813 0.0
0.0 0.0 325.691558838 0.0
0.0 0.0 120.343727112 0.0
0.0 0.0 76.4004211426 0.0
0.0 0.0 106.131973267 0.0
0.0 0.0 35.5965652466 0.0
0.0 0.0 45.3964729309 0.0
0.0 0.0 40.6562347412 0.0
0.0 0.0 21.2386837006 0.0
0.0 0.0 15.1827898026 0.0
0.0 0.0 17.6644821167 0.0
0.0 0.0 14.1633081436 0.142425209284
0.0 0.0 14.4953241348 0.0
0.0 0.0 19.3866481781 0.0
0.0 0.0 31.4281349182 0.0
0.0 0.0 20.0443458557 0.0
0.0 0.0 20.6755027771 0.0
0.0 0.0 23.5012588501 0.172392055392
0.0 0.0 22.0862998962 0.0
0.0 0.0 34.7244682312 0.0
0.0 0.0 32.2241439819 0.521219730377
0.0 0.0 47.3622550964 0.518212914467
0.0 0.0 62.6328544617 0.0
0.0 0.0 74.2547607422 0.0
0.0 0.0 85.8100891113 0.0
0.0 0.0 76.4341430664 0.0
0.0 0.0 107.395515442 0.0
0.0 0.0 90.4910049438 0.0
0.0 0.0 81.1543731689 0.0
0.0 0.0 89.7447662354 0.0
0.0 0.0 94.2917404175 0.0
0.0 0.0 97.2231674194 0.0
0.0 0.0 47.0857696533 0.0
0.0 0.0 50.164730072 0.0
0.0 0.0 47.2063560486 0.0
0.0 0.0 54.5270004272 0.0
0.0 0.0 49.5439338684 0.0
0.0 0.0 91.4192199707 0.0
0.0 0.0 93.7139129639 0.0
0.0 0.0 49.6385269165 0.219613224268
0.0 0.0 39.5572090149 0.102437265217
0.0 0.0 44.3433494568 0.0978081226349
0.0 0.0 52.117515564 0.319019466639
0.0 0.0 49.5037918091 0.137229353189
0.0 0.0 71.3044815063 0.121995955706
0.0 0.0 71.4231643677 0.308840095997
0.0 0.0 62.0311431885 0.239822402596
0.0 0.0 77.2560882568 0.174454957247
0.0 0.0 89.161026001 0.440845966339
0.0 0.0 71.6323928833 0.0
0.0 0.0 80.6835632324 0.0
0.0 0.0 68.1357421875 0.115855157375
0.0 0.0 64.872505188 0.0733219012618
0.0 0.0 64.1162948608 0.195145592093
0.0 0.0 67.698097229 0.210921123624
0.0 0.0 87.2787475586 0.0
0.0 0.0 87.8115234375 0.0
0.0 0.0 175.90335083 0.0
0.0 0.0 167.315032959 0.0
0.0 0.0 121.029548645 0.0
0.0 0.0 69.3321838379 0.0
0.0 0.0 39.8371505737 0.0
0.0 0.0 44.2673950195 0.0
0.0 0.0 72.543838501 0.0
0.0 0.0 112.769218445 0.0
0.0 0.0 89.1027145386 0.0
0.0 0.0 124.063903809 0.0
0.0 0.0 84.954864502 0.0
0.0 0.0 95.1894760132 0.0
0.0 0.0 70.0210800171 0.0
0.0 0.0 71.6296615601 0.166245624423
0.0 0.0 68.034866333 0.132125511765
0.0 0.0 63.5050735474 0.222678720951
0.0 0.0 69.9415359497 0.0
0.0 0.0 86.0948867798 0.0
0.0 0.0 113.286613464 0.0
0.0 0.0 157.991516113 0.0
0.0 0.0 116.114547729 0.0
0.0 0.0 117.941070557 0.0
0.0 0.0 78.8870391846 0.0
0.0 0.0 68.2011108398 0.127813234925
0.0 0.0 61.4945983887 0.0769137516618
0.0 0.0 64.0360870361 0.0659543201327
0.0 0.0 64.7673110962 0.064312517643
0.0 0.0 65.7711181641 0.0907292738557
0.0 0.0 66.5719833374 0.0921491682529
0.0 0.0 62.8140830994 0.0920170918107
0.0 0.0 61.212436676 0.0661029145122
0.0 0.0 63.8487091064 0.082320638001
0.0 0.0 66.040435791 0.0859218165278
0.0 0.0 60.1771354675 0.0905962586403
0.0 0.0 60.8465194702 0.105578608811
0.0 0.0 63.1658782959 0.13310906291
0.0 0.0 62.6230354309 0.108199775219
0.0 0.0 71.6898193359 0.101664364338
0.0 0.0 66.6768264771 0.0817707628012
0.0 0.0 63.8396339417 0.101600110531
0.0 0.0 65.5099945068 0.119104236364
0.0 0.0 64.5864105225 0.093483671546
0.0 0.0 65.7928543091 0.0535267107189
0.0 0.0 70.440864563 0.123267136514
0.0 0.0 65.3120422363 0.106146030128
0.0 0.0 65.70287323 0.0361258648336
0.0 0.0 63.9680938721 0.110919259489
0.0 0.0 66.4375228882 0.0775260031223
0.0 0.0 60.6034812927 0.0875912085176
0.0 0.0 63.1481513977 0.0442640669644
0.0 0.0 66.3517303467 0.107323043048
0.0 0.0 65.9132156372 0.0924551412463
0.0 0.0 67.2899017334 0.0646771639585
0.0 0.0 66.579826355 0.0511274933815
0.0 0.0 61.8326034546 0.076709151268
0.0 0.0 65.7954864502 0.0849000141025
0.0 0.0 64.3387680054 0.0738252624869
0.0 0.0 63.161190033 0.0985936373472
0.0 0.0 65.924118042 0.10183621943
0.0 0.0 63.8287811279 0.0877093300223
0.0 0.0 70.7558822632 0.148630201817
0.0 0.0 63.1726760864 0.132195100188
0.0 0.0 66.1271057129 0.156075656414
0.0 0.0 68.5995635986 0.158141642809
0.0 0.0 72.5728302002 0.164593726397
0.0 0.0 69.9843978882 0.0
0.0 0.0 70.3595352173 0.170319437981
0.0 0.0 70.9367141724 0.118585169315
0.0 0.0 63.9393806458 0.112607970834
0.0 0.0 68.0610198975 0.0
0.0 0.0 73.0517272949 0.100829049945
0.0 0.0 67.4913253784 0.103439889848
0.0 0.0 73.231552124 0.0840593799949
0.0 0.0 67.1958465576 0.0190239883959
0.0 0.0 65.6535720825 0.0720897093415
0.0 0.0 69.2278900146 0.0435025654733
0.0 0.0 65.0117492676 0.0611385367811
0.0 0.0 67.7525863647 0.0838512629271
0.0 0.0 64.3377380371 0.0842587947845
0.0 0.0 62.5739593506 0.0769567489624
0.0 0.0 70.3629608154 0.0
0.0 0.0 71.9875640869 0.0
0.0 0.0 80.8431625366 0.0
0.0 0.0 102.128692627 0.0
0.0 0.0 97.9269485474 0.0
0.0 0.0 101.262710571 0.0
0.0 0.0 80.3647460938 0.0
0.0 0.0 80.1628112793 0.19265922904
0.0 0.0 64.6987686157 0.103680439293
0.0 0.0 63.6064300537 0.128965198994
0.0 0.0 63.8113899231 0.097469471395
0.0 0.0 59.5460205078 0.092230014503
0.0 0.0 66.3649673462 0.138138264418
0.0 0.0 69.0178070068 0.13040395081
0.0 0.0 60.2659950256 0.0973170399666
0.0 0.0 63.5802497864 0.08504409343
0.0 0.0 59.4893684387 0.0769652426243
0.0 0.0 60.3999824524 0.090208761394
0.0 0.0 62.8219261169 0.105187177658
0.0 0.0 60.9760513306 0.227683395147
0.0 0.0 63.6654396057 0.207524359226
0.0 0.0 76.1852264404 0.0
0.0 0.0 76.0576477051 0.0
0.0 0.0 88.0508270264 0.313393503428
0.0 0.0 69.6135177612 0.194728583097
0.0 0.0 71.1419143677 0.0961782112718
0.0 0.0 64.1465682983 0.232148125768
0.0 0.0 63.797328949 0.0
0.0 0.0 81.1673355103 0.0
0.0 0.0 90.9927520752 0.0
0.0 0.0 88.3603973389 0.0
0.0 0.0 75.9258346558 0.205260917544
0.0 0.0 69.4478683472 0.136883318424
0.0 0.0 75.1952896118 0.0
0.0 0.0 73.5818862915 0.0
0.0 0.0 80.7651519775 0.0
0.0 0.0 71.8826293945 0.0
0.0 0.0 110.776229858 0.0
0.0 0.0 112.21749115 0.0
0.0 0.0 157.383163452 0.0
0.0 0.0 87.7223510742 0.0
0.0 0.0 70.6551361084 0.0
0.0 0.0 66.6995925903 0.160886719823
0.0 0.0 72.5338592529 0.0976466983557
0.0 0.0 71.3911743164 0.0
0.0 0.0 74.9225006104 0.0
0.0 0.0 83.5683746338 0.0
0.0 0.0 78.4514083862 0.0
0.0 0.0 83.84790802 0.297984659672
0.0 0.0 68.1064376831 0.121580652893
0.0 0.0 72.3143310547 0.39610928297
0.0 0.0 69.931312561 0.0
0.0 0.0 104.725372314 0.0
0.0 0.0 162.497802734 0.0
0.0 0.0 325.862091064 0.0
0.0 0.0 839.655822754 0.0
0.0 0.0 1089.06835938 0.0
0.0 0.0 464.546539307 0.0
0.0 0.0 287.330993652 0.0
0.0 0.0 208.416854858 0.0
0.0 0.0 95.7754898071 0.508016586304
0.0 0.0 65.1563034058 0.110576629639
0.0 0.0 67.790184021 0.103400915861
0.0 0.0 63.0531082153 0.134578287601
0.0 0.0 59.6144828796 0.19087575376
0.0 0.0 69.8523788452 0.164885237813
0.0 0.0 73.8190765381 0.38955360651
0.0 0.0 68.7119750977 0.0
0.0 0.0 104.986076355 0.39138302207
0.0 0.0 96.5758285522 0.0
0.0 0.0 155.241760254 0.0
0.0 0.0 207.600128174 0.366519033909
0.0 0.0 104.845970154 0.256242871284
0.0 0.0 131.659698486 0.712162494659
132.272903442 1.0 186.02003479 0.850268363953
131.703491211 1.0 711.621826172 0.897289574146
130.542282104 1.0 927.942443848 0.980278730392
130.159545898 1.0 924.858520508 0.990175127983
129.682998657 1.0 916.033996582 0.991980671883
129.189300537 1.0 952.849121094 0.994147956371
127.419807434 1.0 970.895263672 0.990456700325
124.653511047 1.0 999.109313965 0.970346033573
120.763031006 1.0 1021.36633301 0.942985057831
116.185241699 1.0 1019.02624512 0.935397624969
111.859115601 1.0 970.20489502 0.897353827953
109.873809814 1.0 924.811279297 0.83432751894
108.230186462 1.0 673.299133301 0.650604605675
116.930030823 1.0 298.427276611 0.693377077579
0.0 0.0 190.434616089 0.509288132191
0.0 0.0 110.719650269 0.173438578844
0.0 0.0 87.6858825684 0.0
0.0 0.0 136.975738525 0.0
0.0 0.0 138.87298584 0.536071956158
131.029388428 1.0 408.805999756 0.691017985344
129.528060913 1.0 954.196411133 0.794771194458
129.470947266 1.0 1038.97546387 0.916359245777
129.649642944 1.0 1057.6315918 0.933993220329
129.533630371 1.0 1015.92736816 0.970352947712
129.981933594 1.0 982.670898438 0.981899261475
130.510757446 1.0 997.285461426 0.989080965519
132.248764038 1.0 992.258605957 0.983958542347
134.07421875 1.0 1006.89935303 0.987180292606
135.871704102 1.0 1008.99981689 0.988726079464
137.78553772 1.0 1033.05090332 0.981307446957
140.48059082 1.0 1046.08874512 0.985988080502
142.741210938 1.0 1060.19641113 0.98514431715
144.794998169 1.0 1081.0736084 0.985028803349
147.560638428 1.0 1067.18249512 0.990449249744
149.841674805 1.0 1037.87512207 0.9880874753
152.371826172 1.0 1003.8984375 0.990928411484
154.462265015 1.0 991.535644531 0.989488244057
155.466262817 1.0 1002.91033936 0.992626190186
154.952926636 1.0 1048.56311035 0.989637672901
151.826980591 1.0 1085.12512207 0.974475324154
148.608642578 1.0 1122.90087891 0.969663262367
144.069519043 1.0 1145.38513184 0.965218186378
140.314346313 1.0 1161.46337891 0.965359210968
136.023452759 1.0 1150.28625488 0.977071762085
132.738388062 1.0 1126.87854004 0.971629202366
128.953674316 1.0 1095.85766602 0.976265311241
126.576950073 1.0 1050.57165527 0.981494665146
125.456634521 1.0 1020.17138672 0.981600344181
124.74571991 1.0 1006.12017822 0.992803752422
125.088821411 1.0 973.359619141 0.99061357975
125.727912903 1.0 938.854492188 0.991806387901
126.454963684 1.0 861.850891113 0.991073966026
127.01486969 1.0 802.326660156 0.992977142334
127.635810852 1.0 747.889953613 0.993337094784
127.647605896 1.0 735.206726074 0.995213210583
127.470199585 1.0 796.694335938 0.995148301125
124.618522644 1.0 885.315795898 0.970956385136
121.583900452 1.0 976.054504395 0.899377882481
118.658477783 1.0 989.125610352 0.849342525005
114.270355225 1.0 887.075012207 0.810532569885
111.180656433 1.0 586.735351563 0.76464509964
0.0 0.0 141.512542725 0.265736818314
0.0 0.0 70.0886077881 0.0
0.0 0.0 87.798286438 0.0
0.0 0.0 51.632648468 0.0
0.0 0.0 53.7242660522 0.0
0.0 0.0 46.7000350952 0.0
0.0 0.0 46.8920974731 0.0
0.0 0.0 40.3305740356 0.0
0.0 0.0 52.945148468 0.0
0.0 0.0 81.6087036133 0.0
0.0 0.0 213.200378418 0.0
0.0 0.0 319.980743408 0.0
0.0 0.0 367.63760376 0.0
0.0 0.0 306.758514404 0.0
0.0 0.0 361.270904541 0.0
0.0 0.0 185.174041748 0.0
0.0 0.0 88.1898345947 0.0
0.0 0.0 118.938751221 0.0
0.0 0.0 145.665756226 0.0
0.0 0.0 359.38458252 0.0
0.0 0.0 526.83001709 0.251343756914
117.252746582 1.0 635.520874023 0.679856419563
115.675636292 1.0 718.067932129 0.853100478649
115.342643738 1.0 867.128173828 0.959891021252
114.3540802 1.0 822.84564209 0.979556143284
114.003250122 1.0 763.256103516 0.979651212692
112.654342651 1.0 743.043334961 0.989201903343
112.41985321 1.0 743.083007813 0.989460468292
112.127029419 1.0 732.159790039 0.988190174103
111.45098114 1.0 740.65826416 0.989604175091
111.824127197 1.0 761.712402344 0.98977035284
112.23789978 1.0 750.449890137 0.990112841129
112.783195496 1.0 762.661987305 0.985145390034
113.514266968 1.0 767.801086426 0.981560587883
114.849082947 1.0 764.117675781 0.974654376507
117.053749084 1.0 766.939086914 0.980190336704
118.706962585 1.0 764.227111816 0.98579454422
120.019721985 1.0 798.710449219 0.980048000813
121.355583191 1.0 811.760742188 0.965461373329
124.92527771 1.0 887.823242188 0.905741035938
125.282119751 1.0 1004.78918457 0.723842740059
126.75743103 1.0 982.590942383 0.540083110332
0.0 0.0 753.356506348 0.194914594293
0.0 0.0 286.955657959 0.0
0.0 0.0 239.673690796 0.0
0.0 0.0 106.650489807 0.0
0.0 0.0 36.1115379333 0.0
0.0 0.0 33.2719497681 0.0
0.0 0.0 72.8858337402 0.0
0.0 0.0 77.901512146 0.0
0.0 0.0 112.02532959 0.0
0.0 0.0 154.340927124 0.0
0.0 0.0 179.794967651 0.0
0.0 0.0 227.176315308 0.0
0.0 0.0 231.810195923 0.0
0.0 0.0 169.177505493 0.0
0.0 0.0 202.316955566 0.0
0.0 0.0 288.765136719 0.0
0.0 0.0 194.535827637 0.0
0.0 0.0 121.582588196 0.0
0.0 0.0 97.1970062256 0.0
0.0 0.0 89.3315582275 0.0
0.0 0.0 166.75668335 0.0
0.0 0.0 251.634902954 0.306070119143
109.215034485 1.0 369.347351074 0.645474076271
109.57976532 1.0 592.594665527 0.820458054543
109.592834473 1.0 739.571899414 0.97104382515
109.24445343 1.0 647.293518066 0.98514008522
108.110450745 1.0 700.126281738 0.987419068813
107.468772888 1.0 731.113830566 0.990140259266
107.215629578 1.0 752.325622559 0.990291297436
106.857810974 1.0 756.652954102 0.991742491722
106.502571106 1.0 769.13494873 0.990792155266
106.238334656 1.0 780.371887207 0.991762042046
106.436599731 1.0 796.771362305 0.991197645664
106.832473755 1.0 794.057617188 0.99224126339
107.530738831 1.0 806.439025879 0.989106893539
108.231544495 1.0 786.893005371 0.989184558392
109.188041687 1.0 798.083862305 0.985526919365
110.343299866 1.0 820.027648926 0.99033921957
111.346336365 1.0 833.241760254 0.990609765053
111.5079422 1.0 850.445068359 0.99162042141
112.828178406 1.0 864.329101563 0.989980578423
113.557846069 1.0 857.449951172 0.989651322365
114.586639404 1.0 859.464416504 0.993140220642
115.249435425 1.0 859.465332031 0.990643203259
115.813018799 1.0 858.846130371 0.991523325443
116.598571777 1.0 850.29888916 0.9926892519
116.703788757 1.0 863.061462402 0.992463946342
115.841636658 1.0 861.901000977 0.979884207249
116.250846863 1.0 838.476928711 0.943740129471
116.29750824 1.0 829.266723633 0.910426080227
115.938919067 1.0 623.38104248 0.835244059563
117.038162231 1.0 345.873596191 0.730661094189
0.0 0.0 141.468353271 0.0
0.0 0.0 101.231681824 0.0
0.0 0.0 72.901550293 0.0
0.0 0.0 30.5728435516 0.0
0.0 0.0 18.9069824219 0.173221856356
0.0 0.0 28.0335006714 0.0
0.0 0.0 33.0083007813 0.0
0.0 0.0 37.8392906189 0.106081545353
0.0 0.0 48.6024932861 0.0611316002905
0.0 0.0 61.4735984802 0.126622721553
0.0 0.0 62.9175758362 0.167384833097
0.0 0.0 89.8438873291 0.0
0.0 0.0 96.6051635742 0.0
0.0 0.0 90.1925048828 0.0
0.0 0.0 197.733398438 0.0
0.0 0.0 438.617279053 0.0
0.0 0.0 473.767089844 0.0
0.0 0.0 385.471038818 0.0
0.0 0.0 112.992240906 0.0
0.0 0.0 91.1569671631 0.0
0.0 0.0 156.825210571 0.0
0.0 0.0 105.800071716 0.0
0.0 0.0 74.7340545654 0.174044847488
0.0 0.0 71.4136199951 0.312698602676
0.0 0.0 73.3121337891 0.200089201331
0.0 0.0 81.8870315552 0.291891515255
0.0 0.0 89.0989685059 0.0
0.0 0.0 73.6449050903 0.143251672387
0.0 0.0 72.3905715942 0.181632533669
0.0 0.0 69.8284225464 0.161895498633
0.0 0.0 93.4372634888 0.155213683844
0.0 0.0 84.9991989136 0.318537443876
0.0 0.0 64.8433151245 0.151606231928
0.0 0.0 66.403465271 0.135117992759
0.0 0.0 64.0373382568 0.0
0.0 0.0 62.7273483276 0.136389404535
0.0 0.0 66.9248199463 0.0
0.0 0.0 76.3645782471 0.0
0.0 0.0 120.706550598 0.0
0.0 0.0 260.668945313 0.0
0.0 0.0 301.004058838 0.0
0.0 0.0 221.396682739 0.532727897167
0.0 0.0 387.720306396 0.757337033749
0.0 0.0 713.44152832 0.888801276684
0.0 0.0 775.323913574 0.834513962269
0.0 0.0 822.97668457 0.6243942976
0.0 0.0 990.039794922 0.517991006374
0.0 0.0 944.357849121 0.32353079319
0.0 0.0 681.059326172 0.358428895473
0.0 0.0 201.389190674 0.294515728951
0.0 0.0 189.409103394 0.200712278485
0.0 0.0 179.268005371 0.0
0.0 0.0 118.721542358 0.0
0.0 0.0 81.0985488892 0.0
0.0 0.0 75.165977478 0.0
0.0 0.0 88.9990844727 0.0
0.0 0.0 84.618850708 0.0
0.0 0.0 117.850189209 0.0
0.0 0.0 94.2238769531 0.452185034752
0.0 0.0 128.856994629 0.0
0.0 0.0 239.409667969 0.371903926134
113.341209412 1.0 350.146728516 0.617422699928
113.87903595 1.0 559.825500488 0.825046896935
113.805809021 1.0 784.127929688 0.944938719273
114.108055115 1.0 766.71282959 0.982337832451
113.970657349 1.0 777.287597656 0.983723700047
113.841690063 1.0 791.67376709 0.986875236034
113.325286865 1.0 804.941101074 0.989038586617
112.039543152 1.0 822.630615234 0.98830473423
110.439537048 1.0 837.770202637 0.979567825794
107.874946594 1.0 838.082824707 0.980020463467
105.931587219 1.0 818.254333496 0.983677327633
104.935928345 1.0 797.993774414 0.987917482853
104.952796936 1.0 753.653259277 0.986535727978
106.599441528 1.0 703.370666504 0.977978408337
109.054901123 1.0 668.659790039 0.971915006638
111.925010681 1.0 667.851318359 0.971865653992
114.544807434 1.0 694.276611328 0.980080366135
115.475959778 1.0 770.329101563 0.989508509636
116.316596985 1.0 838.136657715 0.991281926632
116.769477844 1.0 890.399475098 0.993018269539
116.691520691 1.0 906.53112793 0.991775393486
116.371185303 1.0 917.899597168 0.990387439728
114.160598755 1.0 905.44317627 0.979161977768
113.180801392 1.0 844.627319336 0.982090771198
115.501487732 1.0 815.841308594 0.91112023592
118.51978302 1.0 785.813598633 0.896587908268
120.157592773 1.0 716.723327637 0.943264663219
120.88356781 1.0 783.588928223 0.96634542942
122.440315247 1.0 779.532653809 0.928824782372
123.080688477 1.0 823.118713379 0.888325631618
123.962425232 1.0 818.545288086 0.825343966484
123.937515259 1.0 426.953369141 0.666872143745
0.0 0.0 192.563873291 0.323721557856
0.0 0.0 250.54586792 0.374944299459
0.0 0.0 181.987228394 0.605898559093
0.0 0.0 117.115890503 0.0
0.0 0.0 176.998596191 0.0
0.0 0.0 141.947113037 0.0
0.0 0.0 114.746673584 0.0
0.0 0.0 88.6455841064 0.226348459721
0.0 0.0 66.6151199341 0.135326832533
0.0 0.0 75.3074569702 0.0
0.0 0.0 72.7150115967 0.0
0.0 0.0 72.5439300537 0.0
0.0 0.0 92.3581695557 0.191925138235
0.0 0.0 95.8949279785 0.431101441383
0.0 0.0 73.0422592163 0.153413146734
0.0 0.0 80.7079849243 0.0983323678374
0.0 0.0 76.130531311 0.149571850896
0.0 0.0 69.705581665 0.245383024216
0.0 0.0 64.0099868774 0.0
0.0 0.0 76.9509887695 0.0
0.0 0.0 96.8453140259 0.0
0.0 0.0 79.3278045654 0.329770416021
0.0 0.0 82.8264923096 0.154962316155
0.0 0.0 71.4430770874 0.165069848299
0.0 0.0 67.3820571899 0.106717959046
0.0 0.0 86.0631027222 0.180909410119
0.0 0.0 75.5321960449 0.174337849021
0.0 0.0 68.1572265625 0.140886127949
0.0 0.0 73.3480911255 0.0672944933176
0.0 0.0 75.2495040894 0.147260993719
0.0 0.0 71.811050415 0.0
0.0 0.0 69.8161849976 0.0
0.0 0.0 73.8655548096 0.0
0.0 0.0 71.4011688232 0.0
0.0 0.0 86.2777862549 0.0
0.0 0.0 97.9800338745 0.0
0.0 0.0 78.5884628296 0.307526737452
0.0 0.0 59.035358429 0.0
0.0 0.0 69.2610397339 0.0
0.0 0.0 76.9021530151 0.180494263768
0.0 0.0 69.0032272339 0.119254373014
0.0 0.0 62.1933288574 0.103408738971
0.0 0.0 61.3673095703 0.108966469765
0.0 0.0 67.5280380249 0.174683392048
0.0 0.0 73.7598800659 0.307008236647
0.0 0.0 77.1349945068 0.0
0.0 0.0 86.9311981201 0.0
0.0 0.0 93.4275283813 0.0
0.0 0.0 82.813835144 0.37118819356
0.0 0.0 78.9157714844 0.211781591177
0.0 0.0 69.7065048218 0.074526078999
0.0 0.0 65.6617965698 0.100994758308
0.0 0.0 63.7362823486 0.0664258301258
0.0 0.0 67.7130203247 0.113029763103
0.0 0.0 68.982208252 0.130144476891
0.0 0.0 65.233215332 0.0489230938256
0.0 0.0 64.0128936768 0.0964497476816
0.0 0.0 63.257396698 0.102871701121
0.0 0.0 67.9357528687 0.0750028938055
0.0 0.0 68.5161056519 0.127033218741
0.0 0.0 64.5271682739 0.0751158595085
0.0 0.0 63.727722168 0.0637288242579
0.0 0.0 66.6211166382 0.0728209763765
0.0 0.0 68.1977767944 0.0819386020303
0.0 0.0 65.1111373901 0.134106293321
0.0 0.0 65.1776733398 0.168438479304
0.0 0.0 72.7236099243 0.195759758353
0.0 0.0 65.3234863281 0.20136910677
0.0 0.0 75.6278381348 0.0921477973461
0.0 0.0 68.9903640747 0.0580544248223
0.0 0.0 62.7708244324 0.0794079825282
0.0 0.0 65.2294311523 0.0826626569033
0.0 0.0 65.9797668457 0.0952769368887
0.0 0.0 66.2116088867 0.120954476297
0.0 0.0 65.3248138428 0.105177924037
0.0 0.0 64.7393875122 0.0710645020008
0.0 0.0 64.3611221313 0.0684916973114
0.0 0.0 61.9110527039 0.0818613395095
0.0 0.0 62.7674980164 0.0718649700284
0.0 0.0 63.1744194031 0.211180135608
0.0 0.0 61.8436775208 0.194106966257
0.0 0.0 71.6253204346 0.136211037636
0.0 0.0 64.4890975952 0.121628537774
0.0 0.0 66.9970626831 0.0527295954525
0.0 0.0 68.1614227295 0.0899959355593
0.0 0.0 65.9228134155 0.105622030795
0.0 0.0 70.1180877686 0.0
0.0 0.0 69.3868408203 0.260199278593
0.0 0.0 66.2687225342 0.0
0.0 0.0 76.1084594727 0.0
0.0 0.0 77.182472229 0.0
0.0 0.0 76.9014816284 0.308341324329
0.0 0.0 71.6882095337 0.240962862968
0.0 0.0 76.8238601685 0.232327997684
0.0 0.0 76.6184997559 0.161008149385
0.0 0.0 65.287940979 0.169744446874
0.0 0.0 68.3909606934 0.141702398658
0.0 0.0 65.435508728 0.17833724618
0.0 0.0 68.1213378906 0.0943258330226
0.0 0.0 65.8207550049 0.172408670187
0.0 0.0 59.6726799011 0.0973621085286
0.0 0.0 72.1739883423 0.176500558853
0.0 0.0 66.8733215332 0.151161700487
0.0 0.0 76.6221618652 0.0
0.0 0.0 68.7142868042 0.130791604519
0.0 0.0 66.2550506592 0.0718841925263
0.0 0.0 67.3422317505 0.0927911326289
0.0 0.0 64.9483261108 0.0696334242821
0.0 0.0 65.5090332031 0.061601486057
0.0 0.0 62.0255622864 0.0704578384757
0.0 0.0 64.3969955444 0.0939772650599
0.0 0.0 65.9381408691 0.0762617215514
0.0 0.0 63.377986908 0.118823044002
0.0 0.0 65.9870529175 0.0968099012971
0.0 0.0 65.2992248535 0.0640380978584
0.0 0.0 59.5745429993 0.048822209239
0.0 0.0 67.1528320313 0.071725577116
0.0 0.0 63.849937439 0.117341153324
0.0 0.0 70.6029281616 0.23606993258
0.0 0.0 72.7616500854 0.0
0.0 0.0 84.2294464111 0.0
0.0 0.0 92.4771728516 0.0
0.0 0.0 94.1712417603 0.0
0.0 0.0 74.2052001953 0.319004863501
