0.0 0.0 0.0 0.0955100879073
0.0 0.0 33.4392623901 0.0673767179251
0.0 0.0 32.494052887 0.160867393017
0.0 0.0 36.0175056458 0.152949020267
0.0 0.0 36.8937263489 0.120459452271
0.0 0.0 34.8128356934 0.0529530122876
0.0 0.0 32.1634674072 0.0838732197881
0.0 0.0 31.1454868317 0.132024005055
0.0 0.0 34.7503395081 0.068578414619
0.0 0.0 37.0037612915 0.114300779998
0.0 0.0 35.1617126465 0.150965332985
0.0 0.0 33.4301643372 0.0654472634196
0.0 0.0 35.1864700317 0.397402018309
0.0 0.0 36.9636802673 0.0
0.0 0.0 63.1364059448 0.0
0.0 0.0 68.4641571045 0.0
0.0 0.0 91.8931427002 0.0
0.0 0.0 70.8599700928 0.0
0.0 0.0 59.7613220215 0.0
0.0 0.0 42.0490341187 0.0
0.0 0.0 37.2264976501 0.0
0.0 0.0 40.9104347229 0.242656081915
0.0 0.0 38.1759109497 0.164616256952
0.0 0.0 39.4111480713 0.144266813993
0.0 0.0 35.8428115845 0.0769120901823
0.0 0.0 36.2445640564 0.114802695811
0.0 0.0 34.523235321 0.128721743822
0.0 0.0 33.6217842102 0.0899368152022
0.0 0.0 34.8573188782 0.0804890468717
0.0 0.0 32.929271698 0.0649981126189
0.0 0.0 33.213470459 0.141422793269
0.0 0.0 34.8439559937 0.0667224228382
0.0 0.0 38.711063385 0.146462708712
0.0 0.0 38.4934692383 0.0
0.0 0.0 36.962436676 0.191471904516
0.0 0.0 35.5664367676 0.0830520614982
0.0 0.0 35.3498268127 0.11422817409
0.0 0.0 31.0042362213 0.137392103672
0.0 0.0 34.1085510254 0.1064568609
0.0 0.0 36.6835784912 0.133218348026
0.0 0.0 34.7292861938 0.119597651064
0.0 0.0 36.0928077698 0.0923242643476
0.0 0.0 34.0403823853 0.0854600667953
0.0 0.0 34.2071075439 0.0728077143431
0.0 0.0 31.4104728699 0.0831347629428
0.0 0.0 32.9051437378 0.0868602767587
0.0 0.0 34.0704879761 0.0681582838297
0.0 0.0 32.5190162659 0.100195847452
0.0 0.0 34.2850151062 0.133242845535
0.0 0.0 33.9787712097 0.119696550071
0.0 0.0 35.5521392822 0.212179288268
0.0 0.0 33.3525886536 0.152141645551
0.0 0.0 39.1750488281 0.116801552474
0.0 0.0 38.0914115906 0.201468244195
0.0 0.0 35.2184867859 0.0750347152352
0.0 0.0 33.3526763916 0.0943677723408
0.0 0.0 33.5755500793 0.114370130002
0.0 0.0 33.1142578125 0.0976537391543
0.0 0.0 32.6919822693 0.0846422836185
0.0 0.0 31.1701469421 0.0881086140871
0.0 0.0 35.5880813599 0.252739816904
0.0 0.0 37.1820411682 0.1892824471
0.0 0.0 42.4728965759 0.190263807774
0.0 0.0 37.7334327698 0.136918202043
0.0 0.0 36.3218383789 0.0862348824739
0.0 0.0 37.2879905701 0.10923346132
0.0 0.0 35.5163459778 0.10085529834
0.0 0.0 33.5072669983 0.0963428318501
0.0 0.0 36.5593299866 0.13177883625
0.0 0.0 37.6013641357 0.144626140594
0.0 0.0 36.3557243347 0.0955715551972
0.0 0.0 35.5104598999 0.0767514631152
0.0 0.0 33.9466972351 0.0927071794868
0.0 0.0 33.7960586548 0.0
0.0 0.0 34.7069282532 0.0
0.0 0.0 39.1468505859 0.0
0.0 0.0 47.28332901 0.0
0.0 0.0 50.2106666565 0.0
0.0 0.0 51.3195953369 0.0
0.0 0.0 45.2924728394 0.0
0.0 0.0 42.4390068054 0.280710607767
0.0 0.0 39.261844635 0.32400649786
0.0 0.0 37.1581726074 0.0829290002584
0.0 0.0 40.4564285278 0.370705634356
0.0 0.0 38.8979492188 0.0
0.0 0.0 50.9981575012 0.0
0.0 0.0 43.766494751 0.0
0.0 0.0 47.9378318787 0.0
0.0 0.0 40.197479248 0.214211195707
0.0 0.0 36.805393219 0.0830351784825
0.0 0.0 35.3912887573 0.0919917672873
0.0 0.0 32.4508705139 0.112159579992
0.0 0.0 35.5333633423 0.0
0.0 0.0 37.3015785217 0.118418887258
0.0 0.0 39.2256469727 0.185764178634
0.0 0.0 34.0902252197 0.146879181266
0.0 0.0 35.2950286865 0.0658958405256
0.0 0.0 34.3526153564 0.0551150366664
0.0 0.0 33.4625015259 0.070463500917
0.0 0.0 31.7065448761 0.0925814062357
0.0 0.0 34.5894584656 0.225366443396
0.0 0.0 35.9050369263 0.0
0.0 0.0 42.2047843933 0.0
0.0 0.0 48.7393722534 0.0
0.0 0.0 58.7246322632 0.0
0.0 0.0 77.6221008301 0.0
0.0 0.0 80.9699020386 0.0
0.0 0.0 67.3919830322 0.0
0.0 0.0 56.615486145 0.0
0.0 0.0 44.5389823914 0.0
0.0 0.0 49.1062965393 0.176635175943
0.0 0.0 45.3078689575 0.0
0.0 0.0 41.8134231567 0.0
0.0 0.0 47.5196990967 0.344423115253
0.0 0.0 36.2167243958 0.258341193199
0.0 0.0 36.5612182617 0.114522926509
0.0 0.0 32.2766990662 0.0341772139072
0.0 0.0 33.9989700317 0.117959924042
0.0 0.0 35.2284927368 0.0929854661226
0.0 0.0 34.7488975525 0.189966157079
0.0 0.0 32.6494560242 0.204281613231
0.0 0.0 41.3608551025 0.338808864355
0.0 0.0 39.1075668335 0.0
0.0 0.0 43.072227478 0.0
0.0 0.0 36.8280448914 0.0
0.0 0.0 38.890625 0.0
0.0 0.0 35.0984458923 0.0
0.0 0.0 33.9611549377 0.144501775503
0.0 0.0 38.5340499878 0.196101799607
0.0 0.0 36.9895858765 0.187160626054
0.0 0.0 35.2535858154 0.0
0.0 0.0 37.0576553345 0.356031358242
0.0 0.0 37.9350738525 0.0
0.0 0.0 56.7833786011 0.0
0.0 0.0 54.2416038513 0.0
0.0 0.0 87.7296142578 0.0
0.0 0.0 93.712677002 0.0
0.0 0.0 60.4833488464 0.0
0.0 0.0 37.9941291809 0.107883542776
0.0 0.0 33.0754470825 0.0809130147099
0.0 0.0 35.1998405457 0.188400372863
0.0 0.0 32.0838432312 0.134921997786
0.0 0.0 36.9662284851 0.125916451216
0.0 0.0 36.5991439819 0.0797181949019
0.0 0.0 35.9937286377 0.075463116169
0.0 0.0 34.3184165955 0.0863995626569
0.0 0.0 33.1578292847 0.0797207653522
0.0 0.0 31.7361850739 0.085422091186
0.0 0.0 35.7464408875 0.129034727812
0.0 0.0 37.5585250854 0.184594258666
0.0 0.0 35.4963035583 0.149924069643
0.0 0.0 33.3294029236 0.142129600048
0.0 0.0 33.8980941772 0.108194835484
0.0 0.0 34.4826164246 0.111697919667
0.0 0.0 34.996887207 0.0992439910769
0.0 0.0 32.7769126892 0.0851447358727
0.0 0.0 31.889875412 0.0776647925377
0.0 0.0 34.5014686584 0.0563567280769
0.0 0.0 33.956401825 0.0746451839805
0.0 0.0 35.1961021423 0.0506144054234
0.0 0.0 33.5891685486 0.0684331282973
0.0 0.0 32.2434844971 0.110392302275
0.0 0.0 31.5717926025 0.108821392059
0.0 0.0 34.3056411743 0.108721524477
0.0 0.0 30.9822425842 0.11434931308
0.0 0.0 31.9415435791 0.148395836353
0.0 0.0 35.0943603516 0.249928176403
0.0 0.0 36.2393417358 0.178795814514
0.0 0.0 43.0317726135 0.462809711695
0.0 0.0 38.2384757996 0.0
0.0 0.0 54.9582901001 0.0
0.0 0.0 52.7788658142 0.0
0.0 0.0 68.4437942505 0.0
0.0 0.0 54.7368125916 0.0
0.0 0.0 63.1912994385 0.0
0.0 0.0 43.1293716431 0.0
0.0 0.0 47.2075386047 0.349093228579
0.0 0.0 37.8113708496 0.0
0.0 0.0 37.1694946289 0.157207071781
0.0 0.0 39.2642173767 0.163610503078
0.0 0.0 37.5152244568 0.177943632007
0.0 0.0 37.1738777161 0.081590436399
0.0 0.0 35.6867828369 0.152868658304
0.0 0.0 34.0277862549 0.0987611338496
0.0 0.0 34.0551681519 0.09886521101
0.0 0.0 34.2364234924 0.0878497138619
0.0 0.0 31.8639221191 0.100178405643
0.0 0.0 34.6140136719 0.170893713832
0.0 0.0 37.0022315979 0.153909787536
0.0 0.0 36.8252868652 0.174493610859
0.0 0.0 33.1698493958 0.0812175422907
0.0 0.0 32.0346717834 0.0889328792691
0.0 0.0 32.4735908508 0.0584838800132
0.0 0.0 33.4838294983 0.121326155961
0.0 0.0 33.9315681458 0.144066974521
0.0 0.0 34.1153373718 0.149854451418
0.0 0.0 32.5754203796 0.210755005479
0.0 0.0 35.7438697815 0.256941914558
0.0 0.0 41.5393371582 0.0
0.0 0.0 48.1081886292 0.0
0.0 0.0 53.4250297546 0.0
0.0 0.0 70.2310256958 0.0
0.0 0.0 62.8016548157 0.0
0.0 0.0 48.555316925 0.0
0.0 0.0 43.1115455627 0.0
0.0 0.0 39.33152771 0.0
0.0 0.0 40.4562911987 0.0
0.0 0.0 42.7679290771 0.360521018505
0.0 0.0 40.413318634 0.202995762229
0.0 0.0 39.909412384 0.171928882599
0.0 0.0 32.523601532 0.255890727043
0.0 0.0 34.9395484924 0.173927843571
0.0 0.0 43.2775802612 0.209102511406
0.0 0.0 36.1445350647 0.13516625762
0.0 0.0 33.4567527771 0.13173365593
0.0 0.0 32.1107215881 0.139995381236
0.0 0.0 40.5911026001 0.0
0.0 0.0 39.564289093 0.0
0.0 0.0 43.3611602783 0.153815001249
0.0 0.0 35.3433532715 0.128019914031
0.0 0.0 33.6607093811 0.101015053689
0.0 0.0 36.0642967224 0.166974022985
0.0 0.0 38.9857788086 0.0
0.0 0.0 39.5739212036 0.205390676856
0.0 0.0 35.6078414917 0.0
0.0 0.0 37.7586364746 0.19222253561
0.0 0.0 32.9503326416 0.0811375901103
0.0 0.0 33.090675354 0.164167612791
0.0 0.0 33.3108634949 0.157871633768
0.0 0.0 33.4327774048 0.103846624494
0.0 0.0 31.9448833466 0.206435993314
0.0 0.0 34.0569572449 0.145763754845
0.0 0.0 37.8902511597 0.305379271507
0.0 0.0 38.0702133179 0.0
0.0 0.0 43.1080932617 0.0
0.0 0.0 39.3495483398 0.0
0.0 0.0 46.9435119629 0.0
0.0 0.0 39.4870567322 0.0
0.0 0.0 42.3179168701 0.189183413982
0.0 0.0 34.5851707458 0.157343119383
0.0 0.0 33.6612243652 0.0907610356808
0.0 0.0 38.4380950928 0.31544187665
0.0 0.0 40.2018547058 0.0
0.0 0.0 47.4073028564 0.0
0.0 0.0 61.4768676758 0.0
0.0 0.0 161.945678711 0.0
0.0 0.0 172.606994629 0.0
0.0 0.0 533.004272461 0.0
0.0 0.0 817.050720215 0.0
0.0 0.0 551.179077148 0.0
0.0 0.0 146.455322266 0.0
0.0 0.0 79.4627532959 0.341422021389
0.0 0.0 81.969581604 0.0
0.0 0.0 159.886825562 0.0
0.0 0.0 172.600143433 0.0
0.0 0.0 269.67755127 0.0
0.0 0.0 183.157440186 0.0
0.0 0.0 468.315155029 0.0
0.0 0.0 900.469421387 0.0
0.0 0.0 673.929748535 0.0
0.0 0.0 551.767272949 0.315948784351
0.0 0.0 603.99230957 0.0
0.0 0.0 337.264373779 0.0
0.0 0.0 236.154556274 0.0
0.0 0.0 109.785148621 0.0
0.0 0.0 125.763038635 0.0
0.0 0.0 57.4869613647 0.0
0.0 0.0 73.7053451538 0.0
0.0 0.0 55.1535301208 0.0
0.0 0.0 47.5596961975 0.244405627251
0.0 0.0 55.4184036255 0.340188026428
0.0 0.0 174.313217163 0.0
0.0 0.0 314.73638916 0.540729522705
107.811851501 1.0 1152.41992188 0.7299695611
108.101295471 1.0 2514.78588867 0.841590285301
107.396018982 1.0 2658.93579102 0.977923691273
108.304473877 1.0 2721.97094727 0.98771995306
109.554344177 1.0 2764.58276367 0.976769506931
111.701316833 1.0 2796.58642578 0.979906260967
113.878707886 1.0 2788.76025391 0.987873792648
115.923416138 1.0 2790.75488281 0.992880403996
117.042243958 1.0 2773.0690918 0.991659700871
118.016281128 1.0 2758.72460938 0.995943367481
117.327377319 1.0 2757.55737305 0.973275065422
113.878952026 1.0 2764.68066406 0.913668692112
111.361953735 1.0 2757.88549805 0.930334448814
109.042266846 1.0 2521.29418945 0.887881219387
112.644050598 1.0 1866.67089844 0.731477379799
111.855140686 1.0 1670.4185791 0.610431015491
127.490203857 1.0 1153.24645996 0.251670747995
113.555183411 1.0 611.926696777 0.41031947732
119.995201111 1.0 1304.41894531 0.526339769363
115.522872925 1.0 2350.61938477 0.688567817211
118.631141663 1.0 2335.9543457 0.831427097321
118.008888245 1.0 2504.03442383 0.921027541161
118.918617249 1.0 2665.28271484 0.976355969906
117.953491211 1.0 2772.39501953 0.99746131897
118.011360168 1.0 2793.25097656 0.998256623745
117.788085938 1.0 2800.47216797 0.998349905014
117.529899597 1.0 2754.47949219 0.995580375195
116.840530396 1.0 2703.6706543 0.995805263519
116.109344482 1.0 2660.65014648 0.994201660156
115.106941223 1.0 2643.96337891 0.99715834856
114.469947815 1.0 2646.04003906 0.998008906841
113.799003601 1.0 2657.25146484 0.995844066143
113.138916016 1.0 2666.64868164 0.994278132915
112.149765015 1.0 2665.52050781 0.987943291664
110.457809448 1.0 2680.0065918 0.976642549038
109.183174133 1.0 2645.93969727 0.91258084774
108.340736389 1.0 2631.43652344 0.691139578819
109.780235291 1.0 2326.85986328 0.41060885787
118.372413635 1.0 2022.46435547 0.278209239244
103.559638977 1.0 2303.01953125 0.5027140975
111.204536438 1.0 2322.0546875 0.668932855129
110.398834229 1.0 2404.85180664 0.903924643993
111.980796814 1.0 2238.81762695 0.9873239398
111.131820679 1.0 2306.84033203 0.996343314648
111.081535339 1.0 2269.41772461 0.997058272362
110.281600952 1.0 2250.93481445 0.996922075748
109.951622009 1.0 2235.49145508 0.99624812603
109.170524597 1.0 2277.86352539 0.993978917599
107.80014801 1.0 2372.4152832 0.957175076008
106.045791626 1.0 2485.5625 0.935603380203
103.588951111 1.0 2837.08642578 0.943909049034
101.200698853 1.0 2684.99389648 0.960775434971
99.0997238159 1.0 2637.49584961 0.940132796764
98.706199646 1.0 2456.81787109 0.865614175797
101.383041382 1.0 1984.36364746 0.650341629982
107.827156067 1.0 1981.17919922 0.492362320423
106.303291321 1.0 1593.38146973 0.39420029521
105.181900024 1.0 1858.63012695 0.680847465992
109.475036621 1.0 1802.48583984 0.799818754196
111.181793213 1.0 2273.81738281 0.890739798546
110.849060059 1.0 2367.79125977 0.924537241459
111.442146301 1.0 2633.49121094 0.979268312454
111.341835022 1.0 2488.25805664 0.98581045866
109.846252441 1.0 2218.82373047 0.966504096985
106.753463745 1.0 2140.58520508 0.948557853699
103.963722229 1.0 2056.59521484 0.959686696529
101.105888367 1.0 1898.17114258 0.940257787704
99.7121047974 1.0 1698.57373047 0.843488395214
97.2639389038 1.0 1552.24609375 0.793185055256
93.4243621826 1.0 1167.78417969 0.745770812035
100.941764832 1.0 496.431243896 0.793082594872
0.0 0.0 258.203796387 0.550937950611
0.0 0.0 159.038986206 0.0
0.0 0.0 120.892677307 0.737451612949
0.0 0.0 88.0816955566 0.377484709024
0.0 0.0 485.179199219 0.571846365929
92.5747451782 1.0 1454.75634766 0.718550503254
88.2242279053 1.0 1160.66345215 0.776857078075
85.0248031616 1.0 1157.40344238 0.9564037323
86.5231933594 1.0 1069.81982422 0.958836257458
88.2946014404 1.0 999.299560547 0.961196124554
89.5848999023 1.0 981.100769043 0.983192563057
89.0992355347 1.0 1009.16870117 0.973203241825
87.8388290405 1.0 1029.11621094 0.910593688488
88.3384399414 1.0 970.651733398 0.575083494186
0.0 0.0 862.190673828 0.0
0.0 0.0 644.250183105 0.0
0.0 0.0 829.046386719 0.0
0.0 0.0 411.099639893 0.0
0.0 0.0 555.901733398 0.0
0.0 0.0 653.981445313 0.26640689373
0.0 0.0 779.31036377 0.499351382256
0.0 0.0 1546.19848633 0.617485761642
0.0 0.0 1664.67749023 0.776812076569
0.0 0.0 1630.1628418 0.709083199501
0.0 0.0 1233.99780273 0.704419076443
0.0 0.0 496.057067871 0.439003556967
0.0 0.0 90.1504364014 0.234711155295
0.0 0.0 71.2543334961 0.0
0.0 0.0 145.541046143 0.0
0.0 0.0 191.462524414 0.0
0.0 0.0 105.211235046 0.0
0.0 0.0 153.618499756 0.394581586123
0.0 0.0 149.455337524 0.552873015404
0.0 0.0 263.155334473 0.638343214989
101.372756958 1.0 1436.29284668 0.748300790787
97.4799346924 1.0 2504.92236328 0.749953210354
96.8719024658 1.0 2576.72387695 0.835533261299
92.4925613403 1.0 2560.90844727 0.589883685112
0.0 0.0 1875.10974121 0.446849763393
0.0 0.0 2057.32739258 0.0
0.0 0.0 920.844360352 0.443576395512
0.0 0.0 376.617370605 0.519654214382
0.0 0.0 937.786376953 0.603498280048
98.2634048462 1.0 2033.12890625 0.710088729858
97.5017547607 1.0 2615.27124023 0.940696716309
97.2853546143 1.0 2355.93774414 0.990058481693
97.6319503784 1.0 2070.50463867 0.98650676012
98.4544296265 1.0 2016.10925293 0.981804192066
99.1086578369 1.0 1971.63647461 0.983616232872
99.9013824463 1.0 1832.07446289 0.971307635307
101.377693176 1.0 1663.99047852 0.826098322868
0.0 0.0 1385.68994141 0.500810980797
0.0 0.0 1403.13342285 0.21964623034
0.0 0.0 1057.46789551 0.0
0.0 0.0 1107.24499512 0.190305456519
0.0 0.0 1160.62060547 0.0
0.0 0.0 1211.66479492 0.0
0.0 0.0 1849.17138672 0.0
0.0 0.0 820.27142334 0.0
0.0 0.0 797.40045166 0.0
0.0 0.0 378.882843018 0.0
0.0 0.0 416.367034912 0.561762988567
0.0 0.0 225.405029297 0.0
0.0 0.0 136.212677002 0.18631067872
0.0 0.0 443.995788574 0.697070121765
111.404342651 1.0 1363.40686035 0.820566117764
111.500732422 1.0 2488.96801758 0.921782076359
109.494567871 1.0 2728.34228516 0.971522092819
107.644119263 1.0 2792.88061523 0.865985751152
107.262580872 1.0 2792.18212891 0.709803283215
0.0 0.0 2384.62744141 0.324134021997
0.0 0.0 2171.04736328 0.255120396614
0.0 0.0 2084.28051758 0.0
0.0 0.0 532.89263916 0.0
0.0 0.0 499.286193848 0.0
0.0 0.0 306.775848389 0.0
0.0 0.0 448.194335938 0.0
0.0 0.0 866.331298828 0.51258045435
110.791091919 1.0 1372.3125 0.749113023281
109.519088745 1.0 2285.75439453 0.931421756744
107.083381653 1.0 2602.14038086 0.964279055595
104.956764221 1.0 2640.79467773 0.958907902241
102.133499146 1.0 2666.88891602 0.929452300072
98.7999801636 1.0 2633.22045898 0.926053166389
96.3622131348 1.0 2568.58544922 0.971112668514
94.8549575806 1.0 2515.19506836 0.995416283607
94.1871185303 1.0 2489.2175293 0.996933341026
93.5243911743 1.0 2465.65405273 0.994666516781
92.6497573853 1.0 2484.09619141 0.992358446121
91.866027832 1.0 2457.88208008 0.98970323801
92.6433486938 1.0 2407.50415039 0.94012761116
93.1837387085 1.0 2204.65527344 0.928979575634
95.6905212402 1.0 1890.06201172 0.84992390871
0.0 0.0 1781.46923828 0.490054547787
0.0 0.0 1485.8248291 0.0
0.0 0.0 1260.21960449 0.0
0.0 0.0 1710.00500488 0.0
0.0 0.0 1269.0526123 0.0
0.0 0.0 1543.42590332 0.0
0.0 0.0 1186.25500488 0.206142485142
0.0 0.0 1802.5670166 0.521186709404
0.0 0.0 1245.65515137 0.672423243523
0.0 0.0 1409.73217773 0.679008126259
0.0 0.0 1724.10681152 0.799042642117
0.0 0.0 1230.6184082 0.684386730194
0.0 0.0 600.201782227 0.0
0.0 0.0 130.546234131 0.0
0.0 0.0 171.983047485 0.0
0.0 0.0 124.053573608 0.0
0.0 0.0 149.690032959 0.0
0.0 0.0 77.772605896 0.0
0.0 0.0 47.1112251282 0.0
0.0 0.0 45.7840385437 0.471253335476
0.0 0.0 37.6541061401 0.0
0.0 0.0 51.0142631531 0.0
0.0 0.0 62.6236724854 0.0
0.0 0.0 119.969779968 0.0
0.0 0.0 317.181365967 0.0
0.0 0.0 268.784790039 0.130488529801
0.0 0.0 526.199829102 0.680436551571
110.331848145 1.0 2064.5300293 0.791794002056
109.793792725 1.0 2863.26708984 0.940845906734
109.652580261 1.0 2875.65307617 0.969163715839
110.8983078 1.0 2817.57739258 0.960640311241
113.754302979 1.0 2451.96826172 0.923871517181
116.584968567 1.0 1986.77429199 0.668964028358
0.0 0.0 1528.63562012 0.531856536865
0.0 0.0 1407.96569824 0.317409515381
0.0 0.0 695.596435547 0.0
0.0 0.0 277.594055176 0.0
0.0 0.0 239.32484436 0.0
0.0 0.0 271.416046143 0.0
0.0 0.0 75.015335083 0.0
0.0 0.0 58.9233131409 0.0
0.0 0.0 93.5408325195 0.0
0.0 0.0 271.762664795 0.0
0.0 0.0 239.336486816 0.0
0.0 0.0 247.306716919 0.0
0.0 0.0 277.440887451 0.0
0.0 0.0 109.975646973 0.0
0.0 0.0 98.9334106445 0.0
0.0 0.0 39.7618484497 0.0
0.0 0.0 73.3721008301 0.0
0.0 0.0 83.7052841187 0.0
0.0 0.0 76.6374893188 0.0
0.0 0.0 66.8381652832 0.0
0.0 0.0 43.7673377991 0.0
0.0 0.0 96.7089004517 0.0
0.0 0.0 100.567733765 0.0
0.0 0.0 90.0911712646 0.0
0.0 0.0 129.396224976 0.0
0.0 0.0 96.6240997314 0.0
0.0 0.0 157.919555664 0.0
0.0 0.0 106.097343445 0.0
0.0 0.0 98.5273590088 0.0
0.0 0.0 84.2274093628 0.0
0.0 0.0 85.6899108887 0.0
0.0 0.0 82.4221878052 0.0
0.0 0.0 117.323356628 0.0
0.0 0.0 70.6242218018 0.0
0.0 0.0 78.4300384521 0.0
0.0 0.0 37.4172821045 0.230644583702
0.0 0.0 38.3614730835 0.0
0.0 0.0 38.991394043 0.0
0.0 0.0 81.9351806641 0.0
0.0 0.0 72.0233001709 0.0
0.0 0.0 81.3166885376 0.0
0.0 0.0 67.0126113892 0.0
0.0 0.0 53.7534980774 0.0
0.0 0.0 69.3734512329 0.0
0.0 0.0 40.8137817383 0.0
0.0 0.0 37.4571914673 0.126689761877
0.0 0.0 33.2988548279 0.121245831251
0.0 0.0 34.2864189148 0.0752509087324
0.0 0.0 35.1862754822 0.112104728818
0.0 0.0 32.9967308044 0.107810527086
0.0 0.0 33.0596580505 0.0
0.0 0.0 37.1719894409 0.0
0.0 0.0 48.6499557495 0.0
0.0 0.0 76.6118927002 0.0
0.0 0.0 111.550636292 0.0
0.0 0.0 90.981552124 0.0
0.0 0.0 81.4889602661 0.0
0.0 0.0 80.3023071289 0.0
0.0 0.0 69.0866775513 0.0
0.0 0.0 75.2990341187 0.0
0.0 0.0 92.6672897339 0.0
0.0 0.0 79.034576416 0.0
0.0 0.0 112.136421204 0.0
0.0 0.0 150.273788452 0.0
0.0 0.0 109.676986694 0.0
0.0 0.0 155.105957031 0.0
0.0 0.0 85.0871429443 0.0
0.0 0.0 95.8213653564 0.0
0.0 0.0 41.2709503174 0.0
0.0 0.0 33.478012085 0.177574336529
0.0 0.0 27.6874542236 0.0
0.0 0.0 23.946313858 0.0
0.0 0.0 33.2375144958 0.0
0.0 0.0 26.0645637512 0.0563902333379
0.0 0.0 25.1521530151 0.0556979700923
0.0 0.0 29.1332893372 0.0
0.0 0.0 37.4178886414 0.0
0.0 0.0 63.6479721069 0.0
0.0 0.0 50.2163925171 0.0
0.0 0.0 44.627822876 0.0
0.0 0.0 37.152179718 0.0
0.0 0.0 36.7173271179 0.152966335416
0.0 0.0 47.1241989136 0.0
0.0 0.0 41.0275001526 0.0
0.0 0.0 37.3317260742 0.0808112621307
0.0 0.0 36.2407722473 0.0963540524244
0.0 0.0 32.3724555969 0.0868171229959
0.0 0.0 34.1818580627 0.0
0.0 0.0 38.0348968506 0.235726237297
0.0 0.0 38.7064666748 0.271351963282
0.0 0.0 42.7456092834 0.354239135981
0.0 0.0 38.5487251282 0.0
0.0 0.0 49.8693313599 0.0
0.0 0.0 49.8722610474 0.0
0.0 0.0 37.5043830872 0.0
0.0 0.0 42.6093215942 0.0
0.0 0.0 55.5794410706 0.0
0.0 0.0 47.0055160522 0.0
0.0 0.0 40.9168395996 0.0
0.0 0.0 45.3488845825 0.0
0.0 0.0 92.3277664185 0.0
0.0 0.0 78.9033279419 0.0
0.0 0.0 91.5950622559 0.0
0.0 0.0 73.1570510864 0.0
0.0 0.0 105.394874573 0.0
0.0 0.0 76.4270629883 0.0
0.0 0.0 37.4723739624 0.0
0.0 0.0 56.7347755432 0.0
0.0 0.0 41.3434371948 0.0
0.0 0.0 32.5815200806 0.0
0.0 0.0 30.2751216888 0.0
0.0 0.0 33.3311538696 0.0
0.0 0.0 38.3401908875 0.0
0.0 0.0 32.7274971008 0.0
0.0 0.0 27.0538692474 0.0748640298843
0.0 0.0 29.2002220154 0.113934226334
0.0 0.0 30.7044715881 0.0957106798887
0.0 0.0 33.9239578247 0.0820544585586
0.0 0.0 33.718837738 0.0932846665382
0.0 0.0 35.270324707 0.0605685710907
0.0 0.0 35.690826416 0.185539752245
0.0 0.0 37.9879646301 0.0
0.0 0.0 45.575088501 0.0
0.0 0.0 39.3536605835 0.0
0.0 0.0 40.1530265808 0.218499332666
0.0 0.0 39.6300621033 0.332589477301
0.0 0.0 36.3552360535 0.0
0.0 0.0 47.5081558228 0.0
0.0 0.0 44.7283935547 0.0
0.0 0.0 62.0561103821 0.0
0.0 0.0 61.1809082031 0.0
0.0 0.0 59.2791786194 0.0
0.0 0.0 51.6185646057 0.403370171785
0.0 0.0 44.606678009 0.0
0.0 0.0 40.6632652283 0.0
0.0 0.0 37.5899085999 0.0
0.0 0.0 73.4931488037 0.0
0.0 0.0 77.5129547119 0.0
0.0 0.0 62.8753623962 0.0
0.0 0.0 99.9209442139 0.33878159523
0.0 0.0 68.2030105591 0.0
0.0 0.0 81.0216751099 0.0
0.0 0.0 263.583190918 0.0
0.0 0.0 200.117385864 0.0
0.0 0.0 130.156188965 0.0
0.0 0.0 99.862663269 0.0
0.0 0.0 28.2317905426 0.0
0.0 0.0 24.7790222168 0.0
0.0 0.0 17.3725280762 0.0
0.0 0.0 11.4690294266 0.352710902691
0.0 0.0 12.2482948303 0.0
0.0 0.0 23.9910507202 0.0
0.0 0.0 45.0036392212 0.0
0.0 0.0 53.4969558716 0.0
0.0 0.0 82.9412765503 0.0
0.0 0.0 51.5882339478 0.0
0.0 0.0 42.3604888916 0.0
0.0 0.0 46.9303016663 0.0
0.0 0.0 57.473903656 0.0
0.0 0.0 46.0225296021 0.0
0.0 0.0 50.3855209351 0.0
0.0 0.0 40.4379386902 0.0
0.0 0.0 61.3958625793 0.0
0.0 0.0 63.2901916504 0.0
0.0 0.0 49.0510025024 0.0
0.0 0.0 49.5554542542 0.0
0.0 0.0 38.8993721008 0.0
0.0 0.0 75.0158691406 0.0
0.0 0.0 77.4761962891 0.0
0.0 0.0 95.8527450562 0.0
0.0 0.0 77.6052017212 0.0
0.0 0.0 59.3639068604 0.0
0.0 0.0 52.259098053 0.0
0.0 0.0 45.2293586731 0.0
0.0 0.0 44.3539619446 0.0
0.0 0.0 38.6207427979 0.0
0.0 0.0 38.1283950806 0.134222894907
0.0 0.0 35.0830307007 0.0
0.0 0.0 42.1654319763 0.0
0.0 0.0 40.1571540833 0.281704068184
0.0 0.0 44.6201477051 0.406923174858
0.0 0.0 47.1195297241 0.302326351404
0.0 0.0 44.2418632507 0.429321050644
0.0 0.0 38.8537406921 0.333078533411
0.0 0.0 39.3773193359 0.0
0.0 0.0 49.7235298157 0.0
